Step Rg Re
0 14.351665511759920335 48.754756441048400006
100 14.34325239365924709 48.483654452199502316
200 14.17617769968146213 47.041266755851097514
300 13.871782370042643251 45.245171638889800647
400 13.457448706134586658 43.029866474665503517
500 12.941481284497747595 40.784795353287002229
600 12.365352621550275813 38.228031776886801651
700 11.746273299114005084 35.643403415157301595
800 11.09596662147246704 32.972207115937202104
900 10.423682368009076882 30.55893560417510102
1000 9.7174563166766532163 27.734881140965299551
1100 8.983391611702980839 24.658721723220999422
1200 8.2325485487783431893 21.798478468114399931
1300 7.4610388863779739665 19.507757333965500379
1400 6.6998972751794179104 17.153728067173599214
1500 5.9745491110482689123 14.064794443056799267
1600 5.2278214039222632437 11.368357130690400325
1700 4.4655194391956776201 9.7339108016194604289
1800 3.7302147599597015315 7.1338540382786197469
1900 3.0613393488443980672 4.886224019440169819
2000 2.5276257964084596352 3.6333182556528100804
2100 2.1845983866747435975 2.2909830300242401968
2200 2.1213866385624009503 2.2482055389561201864
2300 2.1575803883950577244 2.1522001918693201006
2400 2.1351691266212733389 2.3877674934186798872
2500 2.1711128404804234115 3.4111770358758799482
2600 2.1724676948795180742 3.8045798907021302071
2700 2.180149491986217658 4.3852704813055902733
2800 2.2843570075641048689 5.2452213829898202135
2900 2.2454769055615235729 5.9047693304884001364
3000 2.1438242298936422969 5.2313966739211901213
3100 2.1573478633170704022 4.6674156404267401754
3200 2.0794037397677622714 4.5890365178132901391
3300 2.0140664428249976936 4.9048046994228595707
3400 2.0250028416156000688 3.7382824465268100766
3500 2.0288377357979361371 4.4603610812692098264
3600 2.1820493800013345265 5.2989573669670901879
3700 2.2251438830503231792 6.2887259610324797166
3800 2.2562603202202109465 6.2685477125764297313
3900 2.2975616629632371613 6.8494826454145201211
4000 2.2899743406633934484 6.6620557202046901679
4100 2.29551982273735522 5.3455308036052295861
4200 2.3899792715824377254 3.7564211625707999431
4300 2.496176924616304138 3.7940932335125800989
4400 2.5436888094379979108 3.8028036797593798291
4500 2.5527762578064057131 3.0632115873362999459
4600 2.5725825882340238593 2.8930160989477200495
4700 2.5349383353528747165 3.3711262954833900451
4800 2.5031171112285068858 3.9446561662210899435
4900 2.4418686249919816511 4.9355606254777804054
5000 2.5365319812025499679 4.0714892546004701757
5100 2.5152795755393486665 3.8541858580448100646
5200 2.6278752348265115302 2.690645901026610165
5300 2.7598083771090227145 2.483696558686820044
5400 2.9175567755347762144 3.449817939763530017
5500 3.0102717666946636754 4.1974919088759703456
5600 2.8939479031284411903 4.8364295729236799204
5700 2.7828241733753529275 6.5690766970991303353
5800 2.6494204958682021633 6.0038090214739003869
5900 2.4777787663999442103 5.6167947868255296839
6000 2.3448774810378760769 4.2344205911454899649
6100 2.3447570562675976724 3.5549271774136101953
6200 2.302631455321109577 4.2101059647502498962
6300 2.214190666046004452 3.9327486611853101905
6400 2.1662562910105891412 3.6416392467466600635
6500 2.2540576309860771431 3.1015011709902400305
6600 2.1807237128476244514 3.294797090632379799
6700 2.2506207786477094857 3.5942319172403900396
6800 2.3496732378523805806 5.5738018340711796839
6900 2.3403999835460753687 6.2719491330948100583
7000 2.4934255579478494802 6.0346691027563004184
7100 2.5696803406949735304 4.8401294418979503575
7200 2.6010460122502636615 4.3489554256400699828
7300 2.6113720732564353888 3.7946491963524699997
7400 2.6379897411913750815 3.9614777591406600266
7500 2.5755872791395097998 3.636206926761920144
7600 2.6224988984618935461 4.3008232408128099777
7700 2.5870242628156412401 5.2160150278879804375
7800 2.5535291461839402238 6.125934471472030296
7900 2.4495252923072157181 5.5698188053278796517
8000 2.4201451767475563592 4.7369931981878199423
8100 2.4035166162566312664 5.5880854335427301294
8200 2.3168733071690978953 4.3584791492323295969
8300 2.207795705372514572 3.1402661187401199605
8400 2.2145690945146587758 3.6446949889410600321
8500 2.1863581773223295102 4.1730734889999601123
8600 2.1886048237826938312 4.4438881500910802913
8700 2.193735225311891579 4.1646069137465602239
8800 2.1709486539098605817 4.6641783370983302959
8900 2.1246577299463402788 3.7155174886064301631
9000 2.0850995903047420121 3.5999270536413301436
9100 2.1560936895351727749 3.8777101756689598133
9200 2.1787820835786488871 3.9884053932096099615
9300 2.2478129640454018734 2.4646199860061099862
9400 2.2613995750031574694 1.8949080795293400392
9500 2.19871254456492915 1.9591435295786499005
9600 2.0872215171359767005 1.4738881244970700735
9700 1.9715241621242600711 2.0689899209645599143
9800 2.0813818798219245743 3.2210231390296502063
9900 2.0923418694146298513 3.0135082807234900848
10000 2.1350053847973913257 2.8164200735630400274
10100 2.236709151448866173 1.8582656635800600675
10200 2.2833342962670268861 1.862522467359220002
10300 2.3201385967899250673 2.8597238158448199385
10400 2.2108091127565105971 2.7681571656533998649
10500 2.1785275997381394752 3.1528856308630301974
10600 2.229080479204875509 2.7769777588124200385
10700 2.2361581285155645027 2.6934731005535401671
10800 2.1516924454698087565 3.7072438687772200083
10900 2.1773094822552327976 3.739130391473830084
11000 2.3054547376083776022 3.765218029617659834
11100 2.281276160196929137 4.3893694636786504404
11200 2.2304328080675652757 4.492451287548390404
11300 2.2568433628772375243 4.0675854796698098781
11400 2.2609170986262059344 3.8100556462722701134
11500 2.2440326232350260582 3.1964492052013397938
11600 2.129680161531260385 1.9687395054024399155
11700 2.049955989470605644 1.2582471758539099937
11800 2.0709627483358046263 1.5230788183878900544
11900 2.1971109748225288172 2.3449209372442099131
12000 2.350302351956805591 3.2067980745450901381
12100 2.4502984934405103168 3.367221854735579889
12200 2.4075424124987008234 2.9399700906706600634
12300 2.427412812004466236 2.508454406326989794
12400 2.4216407853269488193 2.2403014706154800173
12500 2.327399454993892558 2.1522817151933599789
12600 2.3332628797898813389 2.2446865916548102149
12700 2.3374444749897804741 2.124180666506279902
12800 2.4371976133879651449 1.9712759317707899687
12900 2.4062983296790370069 1.936777092162639935
13000 2.3500517836872170108 1.6037446712993399522
13100 2.2708652925702947911 1.6254141765966199085
13200 2.1570322161730421939 2.8216753324090801947
13300 2.086767423222469553 4.0426342733503899396
13400 2.0950205884469581541 2.9192599614137999531
13500 2.0964335073781881214 2.525230182065259843
13600 2.0414061606984432728 2.8076809563702798123
13700 2.0066137583817984513 2.491886286495700098
13800 2.0131546364182288933 3.5068435459806299725
13900 2.0282051143656381065 3.7645779637284499941
14000 2.1850084192992405008 3.1541728231938401805
14100 2.2677150756758615024 1.8237026700252398914
14200 2.2560286800803837082 1.5841675394323699866
14300 2.1368161804149385929 2.2454356536422199753
14400 2.1675128008545283542 1.8947003095622199087
14500 2.043073580315215132 1.4609145159012999482
14600 1.9297336012020664953 2.2773410560107101297
14700 1.9421282526108210043 1.3208561877249500593
14800 1.9275625189983232044 1.583970417851970014
14900 2.0520067405193098686 2.5519950396936499359
15000 2.0917825391452531392 2.8175169961371100413
15100 2.1250711969228390785 2.8867536213061799621
15200 2.2016760249525058057 3.7143116650045198135
15300 2.1161523635178691727 3.0764718186189399241
15400 2.0280306181990037651 2.2475553198183702008
15500 1.9888812123938455212 1.0991040454920699698
15600 2.0736175016288314055 1.7464172836659399568
15700 2.0681644052723120453 2.3258016579487001962
15800 2.0066652021921953519 2.4370027087355099482
15900 2.0762552590904492789 2.4489465119359201672
16000 2.1124237576745859002 2.7867315984622598179
16100 2.1339554348504403691 2.1495794643377701405
16200 2.0971281293128680723 2.7593996109339400391
16300 2.1554298897652106604 2.8517901518908801428
16400 2.1294257220097039252 3.2088788029833099635
16500 2.0927577440563776001 2.8867472938543699001
16600 2.2113324360353225906 2.9812006658924898872
16700 2.2570819853304313618 2.3134713938769602137
16800 2.1998570847838885278 1.5763445950788999017
16900 2.1091077991085227517 1.2528639311008800128
17000 2.1137425801856295493 2.1152616493857401281
17100 2.1671422254581789169 2.3873968552556901201
17200 2.1096872204710828136 2.197496533597440127
17300 2.063028640320634377 2.2866501484030501423
17400 2.123649193460758422 3.0781513439887300265
17500 2.1322024052981340958 2.9668121501881601354
17600 2.114922341841952047 2.7797687155913402002
17700 2.0677507994529928936 2.429824132538750181
17800 1.9553505566507327629 2.2010286397333600483
17900 2.038666506844057924 2.2469536122286402069
18000 2.1255340134238638328 2.8687049017457599831
18100 2.1351203232899642614 3.2034289293570599177
18200 2.1496438852337176328 2.861372263029689833
18300 2.0613516348409732792 2.2424757436930700116
18400 2.0182177117546649114 1.4569803306026500866
18500 2.0343530632025212945 1.8352749822376899225
18600 1.9771330668025590693 1.9174285192173798897
18700 2.007212479119523163 2.7584487022764201392
18800 1.9686484510074655496 2.4686996472177797912
18900 2.0232064606955026953 1.7745921125846699784
19000 2.0032033316124526756 1.9078996244931401005
19100 2.0829947073039898342 2.3344108351939700796
19200 2.0891816474673774451 1.780031034290610048
19300 2.0066818680503160088 2.312153380329899921
19400 1.9859451833171388735 1.868542526252680025
19500 1.9239407425671120055 1.7651328380336899215
19600 1.9611341305204441632 1.5615766124702699091
19700 2.0160648972891492825 1.0902595329563300464
19800 1.9699446633571160437 1.1348337723974599722
19900 1.9764763838482031222 1.1560801576072901042
20000 1.9511795465889945067 1.1580305750280599497
20100 1.9464155615944342959 1.0186881456622600695
20200 2.0217797930940655249 1.1167172912154499365
20300 1.9487182594107135269 1.1031497077305800758
20400 1.921413111727091394 1.4195291744901199493
20500 1.9755248002870042789 1.1224447116180100714
20600 1.9340646254881461719 1.6867002527432100045
20700 2.0283080446329622148 1.0903143361280800416
20800 2.0910621975952863316 1.176695346818090071
20900 2.114485603173462902 1.1222726656974200132
21000 2.0805051685845326048 1.1758617823856500895
21100 2.0929282690994353011 1.5356749091998400658
21200 2.0942435647725048398 2.6172228763305698251
21300 2.0954010086203664898 2.9682390487205099205
21400 2.0119021722727103985 2.556447678531700074
21500 1.960983949088158651 1.9986951125947300945
21600 2.0434185064821805966 2.5173172911662597961
21700 2.0331229185546031424 2.164878037806829969
21800 2.0487216335644098386 2.2368792336107499175
21900 2.0646974124319119603 1.8340125764438799383
22000 2.0631920369460972076 1.7737752553639500874
22100 2.0795365286435014696 1.7919197858501398901
22200 2.0010825498860644878 1.8692472995187199292
22300 1.9604148160344283536 1.8971373396236899111
22400 2.0029014115937378016 1.4425087780029299811
22500 2.0108206433232047594 1.206420886446240015
22600 1.9880408483385083596 1.1765010468653600562
22700 2.0277017201720730633 1.4863900118198500877
22800 1.9720006635729843136 1.3954838100895299302
22900 1.9938168747764413169 1.7000730035949100927
23000 2.0404046895259697614 1.8133665741857600828
23100 2.0407621576329453283 1.4844917172581000298
23200 2.0104491730317661791 1.1748221140512000726
23300 2.0030519098042596227 1.5080825072980099666
23400 1.9754189116560354478 1.1643886259909399516
23500 1.9905439788315377747 1.1794315121489200582
23600 1.9943290131782569485 1.2706714416154301084
23700 2.0713728285308024013 1.6683417873160200084
23800 2.1355688922179343336 1.2293296096182400046
23900 2.1814910170737111805 1.2371909945849399737
24000 2.1080494922086230325 1.8864507415475999519
24100 2.0825497333665823341 2.2954546998113398715
24200 2.0964594971130185996 3.120409804969550116
24300 2.1372476674154770038 2.9111740194237500923
24400 2.0952723268839394954 1.9871587440488300835
24500 2.0277787626452314917 2.2616902165768801858
24600 1.9122970323327441733 1.9450014511128599359
24700 1.9777740840181334825 2.5131258919387300388
24800 2.0661060608530359417 2.7191877374327200201
24900 2.0894817228466573411 1.9003026967974900874
25000 2.1469788917279957197 2.0950252769716799506
25100 2.1236486108199410516 2.2479437496293401821
25200 2.1009227960269298841 1.8250621559517798964
25300 2.0581423025730938292 2.7057134382639600467
25400 2.1118443455665008024 2.7031476929329598669
25500 2.0343802537400259567 3.1618749597232498338
25600 2.0745813082855120157 2.7833577460296798911
25700 2.0351774575787620059 1.8512711093285600938
25800 2.1162837294601937188 1.2257332211825000545
25900 2.0497691828014117377 1.2502548477364598956
26000 2.0811827105201246013 2.1240657461958001306
26100 2.0452885624501324635 3.2724214036154100071
26200 2.0081578870658991498 3.6865992320591698395
26300 1.9849445339318385617 3.9794196618606898497
26400 1.9738665072521344168 4.0433891581604397558
26500 1.9770388591182348481 4.1209367728444297185
26600 1.9702316486990010258 3.510468202114430003
26700 2.0443752171735689593 3.3734348412147601159
26800 1.9505307641045772638 2.5250710846778599006
26900 2.0318997426416465224 2.6102281489599299391
27000 1.9300724648588798438 2.701926474901899855
27100 1.958621544647441759 2.7605649031886501099
27200 1.9382807149863590102 2.3191649833899399269
27300 1.9768477735634086834 2.3362048680643701104
27400 1.9271268357010751249 1.9695291100778000715
27500 2.1283721901886578642 2.9165642772730802079
27600 2.1057417821011852332 2.6311505290339298746
27700 2.069466006677813219 2.0175284962993398352
27800 2.0653617235664607499 2.6163457378485599492
27900 2.044510343352221593 3.1613730451233301721
28000 2.052345522137514422 3.2736089390664599996
28100 2.1073181484488801019 2.7285497527915798521
28200 1.9780892733893951085 1.7785174161036501062
28300 2.0245235310771509951 1.4726553269383000355
28400 1.9890482198368157896 1.6169106638300099199
28500 1.9358660097580806525 1.1381039418479799163
28600 1.9886849962704198358 2.8445572862550299043
28700 2.0713793877708295277 4.0059298106757399438
28800 2.1499822184856647311 5.5401669593035096639
28900 2.0818611601059737737 4.9168614550091698234
29000 2.0294516597080582976 4.7826375771615801114
29100 1.9696583791855504231 3.1953329947461202032
29200 1.9226641827282948682 2.4589861240754498084
29300 1.9014092870197147889 1.8516277455360499182
29400 1.9462070104499873402 2.0435476648602599603
29500 1.911248741828049269 2.4219242172190300622
29600 1.9793999223707769985 2.8006485612693898801
29700 1.9693426350423388627 2.9858667959581901563
29800 1.9359157766937171719 3.49795605454569003
29900 1.991800119344275366 4.6319213805356600488
30000 2.0112238669946549408 4.6546433033524197143
30100 1.9994637319649000151 4.9997204871644500557
30200 2.0098019730767995306 4.9387304482589096111
30300 1.9613220154615866875 4.7043433415187800861
30400 2.0472094557132618498 4.970822252336270175
30500 2.006978775816378846 4.7108828504299795625
30600 1.9983997306131513483 4.4296312436214400066
30700 1.9337020273214535759 3.5265320165082498782
30800 1.9235166348295837935 3.7001159419565401443
30900 2.0444538056939629556 3.4485454670636901398
31000 2.0791177285214730297 3.4241978683727598565
31100 2.1364914922126598817 4.4279604334844400171
31200 2.0532404799244696747 3.4908803280485298792
31300 1.9767382515159024337 2.6820649576741200093
31400 1.909845296719444141 2.9427825984371600576
31500 1.9364227587239413175 3.4394355311972097944
31600 1.8835478973157016025 2.3998408788621898857
31700 1.9396919444124729459 3.2405546660660098368
31800 1.9638038159367554591 3.7109765431752599341
31900 1.9516676536369466088 3.4477964687269500033
32000 1.9687303041203618736 3.8419809584084498866
32100 1.9455084786229708271 4.0418268479197996257
32200 1.9880486264283783182 4.2314275247239203637
32300 2.0152606563580874877 4.4279213845511202763
32400 2.0539405494960369936 4.4456257547906803396
32500 2.0082529904981720748 3.6265827944049697784
32600 2.0591258646611723115 3.99525621585853008
32700 2.0540516803577517635 4.6574513089050997294
32800 2.0088403173362530119 4.1289625370480802502
32900 1.9651273231952723908 3.0669630660951998635
33000 1.9713644555146283555 3.2534519692305599037
33100 1.9684892954651203034 2.5723833907942301735
33200 2.0458679380078872434 2.3460703632988799683
33300 2.1136844306488162815 1.9640317685625801047
33400 2.0573399267007528302 1.9398084513454501021
33500 2.0740133921125805117 2.1607756917137899144
33600 2.064561063798191487 2.4700259949177700847
33700 2.0030860915593597937 2.0505553897085198045
33800 2.0651191513663675892 2.3771818028981401838
33900 2.0538872411734572232 3.0945680717030499274
34000 2.0510225150358825097 3.53806274806161003
34100 2.0504537546843422113 4.5222496118149200228
34200 1.9841114190022615116 5.5930441125013601322
34300 1.9944834937951017029 5.2040600188972598872
34400 2.0739113353013034491 4.7309668347707001246
34500 2.1407157058685495343 5.5486581342833698471
34600 2.1690815016710569552 5.8833426849008096937
34700 2.1158599870576928481 5.1257304624565396267
34800 2.068256007534901908 4.190367712714490267
34900 2.0445286559960647033 4.3579493585285700163
35000 1.9999800116488202217 3.3616143820593600289
35100 1.9656609382110228346 2.8944825613125502173
35200 1.9768274920309418796 3.049307811351499975
35300 1.9611847768987580309 3.3558375073610600126
35400 1.9158383732615138495 2.5751789854696300885
35500 1.9243529312433622636 1.2215484462767500773
35600 1.936412888567257351 1.8120373523406700933
35700 1.9854465357883328558 2.2375694715611200714
35800 1.9842718491347306475 3.6504395619627998393
35900 1.8931100242716187854 3.450706113480570103
36000 1.9087954678087113436 2.782306295821950215
36100 1.9765484770572836482 3.2070124048931498706
36200 1.9475089083371801557 3.9279606096628101319
36300 1.9201422588320598006 4.5779448586852602432
36400 1.9135911445845215084 4.8976567766391996273
36500 1.925527722707785383 5.3390571143764100626
36600 1.9732057668392193328 5.0641435856531096249
36700 1.9717268973191524051 4.3205978082997402723
36800 1.9952732566172606266 4.6510792794684103768
36900 1.9228219452831096792 4.7416038695864095587
37000 2.0169947473634208812 5.073115443277959713
37100 2.0430270871011475542 4.6636928800241701509
37200 2.1146761538635368005 4.4198458903550204013
37300 2.064886674459003757 4.9817666891892598002
37400 2.1395967934507660324 4.7940959467929697979
37500 2.1328939798394621619 4.9312993889962903893
37600 2.0731828769941063051 5.2873825626245700704
37700 2.1057932217678092535 5.4429055915589099612
37800 2.1252457160296645 5.8172321536804201259
37900 2.1040604989774003286 5.995720400141570039
38000 2.0273202209361906867 4.8426716229325403873
38100 1.9898111299073109048 4.3273493232764499439
38200 2.0811869149726591743 5.0367417791025497209
38300 2.1074900245442442781 4.5233527329478997459
38400 2.1693017487217116646 5.2910871191775799005
38500 2.0900129490639560714 4.6937537217254998723
38600 2.0626192646531364971 4.6299120113807497034
38700 2.0102435004013141651 3.8046495109289097947
38800 1.9720840925657616705 4.2548386054203097828
38900 1.9580299109876162511 4.916149314491110367
39000 1.9895915927866147932 4.8042682350478198572
39100 1.9760793460362615637 5.1646619176986803268
39200 2.003478198810709543 4.4823183329805900144
39300 1.9841207100685489539 4.0351936353209501007
39400 1.9864064913730969941 3.1411026574239802045
39500 1.9300276676681207277 3.2542877374117100686
39600 1.9085403081555407656 3.0353384631910000913
39700 1.9380329711879984433 2.8556120622119300911
39800 1.9257733845636497705 3.4471071646629400931
39900 1.8522282836883343649 4.0966287173917699249
40000 1.8856738559372023811 4.5061353733916202913
40100 1.8947294082442951435 4.7464436178586497661
40200 1.8943818871974018592 4.0055796169174797683
40300 1.9316637784453956073 3.9839405559231297893
40400 1.932907030068783838 3.588931759379959896
40500 1.8872479574015068593 3.9909148557132501089
40600 1.8870496752968879406 4.582926248872610131
40700 1.8770098408631437081 4.216106714162980218
40800 1.9091142305281318947 3.4961491866269001072
40900 1.8884476754636014828 3.776275190783029867
41000 1.9041852776335914665 3.7555234400946200246
41100 1.9520616140120921056 3.7359109029571699878
41200 1.9032790587111911851 3.5654494743004798707
41300 1.8892237716824480387 3.3315346090289499337
41400 1.8665349851154333649 3.4193455245986399405
41500 1.8739214084908284441 3.2261163271308501699
41600 1.8975196832029770366 3.0900928301418097988
41700 1.9428071768142123332 2.8114667609643197999
41800 1.9244885825668780477 2.6471710690479999251
41900 1.9576721181688232498 2.9845068821399598491
42000 1.9366731071220029126 2.9366950209390099147
42100 1.9352581439244402883 2.5192861487955000577
42200 1.9440017859303762027 2.5568221181000900799
42300 1.8827365393173545183 2.7579423095799597832
42400 1.8984144184466327232 2.7259683090616197987
42500 1.9517153577407191367 2.7685841748603299273
42600 1.9183243530354634476 2.2623774478295901602
42700 1.8669648318815039723 1.8355779888713998904
42800 1.8870068562734350071 2.454531071244979934
42900 1.903154659029981044 2.3988786598894598079
43000 1.9375151443466342993 3.1050720512808300811
43100 1.9168805111763480564 3.5127739192966198623
43200 1.8939438189388615452 2.4830284601502898845
43300 1.9532381994134411229 2.3784297571396701976
43400 1.9412862460462658731 2.5216698713690202105
43500 1.9414215423601306476 2.2682019170137199815
43600 1.9022864476542518108 2.6201544980964102116
43700 1.9414067378034440825 2.7623957493996598167
43800 1.9343036362784602478 2.280067077820659982
43900 1.9230401181570895286 2.0685356087277901871
44000 1.9315263539452158792 1.8106308810784799146
44100 1.9679076101733159465 1.7649659664547299176
44200 2.006951888419920671 1.1922784061801598998
44300 1.8598467521866426377 1.6829538393321399337
44400 1.9189676547199461254 2.1241244414139601737
44500 1.9597599524274531557 2.1356997555984897907
44600 1.9703373980354035311 1.8704104549881799269
44700 1.9296869215467979952 2.0223024429242699718
44800 1.960332606319231008 2.0534442353909398982
44900 1.8900388817519471196 2.1027705113737900078
45000 1.908381573155335742 1.8974142134001099613
45100 1.9057653421325375653 2.5376251698409899582
45200 1.8766456014163543919 2.2651372034391998866
45300 1.8832353580954039884 2.4283398673148299807
45400 1.8285555606894685621 2.375947291005959805
45500 1.8386523602592230731 1.922401592452110064
45600 1.86362644682504075 1.9768908285308499639
45700 1.8411553806807112732 1.4650935086981300426
45800 1.8944193750636668661 1.1281286387466500365
45900 1.8562832268987614626 1.1711130524265600528
46000 1.8315005849050769449 1.122461957670980004
46100 1.8748758988141878135 1.4271971452403999781
46200 1.9277736160204610449 1.2705773550576100472
46300 1.913045291798405545 1.927641503089589925
46400 1.9104641034076845774 1.3838378597852301066
46500 1.8836481138859164641 1.3776553281226100456
46600 1.9041776853730476571 1.7865162266695699955
46700 1.859184364200230366 1.1690814525953499015
46800 1.8404849777843539371 1.0980626640944399774
46900 1.8567104710619861674 1.1110052545564399473
47000 1.9092775201920204609 1.1302790209159800927
47100 1.876632367879650154 1.4500574724239099211
47200 1.9543686038516712156 1.54860573621753006
47300 1.9165285015137312197 1.0271941497469498916
47400 1.9989102990136018434 1.2245012455593300427
47500 1.9242174726751719582 1.1817261342903999655
47600 1.9057096544863760812 1.1348753906831900995
47700 1.9660908584762459839 1.0317963947018500281
47800 1.9070195981482493952 1.1792973513738800317
47900 1.9329037643277626746 1.170827745608020054
48000 1.9207740337914791517 1.0691563563988000229
48100 1.9008874460821383323 1.0866169794511200131
48200 1.8680014743004820232 1.6140943393541400397
48300 1.8873119781337885925 1.8572901113422299879
48400 1.8423622772353469568 1.9156819131505999909
48500 1.8775816458322118763 1.0553372591735799002
48600 1.880209051294833289 1.5336359937767300998
48700 1.910302098432658191 1.190803216118730079
48800 1.9332366443912007981 1.1304107229170499149
48900 1.9091170135248278772 1.4433218405885099855
49000 1.8842771040137578087 1.4071243268153399431
49100 1.9188004938272569255 1.2127198108090899709
49200 1.9331038235005475467 1.2801048767083600399
49300 1.8928336353673334003 1.2920678830737399867
49400 1.8960455279267836026 1.4267472814216999311
49500 1.8699996447695856894 1.6109062590712699414
49600 1.854185619764704418 1.9690727584713199061
49700 1.8704391886844955462 1.8389041150263401025
49800 1.8604560794594202644 2.6675565695211997941
49900 1.8796884385304983844 2.0872602436708200813
50000 1.8094666569287642943 2.10800487596495012
50100 1.8359568631599871846 1.9957659454342600025
50200 1.8432389879734678573 2.1522459227301697915
50300 1.7985992739776666127 1.5336013810883000197
50400 1.8874554374138148294 1.3155151488301499718
50500 1.8846749590699982679 1.4013943304909899368
50600 1.9273703526210097525 1.2321882904886201082
50700 1.9206612001495073638 1.0584275891842400696
50800 1.9028350096316692941 1.2364768429387200666
50900 1.8944267660844273937 1.1413461915881499831
51000 1.8618224102938805142 1.2322416089089700542
51100 1.8461085505226391135 1.0512316069835900834
51200 1.8908841972745698001 2.0807348694219500729
51300 1.886832041234149715 3.102807297149800192
51400 1.8984741636872461967 2.9999919945960300538
51500 1.9456969507701269428 3.3187992511868200651
51600 1.9016987623816481445 3.1220927253064401086
51700 1.8362993021000193483 2.4804376513752601774
51800 1.8800279063274663027 2.208626338709489989
51900 1.8551434056257218863 2.5324975272604000054
52000 1.9434381403154894485 2.3778047538272799599
52100 1.8763632912396424057 2.4790926529663002142
52200 1.8635251071895333475 2.2103249225925698518
52300 1.8426806831909994244 1.7248856733796100738
52400 1.8401284553672090372 1.4170638564946100857
52500 1.8603342994806189026 1.269126469328700102
52600 1.8679074949003497963 1.6189211315360099164
52700 1.8833862610107559021 2.2578380769496599889
52800 1.8689432324529158258 2.1421564881215200415
52900 1.8944128290366375467 2.0763846636676399626
53000 1.8851630351401962304 2.4031956993742800144
53100 1.8975466378766610021 2.2629435499949801525
53200 1.8152727500800784899 2.4815240815104799843
53300 1.8150471705689055213 2.9986888468312797862
53400 1.8359373312010269785 3.1903306088035101595
53500 1.8152205437299115953 2.8110065576166300971
53600 1.8035498929147266711 2.6265638934689601314
53700 1.8413307741930911021 2.6951677522174999346
53800 1.853274053483897621 3.060816872894520202
53900 1.8139229379931975927 2.9266748639847701696
54000 1.8076943008472412533 3.0058907237431400361
54100 1.8304295722551828796 3.3017913586777600798
54200 1.8267649184582219757 3.0344918486692300519
54300 1.8757106822719338268 2.7944483760902301128
54400 1.8189858167088446272 2.3432672212008998081
54500 1.8164865290428291456 2.0332229413340199287
54600 1.8559123508524777435 1.8108265411885400287
54700 1.8364413045999301577 1.8956630264563600896
54800 1.8479441321149920885 1.0399353131393900274
54900 1.8924759255069072417 2.7192197999633100913
55000 1.9190600764475356232 2.6651645563819301721
55100 1.8929131226669921872 1.9376418880971200132
55200 1.8968161847557534205 2.4389760219991099
55300 1.9108398810733218109 1.9080583478988499824
55400 1.828792153949051702 2.0255966959615498979
55500 1.8820496061027376378 1.8277989458887700103
55600 1.8472264554015205285 2.0888004214720701235
55700 1.8757597664497733803 1.8522516440281500127
55800 1.885662920161153 1.8246238672781001089
55900 1.8533243616644832219 2.0316530138514101722
56000 1.8218053151547177748 2.7341887760114000905
56100 1.8351704638790029556 2.8731959895691900897
56200 1.8415174480090084064 2.8200891877613498693
56300 1.8189802674424164763 2.022229506078789818
56400 1.8094517346363665489 1.3327516202683300506
56500 1.8645929094032875906 1.1156703681099100489
56600 1.8791446917430600916 1.1267955495429300417
56700 1.8026718584091065978 1.416764632667599999
56800 1.8006174043975593513 1.1902176004383600016
56900 1.8592161378712335207 1.5288623982485900488
57000 1.8473575270090070166 1.5080465759429200201
57100 1.8688204267431056671 2.0384257552941797975
57200 1.8413078748525177897 2.0655438993582699858
57300 1.852883335282337729 1.8869903379087400452
57400 1.8748429819234906368 2.1737950209431100568
57500 1.903671694786761126 2.3202068393169099636
57600 1.9049194490374152799 2.0500892124190901455
57700 1.9323660839700103065 1.828564330431629914
57800 1.9219798235307867795 2.0067936079893300416
57900 1.8933743847889681344 1.867780872057869912
58000 1.9077254999969612825 1.7237358066766799158
58100 1.9197103753125981385 2.163731509468620029
58200 1.8708496331913644362 1.8841981989399099184
58300 1.899041611973790733 2.8736328573016201027
58400 1.9000287921812808456 2.7668467620958998587
58500 1.9075141325986417762 3.5665819920628099027
58600 1.8344452490236335951 3.4169351646640198084
58700 1.8847372529483004122 3.6883840825784499629
58800 1.7940326868198994692 3.3928237955852500463
58900 1.8390594410497087541 3.4697964088949300177
59000 1.880230855354745545 3.7966917604943399844
59100 1.8680557083345925573 3.66878431479480005
59200 1.8996056267729737321 3.262699847653800056
59300 1.9139867539781258987 2.9275742339451698015
59400 1.8630505552327587537 3.0955500898751098227
59500 1.8848073858282046178 3.5094391200291399358
59600 1.8708618813668387304 2.4016867158573700358
59700 1.8764126503681972657 2.6333874346863699323
59800 1.8774190589731818424 2.833912418522159804
59900 1.9485701485280595424 3.005661637147110099
60000 1.8841217990970160479 3.1737337176508999548
60100 1.9001987286221340145 2.5068507337241698885
60200 1.9383524088046735212 2.5856539488410601457
60300 1.9512777057910684064 3.1246255473805302216
60400 1.9168569990226593802 2.8571845414427898824
60500 1.893857137910825772 3.304096538589860188
60600 1.8390189802672278763 3.9237778119781498987
60700 1.8386026922091063263 3.5843151199163898468
60800 1.8015047328352615796 3.0511637438802101663
60900 1.8442392727440770628 3.6920783400535501784
61000 1.827399469073052618 4.211808895988950141
61100 1.8824367189966950686 4.1722084173100597582
61200 1.8703581475912365306 4.0710200473261197729
61300 1.8996894183586914284 2.6548506800890301349
61400 1.8507259465778385099 2.997714948912070021
61500 1.9100530208644550534 2.8768618218754000715
61600 1.9286373806986751855 2.5172114678893597883
61700 1.8909437036920169195 2.9767972917304401648
61800 1.8820404021217036483 2.8972671929465199092
61900 1.9256064009290858596 2.414137257944439785
62000 1.8970010139418467254 2.4034449965471300636
62100 1.9022250248255043736 2.6573672937046799447
62200 1.8760894058803496698 2.9844417668302898328
62300 1.8121615190529531958 2.939910097093560104
62400 1.8326925973979639739 2.6259431056401401072
62500 1.8753631226472351479 1.9783279418301500385
62600 1.8681132664734145798 2.3572165230237098754
62700 1.8480140861252811746 3.2344969749730800856
62800 1.8312037136357102174 3.4537047217787999465
62900 1.8080845098031070872 2.6484955221792398916
63000 1.8504141114854129047 2.7903981854955000053
63100 1.8634457027937911811 2.4459021690871498578
63200 1.8138446834141253028 2.5908872245898399989
63300 1.8085125618063566666 2.7942326060730500181
63400 1.78778340541993086 2.7339468885781199603
63500 1.8016995126907757729 2.7695331257395099378
63600 1.7900122952028130197 2.3864948689553098227
63700 1.8487395756374513933 1.7943134230631199166
63800 1.8689595724276411026 1.7110760904991300091
63900 1.8082764923897527432 1.9882633839430399192
64000 1.8356909186872243378 1.7956460905926800997
64100 1.801759344503356175 2.1538476211316002207
64200 1.8489740155495704155 2.1763158637903701198
64300 1.8387130936582760654 2.412571120976580108
64400 1.8211892443873283209 2.317100364036409843
64500 1.851930714341394113 2.4022193779853702189
64600 1.8207349786251023627 2.3965209154605999764
64700 1.805917090647514156 2.3711970033614901965
64800 1.841421199321428448 2.9390963530621401212
64900 1.8391561759685151056 2.9202927262051399104
65000 1.8366308095379484389 3.2500692299647200301
65100 1.8074030986377531693 3.3010682314528798642
65200 1.8274218423310779613 3.0198477196981099446
65300 1.7969456250493238691 3.2166565870473600164
65400 1.8583172976636390672 3.19068390485622988
65500 1.9149299950198714892 2.305082341294370174
65600 1.8138278731191563864 2.2952385994425599236
65700 1.8185152511232112182 3.0045664114475898465
65800 1.8572296646266985842 2.6712980420007701454
65900 1.8111925824276078334 2.7983782290584100494
66000 1.8863077435630288825 2.3594740396092301893
66100 1.8825596064186442824 2.0500071242379100944
66200 1.8753558016586444612 2.8521457197804598316
66300 1.840438523483760358 2.5907488677469898697
66400 1.8427396270160603109 2.1747681862069501157
66500 1.8651095579820624604 2.2894329287625199143
66600 1.8667104833073848713 2.1238509347187402021
66700 1.8327733842075579762 1.9216855105769499179
66800 1.8721698112075872977 2.5834201902000399897
66900 1.8333597722642001049 2.3037849456881001053
67000 1.8301314039017266833 2.3735129928844798108
67100 1.8375338220239703091 2.3382017176309202178
67200 1.8340885923183916084 3.100477049808870067
67300 1.8401657252664254116 2.6246371901693299478
67400 1.8667125004843270197 2.8566210779635401451
67500 1.8571866254656885786 2.720639960449370065
67600 1.8991205438767371216 2.7905894270628199827
67700 1.8536009086744895669 3.0322532790031400118
67800 1.891962038613915098 2.7169521775203198111
67900 1.9297938044087472598 2.2825383347835299652
68000 1.9059037187191365526 3.119038606174699968
68100 1.8706198464252803415 3.0003244719237800453
68200 1.8284653167384314898 2.6449892032477499981
68300 1.8371194200042968436 3.1049537571994001439
68400 1.8116203671606108117 3.6254622810180401338
68500 1.8292666619150093066 4.1081873012015401869
68600 1.8614113016318101224 4.1199054267065502444
68700 1.811447430983252449 3.8498973539019298862
68800 1.8045354753173308282 4.027621699025390356
68900 1.8498015759071171349 4.0625983916513304095
69000 1.8202775874238070752 3.0867716666629099187
69100 1.8727945950789890439 3.5042745113664302004
69200 1.8192835748582094624 2.8119961438568101819
69300 1.8227233667088706959 2.5654652128950599099
69400 1.8288231352501889138 2.3890400605864798855
69500 1.8798743537892597111 2.2864289860161099988
69600 1.8135966895535222676 2.1142753399612699283
69700 1.8554874241807959301 1.9964278078660600002
69800 1.903295060506845271 2.2095271995884600003
69900 1.8546280709604905379 1.87581452972808993
70000 1.8984544926292918898 1.4787795071020000126
70100 1.8236178418000634771 1.4613272337642999599
70200 1.8311181280945763028 1.9335702084170700576
70300 1.8282757376526654891 2.76619105271808019
70400 1.8260473860459092155 2.9412217832579798937
70500 1.8508037811223723157 2.7153626997905702112
70600 1.8295327497626188151 2.4019154382833001193
70700 1.8109779164917056971 1.7246073656328000379
70800 1.8039350791336101754 1.521959785282080091
70900 1.8292330681661383984 1.1175285938732000268
71000 1.7936453774193530375 1.2957611287854899906
71100 1.7954178741122224228 1.0469093500603599001
71200 1.818491202459781908 1.5261448522223000079
71300 1.8172178037055346511 1.2144117729814500883
71400 1.7879313445315760944 1.082825051895649926
71500 1.7960273980076446598 1.3579497118894199303
71600 1.775459330774848965 1.0768243092080900247
71700 1.8077764083186318445 1.4899910970510399366
71800 1.8030926559144604404 1.4649412260864600466
71900 1.8190071453312093297 1.8488148062908400515
72000 1.8515484814278713177 1.970780595405710045
72100 1.8353389588427972967 1.9287876946125699362
72200 1.8242897009581402479 2.0663560107390601672
72300 1.837692554749988938 2.1515059596182100066
72400 1.8969679214592545247 2.2016683701961601294
72500 1.8796602561194399872 2.3599806987368601163
72600 1.8105559744913615194 2.0562786976240801096
72700 1.8362624681703767493 2.2701781602793897896
72800 1.8500663813717310724 2.084983193203409968
72900 1.8696150594760840846 2.2439127453799598833
73000 1.845663768163372076 2.5521092373618499138
73100 1.8445009563398588881 2.2129128034715002116
73200 1.8911419201835055759 2.2934738659556002105
73300 1.8998084963411714376 2.378678812435270018
73400 1.9072116365114040182 2.1534788849961499224
73500 1.8579598363598845978 2.2075316254523400517
73600 1.8281679069632745804 1.6173442692536399434
73700 1.7908117962600966777 1.9336450446857800234
73800 1.7989622920345964552 1.0816435895940899048
73900 1.8330750563306767997 1.5458313341487499581
74000 1.8309688398295302925 1.0016224885576399117
74100 1.7744394873263213963 1.4604551830614400654
74200 1.8205114028137696636 1.8329629945558099102
74300 1.796310886629115755 2.0831628808312601109
74400 1.8324531408555462253 2.2457636746095901437
74500 1.7999086013836189668 1.1236274824006799999
74600 1.7948817526755609375 1.0738847234400399344
74700 1.8155079583750082239 1.1060350922950299424
74800 1.8123458492861217461 1.1248854850306500008
74900 1.8190108592797307185 1.3716052501508899653
75000 1.8120323859981699588 1.3067597877393899442
75100 1.7861326652877269616 1.1523550747866400101
75200 1.8178233659230362829 1.0689277569289299397
75300 1.7681712700128329185 1.1446543404205999916
75400 1.851502060883109646 1.1794778510015599959
75500 1.8842905273868364446 1.1935538998183699011
75600 1.8320876027739922964 1.3951355527795499256
75700 1.8152012380506956646 1.6486330719188599936
75800 1.8086555277621778615 1.6763884399260700064
75900 1.8202269017513905691 1.4066068430008000778
76000 1.8399510334995128336 1.1256023493469100583
76100 1.8165476387562042859 1.2893344759217000295
76200 1.8418973636316335885 1.6010535184307299605
76300 1.8581571787682642505 1.7498748818035601005
76400 1.8897428940850178325 1.3162951785165899476
76500 1.8406979406712058456 1.5216570541738700939
76600 1.8196375839568725841 1.3780836040430599621
76700 1.8008908827610716763 1.2016504667978800125
76800 1.8173608924614919058 1.5162640021825899428
76900 1.7972798885284868575 1.1129900626855200318
77000 1.8070546395979125709 1.5108371329078600365
77100 1.8736635250243476314 1.803514779287409997
77200 1.8142260540292038939 2.1496892993695198015
77300 1.8458198167161428138 1.8093104025319199923
77400 1.833921308018985119 2.1676289433443400867
77500 1.8130809571601096408 2.0325126616184299166
77600 1.8371643497874272644 1.8029352424705999969
77700 1.8271141354306035254 1.6454659859101699038
77800 1.8036217628522348555 2.200153088416870073
77900 1.7597131997460817576 1.8733496489137000385
78000 1.8065443608822007171 1.5538716310700999568
78100 1.8269326445834881412 1.5946401059903800856
78200 1.8135121572319305994 2.2212778809119297918
78300 1.8184919441301301557 2.1091641187094798404
78400 1.8253483928226272859 1.8846654373876698951
78500 1.8255375117614445202 2.0544339533574498269
78600 1.8086698089841330983 1.9261056334797199696
78700 1.8081939801535216183 1.7931366098379999396
78800 1.8261361801975646291 2.007096941077910035
78900 1.8390798384355309114 1.2701478183805299249
79000 1.8114912520392698614 1.0218564975756099233
79100 1.8191159184901717349 1.6673055843477400106
79200 1.8334566723940874944 1.6344984724687598998
79300 1.8254699341215057107 1.7608843483702700805
79400 1.8531064877709648719 2.2761632358588199665
79500 1.7971159660997553242 2.5073295361717597984
79600 1.8316431990502108906 2.2466110268648398218
79700 1.8126056585728240744 2.6069061801563297998
79800 1.8184995938978227858 2.3084927584916301591
79900 1.8097023766304161096 1.9762106670996300029
80000 1.8468828834586696885 2.6695428116528199247
80100 1.8751798229734066847 2.7132916905725599221
80200 1.8927195975904467229 2.3320526212736001348
80300 1.821930949764882568 2.4558973306178097928
80400 1.8044410763685769794 2.2675892219397599803
80500 1.8042978389566066699 1.7838864326624199741
80600 1.7933585130318105971 2.1572403069158698763
80700 1.7763468029381432878 1.9108906727787500213
80800 1.7691950591222118661 1.9711772475208100275
80900 1.7748195476809416338 1.9018215203819799353
81000 1.8268416121603363589 1.6240916600318300311
81100 1.8100222955208766784 1.5111350796215099468
81200 1.8079300681842083165 1.9120297207824499264
81300 1.7834263481133536544 1.8010028270888001067
81400 1.7984793406527133097 1.6541210252682700954
81500 1.7752325139786528929 1.7849683657965200734
81600 1.7772957971208471761 2.3140467037295198161
81700 1.8224604656522560564 1.6289655311262900561
81800 1.8072719063996636191 1.3645861937366099426
81900 1.7852960570498397352 1.0380405016910800864
82000 1.7736585230554025028 1.254305109205970048
82100 1.7757314774177339611 1.5874258566634700252
82200 1.7727337464333949857 1.6247178498695999949
82300 1.7783815875016253383 2.0466543160616299524
82400 1.7881008565003324584 1.865275545583680028
82500 1.7871918118272493992 1.9520755767245498991
82600 1.7902504694371808025 2.0049178794829001227
82700 1.7735875153700382256 1.5084991278956398908
82800 1.7830166598138452727 1.293810934579360028
82900 1.8096915156329462793 1.0908861353752199452
83000 1.8152087990574856669 1.0269872468988900938
83100 1.7769443839323975087 1.0753395056704799781
83200 1.7821507588039460224 1.2709908188584200239
83300 1.8092514674834176969 1.0658233780433898907
83400 1.829282012732231788 1.0804705636998799267
83500 1.8249115326177605123 1.1580129502910299077
83600 1.8010151328111143609 1.1999838684184100934
83700 1.8242268935391616758 1.1584053696114200438
83800 1.8401151873947616533 1.4483217759140400993
83900 1.8294918001746343084 1.0857645298840499226
84000 1.7965837772250081716 1.2490980316329201028
84100 1.8107390178983786555 1.223385446998560111
84200 1.8010162199354420309 1.3062054695245099989
84300 1.8453094551512845278 1.2997398206159400669
84400 1.8552296698925352381 1.8631859285258700609
84500 1.8537948966504858017 1.7656970799367799341
84600 1.8098364701831142209 1.1827151842702599005
84700 1.8254616854916121405 1.3553225821205701074
84800 1.8296462454425785893 1.1424839702814699738
84900 1.8043577968151711666 1.1735177389847100127
85000 1.8407111249056593572 1.1399710653261099225
85100 1.7997871438369927866 1.3633663880565600746
85200 1.8257104203707430479 1.1691959571671899365
85300 1.7574390888091484531 1.2334639047954900626
85400 1.7978941441139237867 1.7090608336061499095
85500 1.7636710168932849818 2.0818761548350499524
85600 1.8211989270464850055 2.2141587275003100643
85700 1.7896377398408536141 2.7931775583057998347
85800 1.8199891999999144865 2.6924419368391099283
85900 1.8169537198693592739 2.8159450522395701455
86000 1.8367041826628274226 2.605617152720559826
86100 1.7925235522271791844 2.5727449828615100991
86200 1.8562111222130524002 2.7954684642890001989
86300 1.808802723610654084 2.6844335134331198667
86400 1.8021750010406558662 2.6677864225630600892
86500 1.877384867136317359 2.9796081019881199836
86600 1.8526499701359255834 3.0081844001306401459
86700 1.8449436489729169608 2.5805520567870501303
86800 1.844602382064204571 2.7199051218085998904
86900 1.8074743241899620116 2.4308099136257901307
87000 1.7844254377014969748 2.40556382129910995
87100 1.7881562518097533498 2.5703317971374302076
87200 1.7702525741331478493 3.148824963691799983
87300 1.8103704688047592697 3.1185429664125901006
87400 1.7898554551751402197 3.0771238390864299461
87500 1.7923947221828202547 3.1442616547413297923
87600 1.8058175369449849246 3.6786679049039001654
87700 1.8158531685088983298 3.8122716205995299532
87800 1.7961223334438531918 3.2131049082304898867
87900 1.8108929058540881307 2.9018760969525900784
88000 1.7861038761068885883 3.1989283070083200933
88100 1.7890048748833144998 3.5825882471182199929
88200 1.7939587052532812717 3.2299092290259601157
88300 1.7687231847446138744 3.1358472157675598702
88400 1.7822726542563487317 3.5088938818565598154
88500 1.8058514410802326555 3.3498155505358799822
88600 1.8080392233621362941 3.3059372268864901656
88700 1.8247358707280298962 2.5382884957569498141
88800 1.8043476936068720828 1.8919112108525699689
88900 1.8049637850962569896 1.1735102754340400733
89000 1.7940075157830333019 1.0737001846101399405
89100 1.7937927554820152221 1.0782673051657301055
89200 1.8066257488929973185 1.2885753233563699283
89300 1.7990556475727887964 1.1614359975805599312
89400 1.8132494169231501147 1.1764115508779100505
89500 1.8228587931828792446 1.1895644601282899799
89600 1.8149313097840162889 1.3052888373603599437
89700 1.7777286295067984412 1.0863793510267700793
89800 1.821516696088097742 1.0284817455765999927
89900 1.8299983198925295902 1.5114462857286199426
90000 1.7977830178183280552 1.3276181252170500269
90100 1.7836560799254290721 1.185696922853660018
90200 1.815469210067843342 1.095761328565939996
90300 1.8449706262620779729 1.188521450119699896
90400 1.8321384823599493608 1.2832237242234600938
90500 1.8367978176899648624 1.5502203191472199162
90600 1.8122555423973358835 1.708238732889330036
90700 1.8212689258018885941 1.2564385424410000613
90800 1.8374433916953767376 1.0911734396186099083
90900 1.835813542274516319 1.762042143426300056
91000 1.8228371548544730629 1.1472229633617199163
91100 1.7857721134946107355 1.0693742446885499131
91200 1.8047406692960266117 1.3607694484742201002
91300 1.8112940390940115432 1.0644111860269200864
91400 1.7873367653973031288 1.124489837117180091
91500 1.8459239639254387821 1.1188206344845199602
91600 1.8184491265859099585 1.0773586419298299965
91700 1.8523997603724535743 1.3670848801198201006
91800 1.8241825991989510936 1.0322908378899300352
91900 1.8416394569337475318 1.4824457924093699113
92000 1.8297427603214737601 1.2832034633177400451
92100 1.8146744213218415354 1.4322426780394199586
92200 1.8326805207536704945 1.5264616351903699254
92300 1.8145584318965826132 1.3591816243236800599
92400 1.8029830915946809533 1.2638285845886700898
92500 1.8310300461221047374 1.8798180799394499374
92600 1.836989314825221431 1.8283726428068600711
92700 1.7920653901375633854 2.0292263053350700908
92800 1.816833067451598227 1.6982493730936099041
92900 1.7927980159974632457 1.5866225923506200868
93000 1.7892190894834938408 1.6023770150130600687
93100 1.7850522816449754249 1.7881521677611000865
93200 1.7812596867329641981 2.1042979341553098571
93300 1.8285413673745609664 2.0724007434753000112
93400 1.8043806393733983207 1.4874922041711600151
93500 1.8491798566434054507 1.1434243674499799948
93600 1.8030484753794995267 1.3806782417782399452
93700 1.7970889403875267565 1.1414473698888600861
93800 1.8227269548259963372 1.3980123515066800177
93900 1.7897315180029300663 1.3652384561435000343
94000 1.8060219571339652944 2.0488099708273601607
94100 1.8121860435146426305 2.2325099168449700215
94200 1.7992502734496862438 2.4372096164666801066
94300 1.7738123118860507077 2.5800842617051098493
94400 1.8143729696221182479 2.6801614321447702061
94500 1.8117515218365414231 3.1028556293599800497
94600 1.7951580327300735718 3.0014928766806598937
94700 1.827237246078637245 3.185867884957020113
94800 1.8091653340564635144 3.1677053885787698206
94900 1.8177239637884776702 3.3479616256355999582
95000 1.8205692671017577045 3.589221064091640212
95100 1.8175999866333518717 3.707102908809420061
95200 1.7979622106409494098 3.618170278630449932
95300 1.8075956072605101621 3.7060200533966201064
95400 1.7731170159175595469 3.660791670568470213
95500 1.767008019581962186 3.0372431100922199221
95600 1.7830894471808398372 2.9931367828690600419
95700 1.8073884211189805704 2.657047489912390148
95800 1.771174557137705774 2.9708051108341200219
95900 1.8075677042651960846 3.1179075642994100726
96000 1.8075702243105689071 3.0241717022787297786
96100 1.8067281992771238031 3.0404876123397102106
96200 1.8207801226913959969 3.1166119527131401767
96300 1.858785096360882072 2.8378905036493398129
96400 1.8068759545555697077 2.9317292282156901528
96500 1.7907815694230424519 3.1324009775161898439
96600 1.78127030298304323 3.0088363884847000307
96700 1.8183501302210525186 3.3056914225606699453
96800 1.8379735105227563707 2.7994668754679898903
96900 1.8151405871359207467 2.6356641542281398216
97000 1.7773786972616685276 2.9344609487100901113
97100 1.7672542903900301248 3.071488664297319815
97200 1.7806977432139987627 3.1498880109611300249
97300 1.7792195396499090876 3.2424061142706199767
97400 1.7531285071991098423 2.9815878930156300974
97500 1.7827298412486953794 3.0495513929046098589
97600 1.781157641316029272 3.3876624118189599955
97700 1.8133698920586776016 2.9771501384765399756
97800 1.8132202731183735267 2.7248641043147499019
97900 1.7758444725382218632 3.1354125283453799788
98000 1.8006541982656079082 3.2893952586062198407
98100 1.8242802820756687243 3.3892394785930699541
98200 1.8446194740113042165 3.6462589345409601727
98300 1.8345862672173485208 3.5609617163539901696
98400 1.7974141382947992351 3.6328677969970302186
98500 1.8316768646461629722 3.9104148730843100168
98600 1.8161411449195250523 3.8302741032664400223
98700 1.8184889912440764803 3.3394638714134798896
98800 1.8513673644052095479 3.3040100792469497826
98900 1.812223907205753326 2.9498183447615899944
99000 1.7835034291870182077 3.1490866267674899603
99100 1.7959774344081542718 3.5376502815715697992
99200 1.8156141629875139909 3.4997793805908599118
99300 1.7878503734719326523 3.3916719436792299724
99400 1.7999331776045024434 3.1102019976488000097
99500 1.8022302876104794311 3.2654073597959198949
99600 1.8017752699463911448 3.1695108721154499065
99700 1.8055925335461575632 3.3681046932628500024
99800 1.8160923900760470584 3.335925560458389949
99900 1.8147327473933436703 3.2570921879594401105
100000 1.8083630546409805717 3.6905636575532598798
