Step Rg Re
0 14.344663302735970234 48.73487525221320027
100 14.336418161102658431 48.462394936458302652
200 14.169562600819647358 47.011283451588901983
300 13.865072579597661928 45.139516659816401045
400 13.450018877335095269 42.938678561783298449
500 12.932072026264290088 40.629540009474197859
600 12.355234980799240319 37.981943884507998632
700 11.732123320041850434 34.69182615526389668
800 11.082126755323022493 31.748611581715099561
900 10.398412164776321021 29.503286208507500277
1000 9.6919387507824499295 26.380662743175498974
1100 8.953011442729483349 23.931676149961401023
1200 8.2002453919566420382 21.718432192930599456
1300 7.4573969020866259783 19.551172288667601151
1400 6.7037785029642726897 17.275011089060498648
1500 5.9533739991380238976 15.912080241657600155
1600 5.1789097312109264593 13.59469957758489933
1700 4.369876637457114299 10.890046941824900628
1800 3.6353403895562137471 8.1619395492549706717
1900 2.9404204324833194129 6.61630972311885035
2000 2.4138258355454178528 4.7067977684106496739
2100 2.1839151087053667588 2.2648352207980502193
2200 2.2695208068425380965 1.6312792011778900481
2300 2.1752019899208026033 1.4478666248472000788
2400 2.0183377546408673986 1.940674220612500056
2500 2.0682560565785310658 2.2784943156248300689
2600 2.1918740273355372672 3.1688644823786398241
2700 2.1986563593700902963 3.1275219262689399891
2800 2.1473933016495267978 3.1566621977688398282
2900 2.1027339960144368902 1.6738253135555900553
3000 2.1422855473943296367 2.4487661893724799178
3100 2.1909754269021188833 1.822421515256710034
3200 2.1778663517668297445 1.9414537685996100524
3300 2.146374176681653978 1.2412177451890200608
3400 2.1252776553333192489 1.0955326873045800884
3500 2.2158519241969591995 1.3670159494643701059
3600 2.1958896494770145935 1.383904474167600096
3700 2.2595483511747547212 1.0694771427138098918
3800 2.2057875047776946964 0.94417871139792397539
3900 2.1077307090479386886 1.4998698227475899536
4000 2.0418011697743678745 1.3123702044604999006
4100 2.1666553724508292866 1.0804182974224800784
4200 2.1945831313828096931 1.0745219117014199739
4300 2.2115214296405421024 1.6635857522781700712
4400 2.2201235345629117823 2.599717443691909935
4500 2.2115384321087510067 2.0695847672546001661
4600 1.9603893931156930464 2.0306134934246000689
4700 2.0103614121965680539 1.4363208645378899853
4800 2.0076429426855439964 1.481001187339640035
4900 2.0542879352434191276 1.1719291764083699103
5000 2.124281954321788124 2.630103401183609968
5100 2.169192822527267861 3.526644847036279895
5200 2.2973946262330695589 3.5598403183910498626
5300 2.2377483216033673408 4.4596821960266304075
5400 2.2389228740034661236 4.020517144533820364
5500 2.2041189604272326541 3.9109897044393702181
5600 2.1771300541286362495 4.6226169461504600378
5700 2.1156729899304855813 5.1317843657465900264
5800 2.0602862931604271068 3.9199336433991498474
5900 2.0126792046849462103 4.1771380126712100989
6000 2.0655805869964574129 3.8910702130844598834
6100 2.1545220034493253181 3.1003739624349702098
6200 2.1640599027083964323 4.6051390483386702712
6300 2.3069951623692102061 5.5393692543268198136
6400 2.2320240918334079971 5.5156432884541501949
6500 2.0973298026850279996 4.8558503841368700904
6600 1.9876822202713864129 3.9851056817510901453
6700 2.1311655527253412501 3.3136311893519900806
6800 2.1238827307770620223 2.8042051303686199581
6900 2.0973629398664965784 3.0662686197117898779
7000 2.229377491161286251 2.5330279226168999074
7100 2.2728438968641220264 3.274441692345699817
7200 2.252905193067601175 3.6873219650813902071
7300 2.1779140874466826894 3.0194959572742998688
7400 2.1687386037562177421 1.279018212722019987
7500 2.1344516120326382236 1.1348282416217900792
7600 2.0695123421277803466 1.7193708873086499533
7700 2.0067513390603384238 2.6045488041811499791
7800 1.9383029556983024655 2.9068922524335101265
7900 2.0432320917502333479 2.2169687075202499926
8000 2.0517888018941978778 3.5436742654789998852
8100 2.035113227519854906 3.7831286397937300414
8200 2.0263473684143002984 4.1011490934164500644
8300 2.0094320985804334789 4.0869745715261895924
8400 2.0188201785510826447 3.2999233760790898096
8500 2.0927624534404514201 3.1902887829629400507
8600 2.0436999943021789683 1.6620022533969700529
8700 1.9881201064770683828 1.1532660648997699049
8800 1.9997370462866910223 2.0710049179095100236
8900 1.944602648118976429 1.9828853297247699405
9000 1.9954623564468090269 2.2986185754230801237
9100 1.9539208969237231717 2.1207134730150598578
9200 1.9657678457473704015 2.2058912374562398284
9300 1.9733902381418955141 2.4100851845810700169
9400 2.0470021814068437571 2.6785361144330699368
9500 2.1514260513023790722 3.2133244881553402195
9600 2.0968910460532481643 3.3916043880511601571
9700 2.1671833268970357445 2.1459346006177000277
9800 2.1457452613920833251 1.6428104219496499905
9900 2.0510430986910495044 1.7266789032097200618
10000 2.0391666563063441941 1.9554424105606900142
10100 2.1371812909147425152 2.0591104101825501438
10200 2.1684189110410394541 2.9063577236453501662
10300 2.1619725143686618907 2.6879740516741899015
10400 2.1455637619185958798 3.0461933105901399799
10500 2.2545361751399974892 1.9386715543719899024
10600 2.3577424624897065364 2.0751716585728701148
10700 2.2953678690821379682 2.6112512406478001203
10800 2.2311913212698204489 3.2616853968934598207
10900 2.2611606697349571071 5.0550114149243503547
11000 2.1581119860446049685 5.5023811031137199734
11100 2.137712162839341179 5.2482027240671396129
11200 2.1186888750738419596 5.3669582622810398931
11300 2.1002214219473911427 5.3005659889867802192
11400 2.2054596173016807192 4.9940899265845803967
11500 2.2007284453058546525 6.7113138851186002753
11600 2.2515026690829280653 7.283877285656879863
11700 2.2589830093272080802 6.3102523234834899668
11800 2.180788638795959411 5.112461764513000162
11900 2.2258058334302139869 4.6496963564053501727
12000 2.202378916356189098 3.7695230726610198246
12100 2.2350621027414110387 3.8540102730472298731
12200 2.2901037707225149198 4.3043347313667199572
12300 2.379786868186496207 5.2895075797017101493
12400 2.2662945615493614859 4.839717719328469947
12500 2.2711038096958877652 5.0310559997190296144
12600 2.22776247441797004 3.8406374106381999667
12700 2.1107953860484207631 3.9793535749421700132
12800 2.0650191100373782582 3.2777215957997198892
12900 2.1097324458297768146 4.0761455873877396883
13000 2.1425785981775491429 4.2528095074618699201
13100 2.06031696339315884 4.227231239406820329
13200 2.0632541079489268299 4.2829747198000598374
13300 2.1884895959509154117 4.9829945497808800781
13400 2.2440343433234715143 5.7005590329804798344
13500 2.171407963537965724 4.6235596316412204132
13600 2.100487927649752784 3.6751891703749599571
13700 2.1656308350760888892 4.8293571705389402027
13800 2.2336447625975224263 5.6122405996822903873
13900 2.2823229248340988207 5.9190782011217404346
14000 2.2381364507732999236 4.9685241559750004114
14100 2.1235966049777563747 4.8534553633342802925
14200 2.132164458549745234 3.007640661504630053
14300 2.0594573736774766104 3.0291787345168499357
14400 2.0482145297556426655 2.959810047333109928
14500 2.047155441413568866 3.478698924835299966
14600 2.0127517254813453995 2.9474007037787202101
14700 2.0684923901574117089 2.4296621843568702026
14800 2.0863599987598715479 2.5084748549130702067
14900 2.0971027043164420789 2.3102993105755000869
15000 2.1311029073851699422 2.3799350813393700399
15100 1.9814150434695716463 1.9918790322655299807
15200 1.9254916677165372363 2.9682694177583202055
15300 2.0574837990125600662 3.1300690017612700089
15400 2.1276369791737743675 3.8472056022533700492
15500 2.1393326273302708529 3.7264962935207899264
15600 2.162713374533554056 3.5601381927678499295
15700 2.1953966670443745279 2.9628808075152601731
15800 2.0998345332790617768 1.5732793703311200861
15900 2.119319291060709709 1.4488999559795199268
16000 2.1011032736963661804 1.5405521175302900883
16100 2.0695225088402167124 1.9146193544941900733
16200 2.1157770470521723993 1.040263846036239892
16300 2.0044235294968215655 1.7291337914463300596
16400 1.9970126987725740353 1.8715550793292199394
16500 1.9999448327316979857 1.6257276419389599109
16600 2.0222530629185322404 2.3112722157859901806
16700 1.9943270843882365817 1.7678703279441700946
16800 1.9834482373798802968 2.5400755419963001458
16900 1.9865385651554290369 2.5577960242667199253
17000 2.0595376537650187387 2.8563251269423202139
17100 2.0952131253385815057 2.9799578448531098829
17200 2.0876917371207688312 2.5800158765664900073
17300 2.0293641582569859061 2.2717038490504699588
17400 2.063310050333584833 1.9186254448386799165
17500 2.0190719394013774135 1.6462588368885000545
17600 2.0107012072280472381 2.0785201611336199257
17700 2.0272255643095062894 2.0666891566797498392
17800 2.0758616590203229357 2.2468293300381998456
17900 2.129167427717708172 2.3813163976954401235
18000 2.1828025272148670055 2.4254256011702799434
18100 2.0714116382756024848 1.6216427543083300478
18200 1.9713458745975285247 1.4699928389186400768
18300 1.9820693822964410291 2.4106428896817000407
18400 2.0368415015150427294 2.1051585819956502021
18500 2.0720082584139163373 1.3067610899502399846
18600 2.103437648647835001 1.1725612205948199307
18700 2.1526404141997361741 1.9580746481931099456
18800 2.2291282881397012083 1.9098476065897500575
18900 2.276714927531825694 2.1890357107796800662
19000 2.2945006627607549277 2.8204736463649200395
19100 2.3402780132828744364 2.4823224480262298108
19200 2.4207169845779117345 2.2734041192006699816
19300 2.4867063527510246956 1.7472503757210700037
19400 2.5199209859124507283 2.2542784266880899757
19500 2.5777168939495771482 2.7825956034109800008
19600 2.5633582453004630786 3.2194198872777599618
19700 2.4622173045257236268 3.9362452687298801202
19800 2.4298172108771103339 4.3806119540019698988
19900 2.3146689475870436681 4.6151018651921598135
20000 2.1994212586662347242 4.3594933535375499645
20100 2.105509189332593678 4.3810364874790304057
20200 2.1043339034981842772 4.656847557625639844
20300 2.0677493473937405 4.1711983682526998507
20400 2.0147815559305928268 3.3400708676970598532
20500 2.0174254276887597648 4.2832636381750797128
20600 1.9431255426332494363 4.1437262672505603689
20700 2.0036656006890662951 3.6336831560392699458
20800 1.9561257209100311183 2.8634183402363801996
20900 1.9820851408227253554 3.4592549689131502078
21000 1.9589852507361769085 3.4365977281796098453
21100 1.9755347519779318244 3.4936408088624300028
21200 1.9812126510653769174 3.1354907943139100901
21300 1.9630285674764011983 2.9110411610331201615
21400 2.0141341778422980902 2.7469092106812000864
21500 2.0690017104856677221 2.2720925271894998332
21600 2.0740203587391410345 2.7338645903213301125
21700 2.082977747922557743 4.0166892471680801791
21800 2.1359881717915913946 4.6009149107635698428
21900 2.1298091727625334535 2.9800665213399999409
22000 1.9843549530567174966 3.0316792398857801416
22100 2.0424607032044930222 3.4359196944692200759
22200 1.9945188922171888102 3.3605956431491299519
22300 2.0384653455588503945 4.5946479313397503574
22400 1.9997823092443269832 4.1811147576057701158
22500 2.0321313010412525024 4.0880148428508000791
22600 2.074681317025284244 4.4026121216421296722
22700 2.1002751343417322971 4.1219195247996101017
22800 2.1034431216803386455 4.2407842617598303647
22900 2.029291956922743001 4.3800562120324100235
23000 1.9089306023748511265 3.4008001422862101926
23100 1.952813111324983586 3.3584777013541198265
23200 1.9847949811226095473 2.4987569432903797839
23300 1.9453069043780935043 2.7898192217943198479
23400 1.9535862469205409475 2.2525823170150798269
23500 1.895075618866812972 2.2385371952760197978
23600 1.9307347991793912811 2.5289810174552300737
23700 2.0140939624275788766 2.7644013268803400152
23800 2.1318742553554579366 3.4640339657951000341
23900 2.1938454715501385373 3.1877587485576102111
24000 2.1366093922750168943 3.3769947558924000575
24100 2.1099653324232101603 2.6483589097198101392
24200 2.0889059324813099572 2.9695442918849002112
24300 2.0228958415845017527 3.8577480087538797981
24400 1.9480929889561269253 4.0629753427292998325
24500 1.999180640141070997 3.7379492903565898487
24600 1.9831200767962402498 3.6142900094699501601
24700 1.9942324360522762916 3.0636179913351799797
24800 2.0126795092507010487 3.5159918409905701608
24900 2.0199626097820058135 3.0840833100833799918
25000 1.9715738746797133452 2.4327797377152400315
25100 1.9605581949300121547 3.6913476359292900497
25200 1.9573764176301127193 2.039898431607180207
25300 1.9965309721747086513 1.2873876596200399813
25400 1.9471906269878553886 2.4873659207052800646
25500 1.8923288007804546229 2.3812915030025600949
25600 1.9354119054387626253 2.0996471228071800219
25700 1.9032779559171653094 1.8932931393620799909
25800 1.9940547432683504159 2.6503439149050898038
25900 2.0030728969095741299 3.1939374780670100051
26000 1.9145387620281046903 3.6934001359295298705
26100 1.9225105849045449613 2.8287895545669701214
26200 1.9256992099781178318 2.1937333341299201095
26300 1.8907678900798774446 1.8340279675510000601
26400 1.9445706214455553695 2.3128961326776300567
26500 1.9371635661845560961 1.7382026050918499838
26600 1.9188980041075218708 2.5992032386616901185
26700 1.9479390659998034874 3.0774956379898701364
26800 1.9125578152522828557 2.8772408824578601383
26900 1.9349345648534099773 2.9127170340439199059
27000 2.0131673011681541219 1.950564082538299937
27100 1.9491840782581308922 1.6123632760778199291
27200 2.0351539105579266042 1.1095570201247499931
27300 1.9638835186280780842 1.7239115456147600103
27400 1.9634251784122997986 2.4233126407629499433
27500 1.9469046561665721562 3.5498800056197201691
27600 2.0745473668959633073 3.7953003130287901179
27700 2.0455246766007282311 2.7472408964068097958
27800 2.0206279953743182531 2.9115503836350100642
27900 1.8954337645370140653 1.9412225131979399251
28000 1.9443461087125575304 1.425948427334950086
28100 1.9620741974339199754 2.2484226167420198195
28200 1.9711503241700356615 2.2655265549300298566
28300 2.0387478012703277308 1.9259302062861400895
28400 2.0209283408867553256 2.1337282301577698007
28500 1.9482321424132305054 2.2237182140393700891
28600 1.8900644410263303108 2.3428061321813000717
28700 1.8950761738776387144 2.0289033301715702073
28800 1.9930413863707658884 2.0030781595416300433
28900 2.0711326763225308412 2.6114875139409798876
29000 2.0523246021623569035 2.354859984624490199
29100 2.010793940465117835 2.3353401514233897984
29200 1.9201503933846173489 2.2388880555019499141
29300 1.9124302570200439888 2.6325937305648801079
29400 1.9015772744180576836 2.9952422048075297845
29500 1.9505049576624986507 2.8660971939260000418
29600 1.9895726578272590057 3.4848686737703999938
29700 2.012349704439699849 4.2746913396486396763
29800 2.1105781375984435932 4.977786865080449985
29900 2.1249215761168578354 5.6047529368018595974
30000 2.0755767240990476985 4.928144483148919619
30100 2.0585507127062872001 4.2468236162071697493
30200 2.1119490486793721651 4.6507682633215399193
30300 2.0377827873580081075 4.9991647169732997824
30400 2.1051593708677245331 4.7467179202339400135
30500 2.2187700342141947196 5.0572545217016999786
30600 2.1288671456900667422 4.1734682535174796314
30700 2.1712168283393600277 3.3556565426849997991
30800 2.1786358797079303784 3.4305959695024301759
30900 2.1789207049275844952 3.2497220118678398215
31000 2.1466834452357010932 2.1667497734811598242
31100 2.0679394693063470889 2.5621547193594698122
31200 2.0041501684546640938 3.5848681673865301356
31300 2.0754599025913460508 4.2019578647201401012
31400 1.9677764319383710401 3.9568062377995700807
31500 1.958422286463966655 4.1113626134028500303
31600 1.9544512769007831299 4.607841885241080071
31700 1.995532389472215673 4.1143002902142002952
31800 1.9984746150204721893 3.973923493586839939
31900 1.9202211439172229834 3.7020646280373998849
32000 1.9498402211713667942 4.4864750893606100135
32100 2.0270847675379406461 5.6872673810843101805
32200 1.9907193424633784495 5.0647809266158603236
32300 2.0005328839589235912 4.9398836792051401545
32400 1.9782393283104371395 5.2616540889436098638
32500 1.9785091273787127619 5.174958044078340258
32600 1.9616131494968955806 4.1185924942632397006
32700 1.9780159355055819681 3.992520603447169858
32800 1.9329018085559790396 3.0538611953600600657
32900 1.9362471652032966496 2.8802151104638800128
33000 1.9572495791109958407 2.3235076443459301565
33100 1.9564071056590242037 2.032077976772039829
33200 1.9631113469889744927 1.8364073751091700704
33300 2.0239084672600347048 2.0987646665606600749
33400 1.9604237170057761119 2.0082035600305001566
33500 1.9328948749018193265 2.6537327195347399922
33600 1.9240503971384619319 2.8130548877071599456
33700 1.9438032972631384965 2.9689353726928198185
33800 1.9141872696434603096 3.3520712421239999834
33900 1.9298270989257431118 3.6274942350250398704
34000 1.8842242879741517569 2.9816068991291899692
34100 1.9619832613206356076 1.5196704065825099583
34200 1.9426327315261939788 1.1154059745641899948
34300 1.9482193640205098806 1.1275129627050100023
34400 1.9606598434073128079 1.0640619954638399491
34500 1.9288961883805415543 2.2949795531017400663
34600 2.0579545763424822447 5.5687135108740797307
34700 2.0385233189572522505 6.3141169825744398736
34800 2.0590721171657322408 6.1734398350611003892
34900 1.9244605902952822696 4.986259127055849838
35000 1.9985256134768640823 5.1328486854990398314
35100 2.0322075549547422568 4.7139195751045601668
35200 2.0564693246475860278 4.4057369076666503815
35300 2.0930578268857127355 4.3883081533878902647
35400 2.1270422704668274783 5.2754486702038603241
35500 2.1222747864002271534 5.1629976468796501266
35600 2.0396689277209487656 3.696206864677659798
35700 1.9710129107738589838 4.4548913554717000096
35800 1.9259393957722470425 3.7698824937870201168
35900 1.8510002875993638582 4.0022976582253297906
36000 1.9080577439039119181 3.8208689681392700166
36100 1.9244356222424945368 3.6580993966991899313
36200 1.9693168686090221087 3.534277812473979985
36300 2.0170499542420672334 3.3160913603712298681
36400 2.0089898703852102635 2.7884750837280201097
36500 1.9698490339325767096 3.4898403821759398369
36600 1.9454976347850292395 3.7450814047699099163
36700 1.90686537714801152 3.5099892920338398028
36800 1.8658981746589555772 3.0495756349064397916
36900 1.8924779497403765305 3.2991330210402298739
37000 1.8110932369053851509 2.4605661594053800378
37100 1.8558523396727362176 2.8230856088000098048
37200 1.8781487604136029024 3.750018792088630093
37300 1.9177667700432559084 4.5247523110647600575
37400 1.8179706571492604272 4.3878435709889496152
37500 1.8982759188800013561 4.5119595796501004159
37600 1.8663645964975794644 4.3244656763431503776
37700 1.9076849813146667945 3.9999932038161998271
37800 1.9023630399749911213 4.3483248575294002336
37900 1.90113746358218072 4.1007394510643297991
38000 1.9593059997237076697 4.3398080885289802566
38100 1.9034795098165397942 3.594836031376309915
38200 1.9122563092455842071 4.204238965644649717
38300 1.896151579388625219 4.4745898782421598128
38400 1.922613742652508062 4.7269094748113795745
38500 1.9475841146213763722 5.202255587854690333
38600 1.9387353583684121539 5.6311615176327798338
38700 1.8828911012973379435 5.1248008996336595899
38800 1.924299229544101264 5.1754731875389996532
38900 1.9063503574385411987 5.1350725952183395862
39000 1.8939628063973408256 5.2093934985699101858
39100 1.9335247090676803694 5.1085499247773702436
39200 1.8940381385966622574 4.6276529436370097415
39300 1.8909781556992339979 4.339719490944999869
39400 1.8763274183488485303 4.2970550411707097993
39500 1.9083173746562214212 5.1162668374918895964
39600 1.9322735463977247505 5.6595173141632502123
39700 2.0075586177380833064 5.8032664068816597336
39800 2.0002466734989625685 6.1625881272839597713
39900 1.9632959366647617649 6.2004998442040095696
40000 1.9686511235828341171 5.6919672097994302717
40100 1.937464234209622882 5.1989262513761200779
40200 1.900148323230617331 4.6651776907615598589
40300 1.894421818725470219 3.4324582267037500038
40400 1.8966787940725400308 3.6543985429293601719
40500 1.8904312834479968242 3.8463775720376598422
40600 1.8993526526766022489 4.0776513189924301628
40700 1.9029771923880389739 4.6548688246709302163
40800 1.8985443978335314608 4.9693196219632298494
40900 1.9445434320186651966 4.6315657870354796088
41000 1.9584919027367879707 4.5883578067740398154
41100 1.942861596801305657 4.9700692360987304141
41200 1.9703549304274889931 5.2418613215717098086
41300 1.914603989744142476 4.8337242494894896438
41400 1.9072541803418980866 5.0728232312918501989
41500 1.910507065014170669 5.0992648731866703216
41600 1.9315002183444152095 5.7014884824418201603
41700 1.8735263550156602275 5.6559713296398701488
41800 1.9455726033959883647 5.7417456353230296173
41900 1.9357296363931728589 5.6954250062532700838
42000 1.9379196485957466134 4.8187185970802302037
42100 1.9836577210746957345 5.054159331700399882
42200 1.9096011855985119965 5.5214273532944098122
42300 1.9082360977025101256 6.0185444258329097167
42400 1.8830977234661887554 5.5326202902034795628
42500 1.8573097130629201423 4.9932230663779098023
42600 1.8837743106597020226 3.9493444745660299944
42700 1.8774061765380036793 4.5968329579013103015
42800 1.8600827727118938171 3.6350222802328899796
42900 1.8770905414884520024 3.3865097237615398029
43000 1.9366521496945832137 3.6905996639646301283
43100 1.8894189502083293952 3.051083642283079822
43200 1.8817579416015268734 3.1491305293365399187
43300 1.9086024724348336079 3.246256965175740028
43400 1.8519146730750903895 3.0526259608621097996
43500 1.9210993825555207071 3.335180450306849842
43600 1.8663575551935001062 3.5329010067651700489
43700 1.8941552767769282983 3.5956631675970398554
43800 1.9050893209057979671 3.7778687041072300801
43900 1.8556399146720019555 3.7730248065400098234
44000 1.8585189699485069603 3.3182304385560601467
44100 1.8688384035623530899 3.5427518454461202069
44200 1.9177888965632727825 3.0329110948844699713
44300 1.9588582399762684005 3.0061799572135101677
44400 1.9562643903994143546 2.9203103806162800105
44500 1.9315334423432113375 3.5528096987223301007
44600 1.9563144165560280019 3.7175110010373999536
44700 1.9231759891570694432 3.5499617292390501788
44800 1.9363113672334526516 2.9966946190901397884
44900 1.9411332454466447839 3.1877983092111201735
45000 1.8922141481695593512 3.2875015504711400105
45100 1.9428554341875809985 3.3683895305592601588
45200 1.9349576664515282243 3.1255274159216801522
45300 1.9287531389698697737 2.423613016627740091
45400 1.8966800457142927172 2.3048596525909101906
45500 1.8924947362069963752 2.8315485143630301224
45600 1.8927567574176693554 2.657970947602390055
45700 1.9431754154036455784 2.7086335246523098874
45800 1.8878801359777750424 3.4903540988055601346
45900 1.958820748481385543 3.7784379901968700999
46000 1.980703635006745067 3.2681822761714101055
46100 1.9433884103852117065 3.0975791233717298034
46200 1.8799122357535180683 2.9357215670507899041
46300 1.9006801048145158806 2.5360148421837998001
46400 1.8975179742537184868 2.3022259538280298585
46500 1.8807061851731374791 1.9821106311593599258
46600 1.9127275493306081788 2.239492788759649855
46700 1.8876178501556732936 2.498965595403969786
46800 1.898242527701596627 2.8902838822329601776
46900 1.9286678233094685098 2.745716419255249896
47000 1.9243289925727873335 1.8964038382671899452
47100 1.9190779265682480492 1.8752996268766100041
47200 1.892854746202748073 1.8836131935167998996
47300 1.9117831061055243769 1.4935917798416500357
47400 1.9236497996557089252 1.8677239165697099299
47500 1.9727955935951275723 1.9353960533775100838
47600 1.9279626751914804572 2.1068466138728600967
47700 1.8911864937629014882 1.9712974834113901057
47800 1.8923747993286672564 2.3141921419624900125
47900 1.8471603371844924624 2.0178568877288700634
48000 1.9149826109656338247 1.8567951716541599705
48100 1.8580358710428048763 1.7406050792179799114
48200 1.859792148271960821 1.5955290125198100526
48300 1.8929000003972911159 1.9495275557267299771
48400 1.8571919721233278722 1.7743640496192198963
48500 1.9156707305736593305 2.2058486897136200255
48600 1.8195699870984516355 2.4116547594910100472
48700 1.8943020995412109819 3.3817196765805599412
48800 1.9209389525783220343 3.7549927521041102096
48900 1.8724188276626305694 3.5305890275885500884
49000 1.8712048358524644431 3.3852188324677698894
49100 1.9120153729063102954 3.1253956317747100258
49200 1.9926622991675950747 2.8550929216879401551
49300 2.0186967116108869291 2.5584752005270599007
49400 1.9176306105246296863 2.5773797682127899122
49500 1.9594172212045746218 2.6654712738861099375
49600 1.9468342741598769763 1.8531643697660000747
49700 1.9380086971046432964 2.4176092104829698393
49800 1.9299378466749834704 2.7672576101878898491
49900 1.9185153316927467948 2.9530666645297598549
50000 1.8611104643807061532 3.3722447464719600418
50100 1.8369202915595994607 3.6876850001197700735
50200 1.8851732427102754208 3.6514194779115198841
50300 1.901080707194214181 3.3929910913115000071
50400 1.8511779492104529776 2.9866842232749299946
50500 1.8633001078420934338 3.0828938764042699283
50600 1.868476888662603308 3.1437701314426198529
50700 1.8539548254582407516 3.2871097953505898914
50800 1.8350784224896183883 3.0119899064764599217
50900 1.8447814732159824036 2.8769209860261097944
51000 1.8125941801991864999 3.3363682598655999278
51100 1.8692864822254098289 3.6386836739661898577
51200 1.8309214867153602579 4.1297258150878599636
51300 1.8587278702169891531 4.2989531221674104344
51400 1.8788251108300677572 3.6762264423179300543
51500 1.889379047217889962 3.2861264949827200255
51600 1.8959653685404438406 2.6747550620547397848
51700 1.8171563646122599334 2.6068266286411900801
51800 1.8668223777429009402 2.4142359747858801455
51900 1.8607675564086980646 3.3542499470004298878
52000 1.8513003631724773701 4.1034673757124497939
52100 1.8803565106906401372 4.2708043584454902231
52200 1.8451227183626144335 3.8217999505643001079
52300 1.8191762442058090343 3.8226980305608400101
52400 1.8063597893081084766 3.2649034624526898085
52500 1.8216954548603578878 2.8612029608615898724
52600 1.8143995550393401395 2.8712930227197701605
52700 1.8174661907820177653 3.1897252734759899973
52800 1.8750051180228763936 3.3160393508084400338
52900 1.8749998601324229242 3.9031010818555698094
53000 1.8404571568636474144 4.613651398450270058
53100 1.8983987972973128677 4.3299894047869198488
53200 1.9107897032060332521 4.1817251849939198749
53300 1.852555403178221427 4.074817954636849926
53400 1.8315108483116093741 4.0803127634474698482
53500 1.8644628851091959998 3.4358605642219202103
53600 1.8585783387960799207 3.3687198456502800425
53700 1.879460241097848705 3.2127669005242500688
53800 1.8622639862440590885 3.5802378416853799514
53900 1.8780749519552024651 3.7622577366067901927
54000 1.9052058429528289096 3.8213173980483898795
54100 1.8838172382585818276 3.0573254251034200912
54200 1.8343173909334382632 2.6407359283039499864
54300 1.8641473450458796446 2.981003229793940168
54400 1.8687807650974472828 3.0301133864079798919
54500 1.8327935801836587881 2.9113493194904198624
54600 1.870081104356354107 3.7218925399930200548
54700 1.8828845320687290776 3.6329804827012099899
54800 1.8926766476058773936 4.3784068951024899263
54900 1.885637556103095358 4.6047271244562404391
55000 1.8909654607739470045 4.1278206176539997685
55100 1.8857127895872825007 3.8794983951411898815
55200 1.9315545950892643035 3.804664798606749887
55300 1.9443729633730357786 3.9202442326687201302
55400 1.9096451249729740063 3.1437420356178398251
55500 1.8876568923752587992 2.2754555486024199418
55600 1.9044037197316991961 2.0336951836869099353
55700 1.9680850629774242488 2.5487735381826501779
55800 1.9368649105027222479 2.8352308972577899837
55900 2.0064271438715151064 3.9121302013406800135
56000 2.0168303898473678437 4.3423939146417103174
56100 1.9874088079259120132 4.4396616498936500861
56200 1.9156060269572547927 3.505921685226829787
56300 1.8860661779223597545 2.371263663222570095
56400 1.859805037781867787 1.981125917969150052
56500 1.8841394009196745785 2.2581270608692300961
56600 1.8732788428852484852 2.4633365881649198492
56700 1.8448156408820610697 2.2628289896800901637
56800 1.9016570516374420308 1.7769787381093700152
56900 1.8661731803481935721 2.0262666517533598487
57000 1.8702319521268044866 2.4705111070962297859
57100 1.8487888769239404496 2.4808280580549602057
57200 1.8559962476340752247 2.7124357700477998989
57300 1.8639327575020760985 2.2211890391676099021
57400 1.8725744700848034885 2.9519580470586901377
57500 1.8664249328270616779 3.4363847967452501031
57600 1.8461184210482119994 3.3358306992227197973
57700 1.8361788960225557954 4.1034759030184897455
57800 1.8400839494475085267 4.9728321358614202552
57900 1.826246666199469626 4.1269852836516696115
58000 1.8129691314391371826 3.8260105498687400072
58100 1.8087762839407783844 3.3898060243244700906
58200 1.8952392916928650912 3.9783858121331800994
58300 1.8602164004204944092 4.1266737803882600488
58400 1.8870868732113683652 4.6530438678403500674
58500 1.8373345092523962752 3.944351950399850093
58600 1.8733791002796935654 3.8897640976027099136
58700 1.8738242276542149689 4.1426680206564396869
58800 1.8846943268437106322 3.4656630926260598713
58900 1.9216830656976191527 3.4879331293601998354
59000 1.9178579140693201577 3.3157230592875199804
59100 1.8974312821010159702 3.2602805837019102064
59200 1.8910755568878192534 3.2006383324745502073
59300 1.8918685396667245247 3.1690739857393999124
59400 1.851758234556381888 3.0957932854713998694
59500 1.9048102895415026659 3.0075967805722001458
59600 1.9660801069286433229 2.9684090113322900706
59700 1.9617359334224406808 2.8609719949224401425
59800 1.9336424115187380579 3.2003031666208099359
59900 1.8679097280399901138 2.8254300250454300603
60000 1.8580215493553411399 2.9308026137094698171
60100 1.914725290324138296 3.7515269645450000091
60200 1.903720752844124009 3.5312186118038502158
60300 1.9264388345510448097 3.7486909013209799291
60400 1.9244846964649338084 3.4982698873185600341
60500 1.8511202156992543344 3.765194899376719917
60600 1.8681294180631387025 3.6450462282687099425
60700 1.8494317157443904698 3.8336280126507800148
60800 1.8761095681660204804 3.1828884288664500701
60900 1.8704962144176777716 3.1388911331092201884
61000 1.8443416782867232406 3.1255009884776900897
61100 1.8144338209389299088 2.6887314499688801384
61200 1.8150390446766000441 2.8444262147119401263
61300 1.8265041212511254898 2.2410941583565597846
61400 1.8380146769792751194 2.5430047972702500836
61500 1.8482264935206220713 2.8363227382638598328
61600 1.8635385582899040013 2.3667759381651700679
61700 1.8762998686154406247 2.453556836181039813
61800 1.9005560814051125629 2.3106617404759601797
61900 1.8953380784089794986 2.3993948914658997928
62000 1.875583135152701697 2.4914694587007399917
62100 1.8768066520824919774 2.4273920129696597847
62200 1.8703094191676246094 1.9547482908294300241
62300 1.8295231416675452607 2.8802653663200499246
62400 1.8250580752376437399 2.8538022115973800119
62500 1.8310429960006529004 2.5159769114899601661
62600 1.8262563990275229031 2.857154851522989869
62700 1.8426792511566556509 2.4353562151017600357
62800 1.8565888494250273322 2.933326248095769806
62900 1.8228711570997846447 2.432662407848920072
63000 1.8025567975484877437 2.1243391393174198001
63100 1.7747474201681230355 2.9107154446022898142
63200 1.8069704287037167134 2.8110996717323901706
63300 1.8134018709878900744 3.3119174022757400522
63400 1.8181756314443120459 4.0920475009389800647
63500 1.8013933159357018443 4.298940242319820193
63600 1.8149843898237953965 4.6823212922127099844
63700 1.8024228033278517636 3.5382439887818901703
63800 1.8874597269276482958 4.1049580886323804307
63900 1.887220020846160029 3.7032980340199199709
64000 1.9040612745882887769 3.1224109401416999532
64100 1.8590282494498713284 2.7327857484226099061
64200 1.8228061364172927217 2.8611241131872597876
64300 1.8943621728112509661 3.5747667350245699858
64400 1.9240660627185388609 3.5985661304632099444
64500 1.8443307318125750083 3.254810415035879867
64600 1.8508511801114448936 3.4564859352087902167
64700 1.8830338754599971196 4.6613422401455899546
64800 1.9162819348900246297 4.949546456287450269
64900 1.8796577484733856256 4.4012404820971999797
65000 1.8559275272017476954 3.8734232906155399156
65100 1.848783945196034173 3.9025154525180298926
65200 1.8369252207301918212 3.3908903978229298914
65300 1.8698684376776182336 3.2181080121778400382
65400 1.8579120702447657898 3.6002719452085800711
65500 1.8243070817437623266 3.6227511650391401865
65600 1.9042285199503006243 4.0518102689705104424
65700 1.8920366109635713414 4.2693472801308001152
65800 1.8687293902205688312 4.7549180032257902795
65900 1.9006932200652246756 4.9368634598006897463
66000 1.8329453575508674046 3.8004351364876800545
66100 1.8949273264258044147 3.8616192600188701256
66200 1.8952073931628365955 4.3097030676988197229
66300 1.8632768648430333425 3.8841374610107299858
66400 1.8579970313330236298 4.1924776514256301141
66500 1.8734734525184897347 3.2880584212540799882
66600 1.8678975107314121917 3.643128380614019779
66700 1.9192526268992611271 3.7297266597290201773
66800 1.8770456037238110181 3.4883680838733299723
66900 1.8648719203566317404 4.5750332420077199913
67000 1.8846835175104381666 4.8628903632493898357
67100 1.8502180560935570508 4.1767782533115198618
67200 1.8049417150913817931 3.9475725274634401174
67300 1.8079145354983547911 4.2721848738953802638
67400 1.8078327992355840426 4.1853202089719498957
67500 1.8167631118226299503 4.0492346819873699104
67600 1.8469423880814324068 3.631530596754339868
67700 1.8487834540625871504 3.4290126604868098603
67800 1.8058899962082737289 3.4088359263632801444
67900 1.8234901686368631957 3.637245091446169809
68000 1.8131554350951162302 3.7004646435021402162
68100 1.8773529281471921237 3.5233893081529501501
68200 1.892897389996022639 3.7791728058171001337
68300 1.8671143405602952381 3.7295868977383199727
68400 1.8501481383127800218 3.0264025969488699275
68500 1.8326507555844697706 3.2506059211766999972
68600 1.8506550410519850836 3.8530127697731999525
68700 1.8701020291901195858 3.7724223828204599407
68800 1.8346965594120197007 3.8353088586264001414
68900 1.8231270621942172738 3.8055872366700800313
69000 1.8567351463664554245 3.7037035148787200711
69100 1.8645502635962472038 4.2847192251273495955
69200 1.8166527873041977692 3.7088130560410701442
69300 1.8077095471185620212 3.8062686625471600088
69400 1.8193642696282943394 3.878520925920850182
69500 1.8455098167613483984 3.171833522204730027
69600 1.8516885589836795667 3.4800181593995600515
69700 1.8611017942481173915 3.0556010575159198162
69800 1.825850201849697374 2.9195384219623701227
69900 1.8245288979269906893 2.250567273213269992
70000 1.843992339499909594 2.3277542119279801547
70100 1.8562163252570931249 2.6035964021574797833
70200 1.8892283641943039552 2.3952247292546400281
70300 1.8082610962312146707 2.8965644123832698931
70400 1.859349314469026293 3.4514747044455598157
70500 1.8835597967801622765 3.2704840826246699415
70600 1.8352781610150090685 3.259088416828090029
70700 1.8315025978880306035 2.7259003793642802016
70800 1.7951501735292232365 3.1685313758043300858
70900 1.8194317083032565119 3.1176757762456701606
71000 1.8172727302691265017 3.1529983990175698416
71100 1.8139506646313303673 3.2055763140477901985
71200 1.8217890374931406949 3.1132062605452102133
71300 1.8063786239938814937 3.3582154071265200024
71400 1.8009956207559678631 3.1245802637419601844
71500 1.7996465942502957169 2.9809719913721099971
71600 1.8006529944322915426 3.2282693621443701026
71700 1.8041083072280954536 3.3913661696500998488
71800 1.8027656688130606621 3.7843431104378297825
71900 1.7936261822684063105 3.5668052211098602022
72000 1.7504204678462478295 3.4196099974330600446
72100 1.7455757928074877583 3.9508426170391199861
72200 1.7860668990518424604 4.5548019339905900793
72300 1.8211467920602328885 4.8316805061143304201
72400 1.8315883515152242556 4.781574841603189796
72500 1.8504124385179989698 5.0420952209708698177
72600 1.8281558338881469528 4.9009497252998199812
72700 1.8040349104036303984 4.390744794111239635
72800 1.8257550268062394672 4.4350222135214298902
72900 1.8183754909284766121 4.4248202225796200437
73000 1.8395809233537816496 4.7361265755869297323
73100 1.8277267549984113071 4.2825721260427398462
73200 1.84799659258125204 4.7185053412128903361
73300 1.8427929201301866957 4.9995965973413802885
73400 1.8530822103941018142 5.0917881504478099686
73500 1.831049252832286145 5.0737110131361102816
73600 1.8300817868387011522 5.2291036942764597129
73700 1.8268260117678223331 4.9892270356457801839
73800 1.8538788616503378837 5.0508791682690699076
73900 1.855975295397505942 4.7793175520623396579
74000 1.8313886477155374433 4.0066070862000602304
74100 1.8369512174406981142 3.8211580944893199785
74200 1.8421581412054914839 3.6144146429072598892
74300 1.8610280967962888887 3.3798342809800199227
74400 1.8282166735116225365 3.6955445745331401142
74500 1.839441371392785296 4.3535761416003300184
74600 1.811527771280186272 4.3656497436394303691
74700 1.801346628087716395 4.4545799830446703993
74800 1.7744854016018083431 3.75316254872527022
74900 1.8070540594494208797 4.16935050231615012
75000 1.8019641564246864363 4.3866530190026198355
75100 1.8144850677537684991 4.6839643060427498256
75200 1.8570397338297901513 4.6838900283409703462
75300 1.8360498472197264164 4.5134976542899103436
75400 1.8615584206233315445 4.0267212852439300264
75500 1.8148809109469230538 3.4224012098715901331
75600 1.8446857867358041894 2.9953937759920399309
75700 1.8111015857880512492 3.096009376718159789
75800 1.8371094052813514708 2.6936635304808298486
75900 1.8009164645969641949 2.3812294891093399585
76000 1.7722458704283157171 2.3289951800044899066
76100 1.8166890079707351813 1.9658144824385299643
76200 1.839090162712621046 1.6363661696697600068
76300 1.8051624723697248243 1.2951090851400899329
76400 1.8334205819534008519 1.0772468007504600873
76500 1.8471748810320081091 1.3730939753055400043
76600 1.8454844110042658567 1.009518382739819975
76700 1.8013440396205615546 1.1202504288627399553
76800 1.8637532363361259957 1.1803260418894399031
76900 1.8171628987869314908 1.3755289180571099728
77000 1.8018564648219632662 1.5985030100295500866
77100 1.8180059536167316736 1.7032336573070498975
77200 1.7965292267602321896 1.8643383020191199861
77300 1.8371504504375597566 2.14489755158427986
77400 1.8292101264337250477 2.0553683398678801453
77500 1.8174721497940755643 1.1274533380495699308
77600 1.7992991695750610859 1.6543054595221600156
77700 1.8018003627163925451 1.2581781696166201012
77800 1.8294530415135130674 1.1159405195860299109
77900 1.8422506341460938017 1.413920396431270099
78000 1.8257206984136327144 1.4459353217758998955
78100 1.8607637059432766691 1.1600533073782399729
78200 1.776911349175580801 1.2191225697527801053
78300 1.7924067316604690436 1.2504663441029399973
78400 1.8114721867254288679 1.2517435808458698965
78500 1.8350592835285919335 1.6689539185408999167
78600 1.8546383533662487153 2.5109647781642299158
78700 1.8369491864913642942 3.2938325802453998215
78800 1.847617749656552677 3.55961311874379982
78900 1.8169361084594730649 3.6042069277511599168
79000 1.7870307665888560678 4.0214770929119696419
79100 1.8060420808599200182 3.7873732117981400158
79200 1.8366470446945333261 4.3295671932614796518
79300 1.8229653968059436053 3.9594563154351600787
79400 1.8189518536973090512 3.7833443518304799014
79500 1.7931485203436374753 3.1606370959715901492
79600 1.8099957891526470277 3.6050474840108002184
79700 1.8262085560822751695 4.0785022702678803697
79800 1.8310621069211014955 3.6594306975248298563
79900 1.8085229689034705292 3.455360864883190164
80000 1.8507049273353084473 3.3328723821740200428
80100 1.8465623498724224039 2.8729614217066399284
80200 1.8437784728493749054 3.2128915314905301948
80300 1.8429587438192271964 3.0537482242957501022
80400 1.8382396563658709443 2.6437273281241600031
80500 1.8329783591723907143 2.47585015192500979
80600 1.8414685756371891312 3.1146378513418699896
80700 1.7952173266115567518 3.6140538717104000455
80800 1.8058836534240221283 3.5538369247359797853
80900 1.8528063832659842358 3.3531716259846899852
81000 1.8632308610634460422 3.289059097176679991
81100 1.8661962856331932858 3.3924598130431400378
81200 1.846128196516211073 3.4032185228928502063
81300 1.8365760507084480935 3.1637565692381102167
81400 1.8335086159650104687 3.0476735481559900087
81500 1.825426990388910875 3.0015510704020700317
81600 1.8512809529596789826 3.0278412225651298861
81700 1.8490674228549690561 3.1445837958409899038
81800 1.8461599588768948799 3.3155119096684400049
81900 1.8797782389077200005 3.5756980365106700859
82000 1.9013927648700919004 3.1800225945720002052
82100 1.8540501756236222874 2.9024925345970298274
82200 1.8649214831144298454 2.6711860688464099667
82300 1.8176633859817381556 2.5749946337174898225
82400 1.7919183812954371238 2.5309855994792900269
82500 1.7884853553125814596 2.6527452424147601739
82600 1.8086214319729976285 2.602394331914709813
82700 1.8124724704441221856 3.3557764870327200235
82800 1.8080644993312411373 2.8408269521046500827
82900 1.8434861819632819557 3.0537795056134600102
83000 1.8010327446091920489 2.7950700026167201173
83100 1.8568199421648798886 2.7889903027251601308
83200 1.8263093421371059399 3.2435920102354098837
83300 1.8449116692848006593 2.9976054591396499305
83400 1.821657133410682361 2.7370162031939999636
83500 1.8141113466939133847 2.8775874255138700342
83600 1.8588913112621667789 3.3355456934734197816
83700 1.8595983373586726373 3.3695109669215499437
83800 1.819224632452385304 3.081255097815250199
83900 1.8084209481603008562 3.1269410207944599023
84000 1.8229764434548918484 3.0170765405071398035
84100 1.8213063007821090888 2.5808330054899299988
84200 1.7843957470124345299 2.5285152475879901779
84300 1.7964185581412575043 2.8398936018089098177
84400 1.7937247362108235116 2.9004882006825498664
84500 1.8004607960361838082 3.0010279052571098291
84600 1.8366762872244180027 2.9340979868497298888
84700 1.8270801743139166717 2.7011655937309999587
84800 1.8523208341945018862 2.7303802871898499305
84900 1.8045951237544830548 2.3673112950163601731
85000 1.8061986610707592149 2.4354367986248099953
85100 1.838132219585467686 2.4875603239577501746
85200 1.8223500724901824377 2.3129541852455202111
85300 1.8165647154622683868 2.4741150332470001061
85400 1.8144631761543970061 2.9414043120170001444
85500 1.8104558411698559173 2.9153339991880899973
85600 1.7842339051223186086 3.1219559715337501515
85700 1.7920616468174330738 2.7382554148062299149
85800 1.8307637006440753424 2.8399543704028098468
85900 1.8231048117381065676 2.3502361937861802055
86000 1.7874582959590217257 1.9725697822155698891
86100 1.7982979629678461642 2.2745490384725899347
86200 1.7635188514400421678 2.0018404309066402114
86300 1.7891037679338255284 2.2051363714565002105
86400 1.7670800514234152878 2.4952452121619601577
86500 1.8374365207452860727 3.0416650978896200286
86600 1.8056503539636958866 3.3225954619873299123
86700 1.80213773584140724 3.4749376371051501344
86800 1.7617857782734303029 2.9412304425890098969
86900 1.8146581392557910029 2.9331846326404598102
87000 1.826608115325958126 2.8945849882506298201
87100 1.8427933664590545604 2.9343557785362701651
87200 1.8318906062275737145 3.1689226415427098615
87300 1.8221231736430159032 3.0609751126294502122
87400 1.8341909130490083868 2.9250720166861499116
87500 1.8499324670828392048 2.9249148932849400317
87600 1.8371169454503570861 2.9868435637410200023
87700 1.8516839532173015037 3.6292005024433398042
87800 1.8297146865375766289 3.4817918214190899384
87900 1.7904157042966541979 2.7575041061305700651
88000 1.7892761115512729742 3.101643960589529847
88100 1.8135075281965251648 3.0384963602171199959
88200 1.8096435326614346284 2.9059986602320999616
88300 1.8139122984563151864 3.0853885451426799058
88400 1.8032389134290494059 3.1367855194925500228
88500 1.7786854145875592437 3.0405203307514900857
88600 1.7906324202879055907 3.0826391266153501114
88700 1.78186402051734194 3.037845280481310084
88800 1.7865575856104285446 3.1159707499457698354
88900 1.7905800239621283421 3.2305341160420399937
89000 1.784200249759660073 3.0198261840422300217
89100 1.7911880633892263148 2.4290330486300000246
89200 1.806304611227421919 2.4425023749922001315
89300 1.7789232246048611863 2.5151900407293799056
89400 1.7798081072502525135 2.0025830265320201384
89500 1.7967075868002515548 2.6616348429569800516
89600 1.8151904864825081365 2.5009210280608198396
89700 1.851352477630253679 2.7595059063252200815
89800 1.8323523942857944391 2.4427580721533002084
89900 1.8148417417618660785 2.5318705682779700794
90000 1.8311902859715949443 2.7076989517555798415
90100 1.8208726242791279937 2.5996250949753898496
90200 1.8391870258288365303 2.9463082059347498465
90300 1.8011333257883355152 3.3743055202397900239
90400 1.8153755073163972966 3.4244396895360500466
90500 1.8263254758903932906 3.5557372843271601859
90600 1.803361396265003247 3.8826877651565498972
90700 1.8072577006025341007 3.705215963593429862
90800 1.7965114164454709655 3.6339687775440698836
90900 1.8210562601471427246 3.7013635001382398926
91000 1.831924978482726063 3.7540653628056999125
91100 1.8384529691697988341 3.471152166592049948
91200 1.8563833283548643038 3.0810566758956698941
91300 1.8755687597401389244 3.2554040000350101813
91400 1.8494476276149189875 3.0234561419621899248
91500 1.8463486115188265657 3.3358092471111899791
91600 1.8511714863020056754 2.8830498112701699043
91700 1.8495982163781150565 3.3991794821426601914
91800 1.8421902585401561669 3.892868088983739927
91900 1.8432921183795281106 3.7150670352918599981
92000 1.8310211688729045587 4.1767372869275396496
92100 1.7871286449099867966 3.7931362933620000888
92200 1.7878992137404086105 4.0214968624755202953
92300 1.8188295775620864081 3.6368021829906700404
92400 1.8349893073895944262 3.6744762119576201975
92500 1.8025981020862351656 3.5042966057058602125
92600 1.8272365593216919333 3.5182263740194201773
92700 1.8110078708154779825 3.1292746429139799424
92800 1.790070272671228313 3.0268246910949399009
92900 1.7953149454802406204 3.202759164867480024
93000 1.7957243668462674613 3.5316842487929500649
93100 1.7845044201541524487 4.0445717334751503103
93200 1.792709751803132523 3.6808632841426400795
93300 1.7653223185609836499 3.5135456374907101385
93400 1.7702873560647147677 3.8704898189691001598
93500 1.782503408247697374 3.1040390489497298177
93600 1.7795737586288715715 2.7809233032595801483
93700 1.7835902347855665528 3.2515606664518199587
93800 1.782053174298068976 2.9328119590005998774
93900 1.7959939796302364368 2.9160515446146599849
94000 1.8003959174549908351 2.77944403310918009
94100 1.7704483978862977089 3.1075495478598997856
94200 1.7500920720163755107 3.291946141610779808
94300 1.7800322813149893619 3.1054695901797297886
94400 1.8014305030592998591 2.8490644458484899459
94500 1.7788701732784355514 3.3869489049990399998
94600 1.7711444435030267996 3.6352940006463998479
94700 1.7900028206442208933 3.736570325182179797
94800 1.804280298550099193 3.6036304067703599507
94900 1.8091924199756914682 3.2659312746745698952
95000 1.8304219127965248859 3.4633264966668502183
95100 1.7918123106486352203 3.6053533261601899973
95200 1.7919926933318934825 3.4626698635777302115
95300 1.7839794043680274882 4.0557663398871097726
95400 1.7993887784254436468 4.3339988424826003666
95500 1.8512152434071023066 4.6998025969694499082
95600 1.7952203365312406902 4.2264536906067595723
95700 1.7794694191935258587 4.302163248088519687
95800 1.7845411513191271613 4.2617538056814199265
95900 1.8193034763708273438 4.4952133008427104244
96000 1.8345979699629246795 3.8980414491520201103
96100 1.8000247533666564603 4.6431484956491502203
96200 1.8224113110156128226 5.0991731880882200656
96300 1.8438186210369500451 4.9051657577175395986
96400 1.8227058173667298746 4.6193354650778601922
96500 1.805070029416599553 4.7132115201372997149
96600 1.8076214590638026714 4.4266077671979600083
96700 1.7993329295832853898 4.2632904832956102226
96800 1.7676812284889786842 4.5929923831811700907
96900 1.7897405498540726043 4.4180893897539403881
97000 1.7758387044438883606 4.3143849689903603917
97100 1.7870740156556375045 4.4828834936193997507
97200 1.7638797251471789451 4.1372779818335700952
97300 1.7661176737485932975 3.9896086639462300383
97400 1.7891496307334899818 4.1575593781669297755
97500 1.8186424351334158356 4.1466146371549497118
97600 1.7998333346598389682 5.0370022086925798632
97700 1.7792163762881734179 4.2479929908154598905
97800 1.7672114228088091625 3.5552557878940298508
97900 1.7894762544783104907 3.3126630639209602158
98000 1.7886722171147961813 3.0112821027721401457
98100 1.8145897582948993243 3.3865022336509400525
98200 1.8151869051130198329 3.2238912890027799918
98300 1.7852052645905878148 2.989638845862930161
98400 1.8160843602456704371 3.1013845976116400927
98500 1.8028261737908841678 3.2742922143681698621
98600 1.7743486538613366665 3.5629057453594801252
98700 1.7585913441108727007 3.7908407175553500146
98800 1.7726999789408934838 4.1823367200846499614
98900 1.8021920670430660039 3.8692311304005100325
99000 1.8027496669920837213 3.0428537361325900257
99100 1.8130002915835639055 2.9852545656126001639
99200 1.7944182270925208567 3.4236797332272899119
99300 1.8031302780593190249 3.3771605478920498911
99400 1.794265720686958332 3.0569249440778900606
99500 1.7608192562678408599 2.8806100750370697838
99600 1.7758013362147673231 2.9661730501455099152
99700 1.8066265131892440543 3.4086206501119700185
99800 1.8135344336653191899 4.202892572501490065
99900 1.7876178266004938422 4.603081758605269691
100000 1.7910383738444510815 4.1755631631209100263
