Step Rg Re
0 14.366164233344571599 48.784305206499603003
100 14.355089261951894386 48.497723142595901891
200 14.181649274984994946 46.980605487294496925
300 13.866604141127258032 44.997794034477401226
400 13.436027222047346896 43.250225788983101438
500 12.896521103257523322 40.617935681847100682
600 12.294571542668938591 37.303621430262602132
700 11.648551993581222064 34.304823493162402315
800 10.967533432310077046 31.494824633496499189
900 10.230687271068079625 28.129429410973301628
1000 9.426872740616763835 25.268772825027898676
1100 8.5818433007254597555 22.387391162800298616
1200 7.7111414932693724822 19.635491357554201386
1300 6.8216556478553069809 17.414841996129201362
1400 5.9279851292036882526 14.397337657947099743
1500 5.0282133188839956972 10.53294540731669926
1600 4.1528838986179010817 7.0795409753432201327
1700 3.301537910352441596 5.7701731622173797476
1800 2.5945825756735878542 4.7775047656211997449
1900 2.1602888726237052808 3.600470895611759925
2000 2.1326763140326128187 4.0190279367942496336
2100 2.2068774689963670532 4.1900268690276298855
2200 2.1944314314486446094 4.3534748921575197045
2300 2.2164780730769879646 3.6005549207003300083
2400 2.2970742675866007154 2.0047451245568201905
2500 2.2870502105508778712 1.968858581409580033
2600 2.2782797545159567676 1.592560381279330084
2700 2.4173277082593185305 2.8122198031102199067
2800 2.3177905624741645951 2.9029711804767899253
2900 2.2543204945727612909 1.8868682649030399379
3000 2.1554898740686803116 2.0923691259844399148
3100 2.0736457014459719339 2.061536743292470053
3200 2.1225581426641872973 3.0340082016956899658
3300 2.1992189021728925091 4.10581603920805005
3400 2.2561861563467955349 4.4478651786131502277
3500 2.3301296250649583541 4.1174504104404503479
3600 2.2837317277180768649 2.6257382492547698405
3700 2.2788991088733734358 3.5141849948210102106
3800 2.1235011885278010091 3.4005590530357800993
3900 2.1851048961305190588 3.4972229492879001178
4000 2.1574543229094431673 3.5633469618170900972
4100 2.2147164276746704736 3.2424772741982401669
4200 2.2555542171599092249 3.9933769604033098055
4300 2.1946589032123058338 4.0943814005616099294
4400 2.0360673764285186493 4.6064972191866804252
4500 2.0351291381034615213 4.2780851693666503976
4600 2.1461677411326447462 5.1530939193407503396
4700 2.0335035613911962571 4.1168396613795898986
4800 2.1732881807329036405 5.4060902195434197282
4900 2.1460232758963613264 4.8679287130257202776
5000 2.2025730486935830577 4.6266287255350295737
5100 2.1546449799907270162 3.8882290706486601906
5200 2.048835662666050883 3.8525921929140101163
5300 1.9689012806426762214 4.4746109947187902023
5400 2.0443304271023707841 4.5022307945122204131
5500 2.0917853519885309943 4.145885893777459863
5600 2.0563195964077150002 3.2961750272499599212
5700 2.1026739435672348044 3.6355830972180398497
5800 1.9738612614062627237 3.4297888652980801361
5900 2.0721115155044151912 2.8092734325701500531
6000 2.0297310573578699611 2.2723796410358598763
6100 1.9973942295509714562 2.4887673094686801889
6200 2.0397008678579617857 2.8647290868462897961
6300 2.0451267664265562196 2.1685865170684199832
6400 2.1330166782331034803 1.3311490094205500334
6500 2.1715380561117454405 2.7709939502976199677
6600 2.1904479275508568215 3.8136919608460799758
6700 2.0891835679298971229 1.9791735546949400515
6800 2.1260797495760046516 2.4079689418290799452
6900 2.224728126074600798 2.5656310708332799031
7000 2.1886820444320695955 3.3613566461490198556
7100 2.2274870064122742619 3.7714166949654801542
7200 2.0085381007539653275 2.5254164138344701307
7300 2.0813898829989478934 2.1527555491567698098
7400 2.2702114397179107286 2.1671825364522399049
7500 2.3060436592204220929 2.7864336845069601623
7600 2.3484777980546134302 3.4514121285686401031
7700 2.1920555843779614413 3.2991713609710702215
7800 2.0440754581318922867 3.3496163311623998737
7900 2.0233961794242913967 3.5476243730308998359
8000 2.0921409030222037906 4.126612371955769909
8100 2.0040580108776930857 4.8081425720484300967
8200 2.0732685958529200043 4.7421046112375702108
8300 2.0396851978695234031 4.3220207482088399686
8400 2.0952629347879789812 3.8960617460126099054
8500 2.1353307350130665832 2.6749126113279300121
8600 2.0723332049773377506 2.0013234469187799469
8700 2.0873433595606050162 2.3214357866250301399
8800 1.9824656294520404121 1.9508753972894901096
8900 1.9546752175459232159 3.0795891587130301836
9000 2.0381629530655929194 4.4324220706742796239
9100 1.9805554807144321039 4.2494594380137096223
9200 1.9905160180236660672 3.7136983051669298916
9300 2.1146074520847100153 4.0114356116575002886
9400 2.1523011798993612054 3.323786231487760201
9500 2.2917252129517744486 3.4213748469629701177
9600 2.2864792379641505349 3.42901722491999017
9700 2.1270757451871014077 4.1516105317283900078
9800 2.0570187197623353015 4.0294614375367103776
9900 2.0498651697754532996 4.167487797240860381
10000 2.1629497173013718658 4.0227379036435095827
10100 2.1422202368228817626 3.7601826119156598338
10200 2.0651731692296815268 3.4327982748796799228
10300 2.0431008719187793155 4.1384454865805100354
10400 2.1144428300897080142 4.896253780627779939
10500 2.1493554919841821871 5.0143267682815197972
10600 2.1659628861120232557 5.6409862520654199258
10700 2.2006630674567784212 5.6108482806181996239
10800 2.1143068153298183454 5.5114880446426104399
10900 2.1387588391365985885 5.1335324756218403408
11000 2.1978321218838652307 5.9082701244180402256
11100 2.2014645292671062293 6.4781622228918003259
11200 2.0920190369345026404 5.018909185826320396
11300 2.0446531643406249401 4.6043090223297200581
11400 1.9834279854695449075 5.2612227830232702885
11500 1.9512593064938481557 4.9491761301895200731
11600 2.0364634110806840717 4.9690415344951599508
11700 2.0553450564437021342 4.4427518414866495888
11800 2.2745045713588702974 5.2953789293821795781
11900 2.2770986358673122041 5.532184238200880344
12000 2.3800214553047291943 6.7392281690656101745
12100 2.4514228691836130736 7.5977692255439501778
12200 2.3621829867884440723 6.7722255329991503103
12300 2.2384300045224785336 6.0046532372847902792
12400 2.1356800144083973869 5.1713192530319895823
12500 2.0570984881443927783 5.2006350275624297907
12600 2.0006167363969327155 6.2067003641555196225
12700 2.0870951121710858978 6.2002558466541302096
12800 2.0414474431647731123 5.911037430452140029
12900 2.0490452388627966585 5.8303986924534401126
13000 2.086763972519178445 5.8329331700883502165
13100 2.1355139328042613833 6.2740526803818603696
13200 2.1507206734098525125 5.8658648456055901832
13300 2.0934949030716341056 5.5045072021661596295
13400 2.0696632550042952658 5.4049793435447304191
13500 2.1157892248032394988 5.5982592093519496501
13600 2.195742319617586702 6.4640637531269398153
13700 2.1184733214483206787 6.0230072611973604069
13800 2.0067109570887149417 4.9788324738711402517
13900 2.0341169055270769128 5.2543508845251798434
14000 2.0612747371636355176 4.5249123009759797398
14100 2.1111146644559939389 4.8814293294487001162
14200 2.0654606341040655515 4.1940264104134596934
14300 2.0605197834719084504 4.070362588438180218
14400 2.0303220352315447528 4.3470280665592202496
14500 1.9689078633232079962 4.6619997541746496239
14600 1.9565405951660919115 4.7006108606861696231
14700 2.0107039255082965745 4.97673837100148031
14800 1.9387619912224063334 5.6649426306369603523
14900 2.0577876360911133702 5.0036599439225604158
15000 2.131116829680554936 3.8724863253165398014
15100 2.1274124948681851777 3.7666731038907901308
15200 2.1665003866861125559 3.3731070498928401591
15300 2.1847887654692796922 2.9641712355701299586
15400 1.9979196073119085408 2.3831754291554401171
15500 1.9676086171762605659 2.7321234755243000158
15600 1.8919748242039509112 2.3672541370270101524
15700 1.9958040567737855842 3.0046362771689900661
15800 1.9706977011472428529 3.2018389903251001094
15900 1.9960898492492280543 3.0772343725401398729
16000 1.9699889260256451262 2.8590342014757998967
16100 1.9332936942688714321 3.2840548726835199211
16200 1.9017379627940045328 4.14479121415518037
16300 1.9249511268938648278 3.5761457536729901463
16400 1.8827028793302742482 3.9083281705588799326
16500 1.932068378027562261 4.2177728271472396671
16600 1.9143912746819526927 4.4661739267361095784
16700 1.9008068424819009046 3.5633118114260300402
16800 2.0307878990546774922 2.5245489864835000127
16900 2.0439055408500346189 2.1654326079362000712
17000 2.0365364657543394422 2.0393076418821998175
17100 1.9446511059724613801 3.9906108643093398669
17200 1.9922879245796436543 4.8098803189175800554
17300 1.9669707643175498024 4.0875391828329101784
17400 1.909878989935628768 3.9610262866982202112
17500 1.8943311133927747125 4.3691779327962496637
17600 1.8987105128538857013 4.4472699683961200989
17700 1.8765472242941583225 4.6306973787224698924
17800 1.9527926137034112841 3.8197255642689600386
17900 1.8954382780400764741 4.2879280738634397707
18000 1.9101209365982203536 3.0611868706281599728
18100 1.936746050855495227 4.1399864810116797642
18200 2.0567782283269342436 4.7646916256355096309
18300 1.9834103620766496689 4.5333659279318601065
18400 1.9760230487381658104 3.697660975184060117
18500 1.9706018497390771493 3.5059468096224901679
18600 2.0265399370463774709 4.2381522648483898053
18700 2.0507074029789844616 4.8191273751948395798
18800 2.077730221197489513 4.6617945964426503735
18900 2.0493884071937267244 4.2765220394165099904
19000 2.0562027265054032554 4.0601438431862302281
19100 1.9877744048789658393 3.6058172793731899652
19200 1.9712285264316464772 3.3259789671231598795
19300 1.9863646642978869394 3.246125468844020201
19400 1.9955872321623360222 3.7938995822757299869
19500 2.0329116990647557728 3.4455103256931600697
19600 1.8617215344326289994 3.8695322966977898638
19700 1.9197699500602087852 4.4586824516196896795
19800 1.94347180739488401 5.0391384730507198242
19900 1.9940087397309589345 4.6327656297843802236
20000 1.9482993556307039995 3.8496963046398899877
20100 1.9982676903575458116 4.1161226233855296996
20200 1.9778164707099674668 3.648880768586630019
20300 1.9929919149219990082 3.2087054703824300361
20400 1.9132818134401483601 3.2676231882777497795
20500 1.9870928508387668554 4.1754363059239496536
20600 1.9799807505905926419 4.1790529652171102271
20700 2.0199958035446039517 4.8608027446490398304
20800 1.9457069843640548701 4.1574248109168001619
20900 1.9546238956236992035 3.9291205749215998289
21000 1.9744641178171336016 4.1411460768367902574
21100 1.982471158677158396 4.1971223528862600105
21200 1.9998648282630742123 3.9074663633217898706
21300 2.0663440053697605947 2.9926189478875899752
21400 2.0155035945943948761 1.7850838534683899361
21500 2.0251547312033153503 2.9556674973816998708
21600 1.9694737718090302714 3.3704799431809497889
21700 1.8365934204328160373 2.9022402536461497924
21800 1.9108493369237324888 3.0318245474463201283
21900 1.9316021554453455256 1.6413256557344300113
22000 1.9137176762487433379 1.1452261775787000442
22100 1.8989738423436628434 1.0652301262976000551
22200 1.9422608346667233903 1.1617413945638499495
22300 1.9541990440741048296 1.2148308962332599048
22400 1.9765474578796031757 1.1121259512032399819
22500 1.9484903239664486119 1.0840756149263299779
22600 1.9923046992410897715 1.1692935793866299221
22700 2.0240034896550240795 1.7017005295705300849
22800 2.1013908473128743992 1.7959610719316501104
22900 2.1599078682466865686 1.2722568322874499014
23000 2.229414895952901432 2.0485817818602201079
23100 2.2725834008643559514 2.3661351410893698421
23200 2.2845752752966066446 2.1513127565410399278
23300 2.2699240880300646239 2.5021237664034901016
23400 2.1237903761631291566 2.7863511061620198639
23500 2.0555645860968883021 2.9163657662224298228
23600 2.004952752640957403 2.906830662825750089
23700 1.9465517588830227869 2.4726091639598299921
23800 1.9945132570742496458 2.6714369288712198625
23900 1.9801484022232553883 1.6852328042867399382
24000 1.913480628086332791 2.5726945635715399163
24100 1.9908086937423865592 2.4138426797351399955
24200 1.9775855086602285304 2.2735041541938798559
24300 1.9640572614781448557 2.4602051128580502137
24400 1.9271694563737369332 1.8926348527368999086
24500 1.9151240601661649876 2.5467283675134297916
24600 1.8854976463829495881 2.0332247082302101759
24700 1.8908978668714042648 1.9893171352109100258
24800 1.9198675952025447966 1.9791276497377099375
24900 1.9102173594770837095 2.3793824361730901984
25000 1.914666977002563053 2.649341833331980034
25100 1.823352769903759274 2.0622177500904999015
25200 1.9092999747986934 2.9166722613065401148
25300 1.8938897653846167302 2.83724767805082978
25400 1.9022923838110539219 2.7225452303917401231
25500 1.871061645242639182 2.851980019967149893
25600 1.8716361875262990111 3.4964968383191301626
25700 1.8808275751403291665 3.0121695111664799072
25800 1.897346798011357194 2.7317826453528599728
25900 1.9086574781911942456 2.7095868829760099139
26000 1.9096778535773479835 3.1576397868181498296
26100 1.8942074274653197818 3.0271522908425398946
26200 1.943349131631229465 2.6530397223201500623
26300 1.9165858808287459247 2.8851886887278701543
26400 1.8902235727120371145 2.2257424786242698822
26500 1.867983737127047128 2.7123604712659998839
26600 1.8544418581957571313 2.4178904072516900214
26700 1.8992973433754720691 2.4338913979224701123
26800 1.859264222913391551 2.2160825105747199437
26900 1.8766822861318936955 2.9499539535235799192
27000 1.8793023670881650045 3.9985302835335798655
27100 1.8670641343052749583 3.4013693910147901889
27200 1.9163104314619103796 3.0761357482277897901
27300 1.8899736873701606932 3.1897038312051599895
27400 1.9604393126121417712 2.6019529796616400752
27500 1.9004035563600842895 2.5347385265293498335
27600 1.8818128177851796146 2.907145741347339829
27700 1.9528700912978151916 3.1982284944845997821
27800 1.8927795462584706687 3.1840137806507398111
27900 2.0015013467612914333 4.0066094496928297275
28000 1.8702305504691514315 3.9333102950777201201
28100 1.8785511431591837006 3.4873786624128899625
28200 1.9351702083437769542 4.3062738958495998531
28300 1.9324303393882800162 4.1986060149547403952
28400 1.8654127270786537984 3.4074729354321000585
28500 1.9790418929189907971 3.6520649529386299825
28600 1.9235982164826048724 3.7031747820499698598
28700 1.9374905414880227994 3.0833220400949898909
28800 1.9087065654766204315 3.7216942481285801847
28900 1.8811883065343035781 3.5885874726171698157
29000 1.8528339228764696411 3.995087297906560142
29100 1.9362336862339726284 4.4354693449091397994
29200 1.8947335558544184941 3.6892591214392598253
29300 1.8931884341802802663 3.521483094432929839
29400 1.8895015680597611052 3.7832579128152001857
29500 1.9100265102179980747 3.8813399130020798111
29600 1.8649304172279572711 3.9380628650087801113
29700 1.8768471301766320725 4.1390343488982299647
29800 1.8751326665828529361 3.0262902683771302215
29900 1.9113711619465865166 2.8368593166339199918
30000 1.8896324441621588086 2.5474644892278202057
30100 1.8938092205296650494 2.942836576759889855
30200 1.9015909335409721947 2.7657301620602301462
30300 1.9360521386050710824 2.5036198134904998902
30400 1.8860338767381463754 3.0594771655589600989
30500 1.886731783624923775 2.9707336592337498793
30600 1.8963462736148686272 3.0293506681285600202
30700 1.8515742482188231044 2.4718959608047201826
30800 1.8334855085782248985 2.1865283067850098675
30900 1.8780267287037308854 2.6874262371637400726
31000 1.8979058492872913355 2.7975300907044799992
31100 1.904304502381884312 3.2894783276886001566
31200 1.9134734659419236902 3.6760753806364601104
31300 1.906058946327466419 4.4376626732553097199
31400 1.9487072856391018938 4.52115449680189041
31500 1.8988223416766980556 3.1203604625387701965
31600 1.8642197675858231953 2.2668280058615999373
31700 1.8741880614885939593 1.8343031662434801099
31800 1.9168068292832289856 1.8895445576095299955
31900 1.8454323847618598897 1.9882874026985599691
32000 1.860164912024084849 2.0742037107155399944
32100 1.86707539197481176 1.7901359652802000255
32200 1.8776203459277660546 1.9964543718972300734
32300 1.8562162415467300391 2.0840409430377500044
32400 1.8796598492017617676 1.7912277789651500637
32500 1.873155170632381461 2.0232807094010998306
32600 1.8505929016824607114 2.3867339778834901765
32700 1.8551173866471908358 2.4951292802318798536
32800 1.8727013295546541816 1.9538504816975699185
32900 1.9000816634029022989 1.8317983161360100741
33000 1.8343048119786586891 2.1466041111811100528
33100 1.8833088536831921189 2.5596015106964298269
33200 1.8492145585740569214 2.8530275482106199902
33300 1.8991355287716940037 3.0695598609695498027
33400 1.9612252352659333976 3.1948708734783801688
33500 1.8743521602382813285 3.2397174852256500621
33600 1.8407478524313649615 2.8877783349685799408
33700 1.8831311389167042503 2.6275037193702401872
33800 1.883266934092862277 3.1560986850474201937
33900 1.846196350340429726 2.8278549881387200493
34000 1.9123738809844086362 3.0003324681303800148
34100 1.8763134482839221029 2.5046938428539000654
34200 1.935029578550682805 2.9053186433864501836
34300 1.8949719631914143658 2.6503006954839900544
34400 1.9192867291099116045 3.1563996001795300295
34500 1.900884509813138612 4.1207403491317702304
34600 1.9210488067303999049 4.3548123002583203345
34700 1.8281374553609623934 3.9958687850651601892
34800 1.8724282710861064327 4.0388561982453801136
34900 1.8338762019978949169 3.9790613451443799242
35000 1.8862240511907875096 3.6778587684669301616
35100 1.9462217525105980354 3.2027285441886501616
35200 1.9519692785719469086 2.6976646877984999939
35300 2.0369766097629682378 3.4656005658255399915
35400 2.0723108460119155083 3.753401999756280194
35500 1.9989906691717715947 2.5769837159278798921
35600 1.9838863465997005342 2.8861654543962997899
35700 1.9194836056645456779 3.2016655671023399599
35800 1.9029790176741754326 2.9208492771425098589
35900 1.8678926859783167025 3.4150353376391100468
36000 1.8359115332229216655 3.4032498752808701958
36100 1.8957442334273262308 3.402033854108990063
36200 1.8768463573106044517 3.5871509010372499837
36300 1.8569713791938602387 3.8989502515281699857
36400 1.8904843617959870006 3.5366991493516999334
36500 1.8251170471356150671 4.4691516687767602889
36600 1.8297375992561135671 4.9471640912442902405
36700 1.8353241670945226183 4.6906894618182599643
36800 1.8809522409875421012 5.2124593882872503059
36900 1.9224660850159618342 4.3475913161938102292
37000 1.8709636260830653232 3.6500436570755301346
37100 1.875296247071172262 2.8560154778879001114
37200 1.8688211212486480761 2.9548161557790000309
37300 1.8120927138084477193 3.9122600724207199363
37400 1.8548242905750844667 4.0712054968115900522
37500 1.8430270554280461237 4.0450190812078696823
37600 1.8399106431184661936 3.8427908358892199914
37700 1.8498873913427409388 4.2371721234036199277
37800 1.8857133643810175538 3.8526525931275901193
37900 1.8353579114688245433 4.3365483467081000768
38000 1.8279285863968333103 4.0906592985285996633
38100 1.8367885374521351061 4.1313171595846300832
38200 1.8608214097984874247 4.2732110227759001475
38300 1.8363900393200713879 3.7707018765187698683
38400 1.8525102337771532923 4.0126326337690096935
38500 1.8444711313169364075 4.0545787758492597419
38600 1.8564719420578927878 4.0106547050419303346
38700 1.8777282850151866267 3.1100371349484499106
38800 1.8530409418270941124 2.7281788093001999584
38900 1.8476247255856821372 2.238425498101380029
39000 1.8584518624653407759 1.1403010132946200805
39100 1.908329181617609116 1.4643073335070300178
39200 1.8991219141316946217 1.2002838129883599549
39300 1.8834699693957110966 1.1535954108648500682
39400 1.8739647694672816325 2.2578648987123401959
39500 1.8977699794318010351 2.6804860694763701368
39600 1.9036870888684760406 3.4747044714932000531
39700 1.8841709089065039606 3.7363382381936398602
39800 1.8926813618696070041 3.5016220422719901428
39900 1.8508930153141840425 3.9206828399227298121
40000 1.8830028084089562856 4.1314597113957001184
40100 1.8811987427505065806 4.1777392775605397546
40200 1.8454471197733457455 4.3145377628289196537
40300 1.8691883421683843647 3.469248993258060132
40400 1.8684635293022471281 3.407538656688109846
40500 1.8869765886169631575 3.6340114737031998793
40600 1.9183620241902434866 4.0486511135087397406
40700 1.842715834864706137 3.4324268938051498701
40800 1.8201055675798061273 3.3232751228340999816
40900 1.8454440831466691897 3.4734523491855902044
41000 1.8339817476025481735 3.3144406264289800745
41100 1.8681212392292190216 3.6180482468981298716
41200 1.8526507347110467983 3.9415840197259202071
41300 1.9007979416786378035 4.0823064681607696969
41400 1.9010848821358659055 3.8255279342214598692
41500 1.8578980002258400628 3.9938833190494200664
41600 1.8623206411261534754 3.896018324411699929
41700 1.8811514295197873103 3.8843887011977300538
41800 1.8590408532538571507 3.9972151328271801063
41900 1.8053409395068662491 3.5084677034115800964
42000 1.8295395342782758696 3.7204016458459099326
42100 1.840615340684060186 4.3114937666385300119
42200 1.7593033542916471923 4.0386042228646399366
42300 1.8263827697032481989 3.3918137460267900885
42400 1.7933710524137678188 3.3010956603249899111
42500 1.8386104412038331013 3.4659593556765200262
42600 1.8387391674050570511 3.3540092660206699549
42700 1.8264600214863200289 2.5956413699828702057
42800 1.8527722732565121699 2.8619018493580701268
42900 1.8379093599467222209 2.4574616685671100136
43000 1.819772080380445356 1.6474395222376299053
43100 1.7934041140331398179 1.1144132416354999293
43200 1.7797854881840733388 1.0299351472200699575
43300 1.8088262348340442554 1.3970066124988400613
43400 1.8254537012887190883 1.909179967645380005
43500 1.8424278403353369082 2.1707597052074700805
43600 1.8160243194141885148 1.9727001827403900514
43700 1.8128703852487881854 1.9383203505314698933
43800 1.7913485386914473896 1.4420453294114299325
43900 1.793791521410142531 1.1686807844795699118
44000 1.8106268290780809238 1.1679172563134199159
44100 1.8548767267367669564 1.2898834954052100787
44200 1.8512901664085270603 1.5080094002041799506
44300 1.8064591589628171686 1.9590634243799900371
44400 1.8491237295728091272 2.1762343204565199883
44500 1.7759199716189331131 2.9542716202435799211
44600 1.7839305402935023981 2.6568731752847600802
44700 1.8168149670573188192 1.8992056544574200672
44800 1.7878244315228892791 1.5255953030163000861
44900 1.7995309168815534218 1.2978059217605799613
45000 1.8043271551077291193 1.1866575414840099256
45100 1.8256343824535394837 1.4968450596041500411
45200 1.8048772129988890356 1.5314330921420500342
45300 1.8202366605856605819 1.7996434884738901072
45400 1.8138476847175339923 1.8487713192601000767
45500 1.8262607424319676763 1.79887499820353991
45600 1.8072903540762961239 2.2865499103958097926
45700 1.7878741407325153823 2.1359901363382598483
45800 1.8648251615438644624 2.1941014756135199804
45900 1.8167244180275765597 2.3925935626752901086
46000 1.7807516045346365452 2.0093244575154298737
46100 1.8326379468655271676 1.847534103578789999
46200 1.8283358550655786079 1.538864926370560049
46300 1.8210329416301818117 2.1198545891677000874
46400 1.8413303733187353917 1.3922773149002500848
46500 1.8719273029778609185 1.1499791910805599038
46600 1.8494520322729206541 1.1826047397001200334
46700 1.8308856814402867386 1.3921257145113399289
46800 1.8505297179431974275 1.7637715814751400156
46900 1.8399013988620411819 2.0313552480840599834
47000 1.8128693827001349792 2.3871934899063997904
47100 1.8136613082402712749 2.2091708624558599183
47200 1.8394884734394572057 1.9286633747057899679
47300 1.8604992195827623203 1.9466311304717500708
47400 1.8807224404452171918 1.8719372628698400796
47500 1.8463140178530068614 2.1027535722229999671
47600 1.8077868984796057195 2.8577496463153098105
47700 1.7951866226184993725 2.9636464999137199783
47800 1.8322455368459549252 2.0825656329542199252
47900 1.8421125627891914434 2.4674325986034197911
48000 1.8165924282685050883 2.4791895782285799932
48100 1.8107232782799926873 3.071768689537300201
48200 1.7923985296347844098 2.5207742989025798686
48300 1.8057487304661858918 2.9308837899043798103
48400 1.7855351610888501313 3.2593926927293699336
48500 1.7894274955076419076 2.9178250333503101821
48600 1.7907038337812768436 2.8205636181396598339
48700 1.8153883984056518042 3.1421044187575599693
48800 1.8061461008494164027 2.8725716118572601765
48900 1.7729415366956251532 2.6775084764167700335
49000 1.812771271362090264 3.2747006123161002122
49100 1.8030332094066561233 3.0375425003262099821
49200 1.8229026067509104259 2.9004293874955098254
49300 1.8295722335756634536 2.4263853875217797906
49400 1.7813127943322408786 1.935399602075640102
49500 1.8058276550846381614 1.2005292794353898955
49600 1.7802705742794942001 2.0670451854934199787
49700 1.8206401555964157879 2.2985198667844501941
49800 1.808035076083059467 2.2204942554565998414
49900 1.8149293958261598636 2.897302395853150081
50000 1.8521155995823448404 2.9022199126689800508
50100 1.8383705568418562404 3.1717720752928499905
50200 1.8002560619220793203 3.0161099880019901498
50300 1.7913502926260591597 3.1308440618687898294
50400 1.8185240413437684381 3.1716445124947600931
50500 1.8196174141908527666 3.5710886006110498236
50600 1.8948776827882938267 4.0693458802031399202
50700 1.8322867072787007992 3.5204679401159899577
50800 1.8360731821858580215 3.7154854556959100442
50900 1.7983553217877601416 3.7629208744227700123
51000 1.8046162841514059583 3.7182003076528600261
51100 1.8061782967632333818 3.7257234308718301108
51200 1.792423224249570568 3.5936611723558500309
51300 1.8152701132902799852 4.0267015698651995592
51400 1.8054544725406032057 4.138247541357570114
51500 1.7773218442909735071 3.8331036147509798262
51600 1.8043717148075650858 3.2257756628276101907
51700 1.8123763314571610383 3.7259411082078801591
51800 1.8304615559732853036 3.7239557285167599332
51900 1.8353219077307758589 3.5550894420695198228
52000 1.7708476687801089078 3.1713126577690098351
52100 1.8207847404513550771 3.3603785744403298352
52200 1.8213474415329322653 3.0202801565466401712
52300 1.7953277597892138839 2.7769169151905099824
52400 1.7838095465212164825 2.8812830657671297807
52500 1.7870793299194014381 2.8260346201501298502
52600 1.7594910622694770463 2.9585524247884098514
52700 1.7899898687427078237 2.8591721679624799712
52800 1.8670424047626734687 3.0285033426936398548
52900 1.8446010019863690044 3.1495400068764398682
53000 1.8249685980134173757 3.4737671697215501965
53100 1.8506163564992288428 3.8529190269820499104
53200 1.8143871157207918099 3.747396962365349804
53300 1.835930817777273738 3.7863986355628598268
53400 1.7960440288653218843 3.9313545668304699099
53500 1.7766947390673326623 3.8208904603296001135
53600 1.7823182136452109248 3.6112328499142800631
53700 1.8472284953842346145 2.9858302885618099864
53800 1.8005548836463771689 3.5950119875186201668
53900 1.7897638489003564466 3.5485882835589501738
54000 1.8211234952848069923 4.0186447670296701062
54100 1.7742421352746986507 3.9790659269960801936
54200 1.839338770159298031 4.4725220327565500256
54300 1.8027556682397103405 4.1685904926589598674
54400 1.8288895954905803887 3.7642561211333998017
54500 1.8034454180971168924 3.5875737816305099948
54600 1.8111051909637634338 3.6520637448449799756
54700 1.7947902406878737391 3.9381837086974900153
54800 1.7961923139360740365 3.5588879122048702186
54900 1.7863297709360903553 3.9359063100530797819
55000 1.7720830073012754369 3.8839780836588500001
55100 1.8469660600932973349 4.5530903389295902528
55200 1.7737589487968143942 4.5694586420982004071
55300 1.7884353878396517246 4.150377786907739619
55400 1.78092058427791744 3.4937622571973401264
55500 1.7905200848385822709 3.5291030825869098564
55600 1.8149757107680581925 3.7519065489118199608
55700 1.8098496466904887559 3.2341565350436201065
55800 1.8536411333460487416 2.8721825382517400804
55900 1.8181060863236446767 3.3974362284686598912
56000 1.8429398371996514872 3.228377015952789808
56100 1.8270123515058787067 3.6801194378984400934
56200 1.8368296863654134388 3.5594507795353500512
56300 1.758147259178388877 3.8513950975734099202
56400 1.8175484135327697466 3.9142838979775000929
56500 1.784230668154736632 3.615375211193660121
56600 1.8011132907229634448 3.7258473997178098713
56700 1.783984002555096593 3.6363665888454401731
56800 1.7647461189315809538 3.4130870171167200233
56900 1.7865496131553590953 3.5124814675902999994
57000 1.8313930017191666355 3.6983369234943399562
57100 1.8197361808169327801 3.7001259240488297841
57200 1.8073583259957199942 3.5195209039478601021
57300 1.8184551496021463812 4.0303051191279504195
57400 1.8209393882773798889 3.3311123018891799497
57500 1.7892361543539716529 3.7056584049194998265
57600 1.7765718346271537342 3.498911753407420111
57700 1.7946339829800332932 3.7622425810490001119
57800 1.7921107372205116182 4.4669882887396203941
57900 1.8060950290007096175 4.1532060914297801446
58000 1.8052188408554317167 3.6266187820424797827
58100 1.798084213521793373 3.5891587379739098296
58200 1.7978827699751716018 3.6666962051688698487
58300 1.7962758076284239817 3.9502862824967102107
58400 1.8243127737530047128 3.7725073404566198398
58500 1.786404719023519938 3.6794777367595101758
58600 1.7845853721525448687 3.6214671671187601554
58700 1.7797912362954204646 3.5230272025105699996
58800 1.7736631153142559114 3.2585691733346999754
58900 1.7928066754823173135 3.5328386634372601627
59000 1.7977475755224605614 3.7573141820780500133
59100 1.7731097400407185294 3.8599036575339398247
59200 1.8090258856032246371 3.6410550021045597902
59300 1.7816000352551928376 3.5700516727591797839
59400 1.7878313268734691288 3.4784531128905498143
59500 1.7948806285469622868 3.215251725653800019
59600 1.8283997653375367864 3.5181467309663099208
59700 1.8097126091520441271 3.7688909575010098862
59800 1.8550261857945271604 3.905237187605299809
59900 1.8348241787237338229 4.1064152778964899682
60000 1.8013763476166755328 4.0334971245147599461
60100 1.7896703236654263325 3.2875859394523700985
60200 1.8209406277516708705 3.2650615689837798605
60300 1.8614471376247792023 3.4444280946652598985
60400 1.8452167221425697097 3.3396464932873097808
60500 1.8000983363509241997 3.3761385417768501327
60600 1.81075437953182794 3.7996476109806200938
60700 1.8586977555347887758 4.3882594561819603385
60800 1.8173792959477872433 4.2869407246760902197
60900 1.8159324178823803564 4.3587660413275699511
61000 1.8121880780272319189 3.8745619235591601814
61100 1.79729889341961524 4.7368120776516295933
61200 1.8287543531423873233 4.3069004100215195763
61300 1.8148603255530604272 4.1739634571467503221
61400 1.8010525205442657892 4.3910683322910797344
61500 1.7694030849988846565 3.9146839925617600287
61600 1.8203265151905065888 3.6056251048874901066
61700 1.8404495372190650126 3.3740578709824000647
61800 1.8114566451208764519 3.2693020173064999412
61900 1.7651434391116054279 2.9692684236387600905
62000 1.8060737526302363953 3.2016355029206300387
62100 1.802176734659835855 2.8613382020997000232
62200 1.8080882430992477605 2.5128650023562699722
62300 1.7928395612536811576 3.2209496211370898244
62400 1.8090715299910451463 3.2327043483945101521
62500 1.7961961222890492351 3.5701374429856600479
62600 1.7861294026430329929 3.1591907990237699799
62700 1.7762645195313229163 3.1990067019093699763
62800 1.7695519962366281774 2.7529927113412400175
62900 1.7973752302692200811 2.7490890930793900893
63000 1.8150227342565896649 2.670321091868339991
63100 1.7893480230826257493 2.7338836411651099567
63200 1.8068403682554163847 3.1134338455444501292
63300 1.796241586672174817 3.4443539818560799937
63400 1.8365617198616364103 3.7827425938024199503
63500 1.7656135609774863404 3.7981516225678699783
63600 1.8025474851388794129 3.6248745561093498324
63700 1.7747096692409298768 3.2405381132860799909
63800 1.7959851238009489904 3.8400410589459199606
63900 1.7838317512989989577 2.7827669108938799525
64000 1.7732937762312264152 2.7896169696736801136
64100 1.7622313905151369973 2.0489755842229597782
64200 1.764051726929914965 2.840604017267180037
64300 1.7755454062497653123 3.2052544500763300306
64400 1.7917165521722551169 2.8348441093516401068
64500 1.777075947961781921 3.0653351041739900218
64600 1.787495822027473924 2.6047106275853701973
64700 1.7516163153774688688 2.2126166971992597965
64800 1.7714684873102035656 2.4194118851988100083
64900 1.767449932070208396 2.5859357054325697867
65000 1.7859728629404776346 2.6456594820481598163
65100 1.7800915676715709512 2.24608186145156008
65200 1.7950220378339969418 2.1470080080047000415
65300 1.7866426186354416039 2.8843394506023698476
65400 1.7719513395951052015 2.7030043191839001615
65500 1.7724091040693434884 2.798485261946849878
65600 1.7627416954060448617 3.4141825668907799241
65700 1.7720246741807732516 3.2745710232380398352
65800 1.7860157217148666664 2.7772501643968299234
65900 1.7801481096416031935 2.9464067324945899529
66000 1.7889181026339693314 3.2919226590449301995
66100 1.777868625000815106 3.9452765374902298845
66200 1.8007602855416848797 4.0560476500510000974
66300 1.7569131872664132121 3.7721337525765399334
66400 1.7631278845244768849 3.6721557798221100555
66500 1.8181858330179074823 3.5531118105225401038
66600 1.8074105252294137003 3.5153842075913699361
66700 1.811243935621740464 3.5066942803123901662
66800 1.7951022953656232684 3.4977178472879701943
66900 1.7984212517722044655 3.5408035345755601853
67000 1.7753866598770546847 3.5640002542370101679
67100 1.8032248393502512407 3.5710949504409499333
67200 1.8062915865242079594 3.4324021471169099406
67300 1.78027103303493206 3.3579251387021500364
67400 1.7539837806030995626 3.1671727208709299362
67500 1.7726650782695136943 3.2863023448705099838
67600 1.7867158337335085072 3.7503424199594399546
67700 1.782706467569009412 2.9735606203139801629
67800 1.7653910758826989458 2.3427348622897801178
67900 1.7777264705523070365 2.39606966259878984
68000 1.7496031616205387493 1.9740648707607699741
68100 1.7660281689223560342 2.1304819076485799201
68200 1.76788762593075921 1.9021575872059399703
68300 1.7905299292580347803 2.4427162879973698395
68400 1.7953106277584838235 2.0940084755947601103
68500 1.7823464744868182663 1.8669955112440699274
68600 1.7696200455299164744 2.1605288982159400746
68700 1.8005827042034439067 2.1548069777226799282
68800 1.8103596459694384357 1.9200380472767999418
68900 1.8095569744317765437 1.7798208060582501044
69000 1.8082016551748703037 1.7180216547891600243
69100 1.8111681947674413973 2.0050383326430400999
69200 1.7801141121178187809 2.1375454754055898121
69300 1.8140340681527860056 2.0038108000695897815
69400 1.7983548077849338398 1.8084297095573100833
69500 1.770371878070511551 2.0113530890223900727
69600 1.7640873628615902913 2.3516930610066899554
69700 1.7638425979984311276 2.8336892737967800393
69800 1.7731187113818132062 3.1360504570018599146
69900 1.7762311785607622916 2.7937631292472100419
70000 1.7798600378578650627 2.6746870301846601414
70100 1.7780670171411276925 2.5638410701944600589
70200 1.8140315303625245136 2.978582905377300083
70300 1.8083665188416002678 3.0689005825642898806
70400 1.7825111012453620507 3.013983882108679957
70500 1.7875869706095519618 3.2426648694309601062
70600 1.7766860305827425481 3.0760021571872599999
70700 1.8304300404872497765 3.6842863667720400223
70800 1.7856910732271957798 3.3866512121961798165
70900 1.79389249614673707 3.687076375102539938
71000 1.7838988217639402123 3.4302302576143799406
71100 1.7885231347349030973 4.0253252382545001709
71200 1.7966974928476440176 4.268892914135589578
71300 1.7812777009689475527 4.3521347547032203096
71400 1.7877107408973811342 4.5151780684561604318
71500 1.7928097786710663897 5.1071876179981696708
71600 1.7907145561769304276 4.5839156482962799544
71700 1.7891164806411465893 3.9454703314367800537
71800 1.7831336643744464254 3.9930147028260298825
71900 1.7757042446989770301 3.9598926297817400588
72000 1.7822286725750338121 4.2070604425873003862
72100 1.733022327283523234 3.5517321605045899524
72200 1.753446229160263492 4.1700251522521298853
72300 1.7890629706777565477 4.583629498031780436
72400 1.7790679592761347028 4.208107107182019746
72500 1.7753105491874210387 3.9940322662348299865
72600 1.7831767605446866565 4.2940156280499301999
72700 1.7851817536467755598 4.3481011365524002699
72800 1.7542764276256521683 4.1864189288065301042
72900 1.7482882193049051889 3.9858379816698201736
73000 1.7428616696651204609 3.6843378616049697882
73100 1.7902075876701384338 4.0363688100978496465
73200 1.7738705271321399959 4.080789703193249629
73300 1.7525716517386580318 4.0813661065814104134
73400 1.7642217501548833614 4.1150686104696303502
73500 1.7685606789861882948 3.9403853743073300464
73600 1.7498692158193327462 3.3577787443205000528
73700 1.7542344920086569982 3.1163640062800199715
73800 1.7701849519425045809 3.6391933979711899028
73900 1.7810101725620306468 3.6077320694099301868
74000 1.7495248320884497772 3.814859525242439986
74100 1.7700884437052430975 3.9805489642399001227
74200 1.7666012050286159507 3.8449327188691397872
74300 1.7446951148963822931 3.4237276890777699201
74400 1.769293545200614215 3.4853708689412399302
74500 1.7900707231887849069 3.9582625741100301298
74600 1.7626691499130966445 3.9191665921015199636
74700 1.7482744150117173199 3.8082121909961799133
74800 1.7653698168593148221 4.1601670931128502673
74900 1.7756853805662449197 4.7149144689624895577
75000 1.7850559323936789902 4.460498945858899944
75100 1.7610956147973060304 4.4155286084007201453
75200 1.7776019619578102837 4.1624764870736399303
75300 1.801779663458569436 3.9445140128615601149
75400 1.7654755047417141078 3.8113662295497001686
75500 1.7459916015567906733 3.4566848622278301129
75600 1.7587489539319436371 3.079477703681220202
75700 1.7578485035940905057 3.5037602468043198556
75800 1.747864631255104273 3.792772408913649862
75900 1.7449483011306201607 3.4831155003368299283
76000 1.7458612013991823275 3.4401873904096897938
76100 1.7398818944542915332 3.1288528767553001053
76200 1.7379707789766931647 3.5729642526308600381
76300 1.7768095342137668613 3.8674017101205602209
76400 1.7646714967317964629 3.9161389652925397975
76500 1.7746994036294638786 4.0115154880273600213
76600 1.752968655069305548 4.0051855063941399493
76700 1.7621791012800420706 3.6261405347086599349
76800 1.7660278358291907619 3.1270840498485101833
76900 1.7556244284469557648 3.5026320212039099289
77000 1.775824693356816919 3.7267693913443897813
77100 1.7587520491126034106 3.5687952793663297868
77200 1.7621839065400748403 4.288433608853630119
77300 1.7492880843818521264 3.5728111941605997792
77400 1.7326307576804729216 3.8357961421396900015
77500 1.7352449387507458134 3.9610882117938901459
77600 1.7706213339994187894 3.4957451819531799586
77700 1.7539682602116200005 3.4033190577579102154
77800 1.744484563541320199 3.2815175289857601015
77900 1.7365471184436334084 3.0310502027040899797
78000 1.7352881556515655781 3.1766433635789499412
78100 1.7474040727651594107 3.8447120924914499618
78200 1.772072138157642307 3.973920007849620184
78300 1.7465546643158167406 4.0168114202729698903
78400 1.7854793908454125173 4.6344515472074903073
78500 1.7511014241489510912 4.4008225925397503886
78600 1.7775453479748046792 4.3777097799849302717
78700 1.7493106164803735592 4.0607418666047099265
78800 1.760222034692344284 4.3106838644722200726
78900 1.727561369276716885 3.2610122406406198969
79000 1.7224141514402642184 3.2672491314201002055
79100 1.7553731358033346499 3.3150818523297300722
79200 1.7482347799884490058 3.6621121596227799166
79300 1.7515478940313180534 3.5704770653531898716
79400 1.7257900260007310589 3.53429375260588996
79500 1.7645163689701242049 3.4399749139396997855
79600 1.7588493910774212203 3.5584026762382099385
79700 1.767970261017117739 4.0220396407369696234
79800 1.7655931353161080644 3.8208019556790100424
79900 1.7590295368057558001 4.2010919175953596039
80000 1.7601036814648949314 4.1155716903563304143
80100 1.7665789797409281459 4.001481427015040282
80200 1.7557786176866663208 4.5311365892402699629
80300 1.7698462424181393704 4.46915662716734996
80400 1.7449338784771297739 4.2310415789902799943
80500 1.7318203741758237957 4.2101915173016601912
80600 1.7551907213545339115 4.2291468715183802018
80700 1.7827516702867240994 4.314136304938309685
80800 1.7621286958538984191 4.5783420194733404074
80900 1.7465183693361006068 3.9847993698551400499
81000 1.7595074764179730042 3.619438713448449807
81100 1.770747302269304102 3.8056295758828397879
81200 1.7779859706832388255 4.1501529605611002793
81300 1.7459941825234137625 3.6063326285177899067
81400 1.7605454050620312767 4.1180133478484801657
81500 1.7858170344142929586 3.9959343747671001168
81600 1.7759998011459934286 3.6998137876698198312
81700 1.7422224312504939192 3.6549247012600001305
81800 1.7495515999933193285 4.0858858275922900205
81900 1.7699001068269035741 2.9306388167975501169
82000 1.7682469903904844966 2.5422446181809101873
82100 1.7431080808171786067 2.391927152895660047
82200 1.7438145232342461277 2.6589427808281400623
82300 1.7424981989528693926 2.7231900222290201796
82400 1.7592714369001503094 2.5607533834256601679
82500 1.7612082568297715568 2.8027455061625801136
82600 1.7538484160920400079 2.2747724530154598277
82700 1.7521853976295647115 2.0176748051115098725
82800 1.7776017046835383972 2.0729927393225100474
82900 1.7515724214965142647 2.568504260994020072
83000 1.7247811031068907006 2.4147484215275198949
83100 1.7636330178684211933 2.0522811527266098253
83200 1.7515419119702348993 2.2702362881860298494
83300 1.7574001786244626278 2.0228095443672100551
83400 1.7543768316879946312 2.1811867992632398838
83500 1.7502582241515096673 2.3874364228094200335
83600 1.7440174367541971812 2.0782019933072599649
83700 1.7656391974057792371 1.9783963429541699952
83800 1.7757683773721324449 1.9015927824379599276
83900 1.763756314914803891 2.0739300591256801809
84000 1.7417392875762836013 1.3819161638580399476
84100 1.762686720264367235 1.8036101038029899168
84200 1.7701353593106790019 1.8867671162362700255
84300 1.7605110017776390841 2.1793274142504501789
84400 1.761434484789054622 2.021888343053519943
84500 1.7625205938026702324 1.4025269744104800207
84600 1.7542125181308991788 1.4984980007765200671
84700 1.7602639205731949179 1.234245723829529906
84800 1.7629698421126864805 1.0742605246558800669
84900 1.7848499379699735989 1.4989720835549600331
85000 1.7774528546591086275 1.6129770882714700164
85100 1.8271061433825483977 1.6305836691009500949
85200 1.763505333539676645 1.3783661756250999986
85300 1.768974283304126649 1.1510596156555799041
85400 1.7914104492653819545 1.1410280431428900805
85500 1.7921335488332379438 1.4842811648649401057
85600 1.7801426014679737619 1.0876818511918600052
85700 1.7701917234824864344 1.6449765645753799959
85800 1.7599570260659045395 1.4551658249271000045
85900 1.7557205001382594212 2.0359294394094100689
86000 1.7567058656111864678 2.4270708033564201145
86100 1.7547006812306278345 2.4677956531309401811
86200 1.776757961887949655 2.461693310239660093
86300 1.7785580201405775114 2.2265515106622197905
86400 1.7558534697439365235 2.2876949209236898675
86500 1.7620120256608420295 2.2783790594003199281
86600 1.7856562516418648112 2.7473853968412900173
86700 1.7804576495091879451 3.1171381639870201496
86800 1.7634413070438712534 3.3667987203193900925
86900 1.7829078139117977564 3.3764502084807501703
87000 1.7700080480337976319 2.9244062520187799059
87100 1.7644097939481258042 2.9399922455170801605
87200 1.7669350141024915413 2.3284010590114698758
87300 1.7435262914881872742 2.1232768409971498613
87400 1.7767304758806055087 1.9363378911277600025
87500 1.7570740651470895255 1.9819757289319399618
87600 1.7825631908216568178 1.938099309505469936
87700 1.766397372397674026 2.0167824171036499159
87800 1.7546912590336323223 1.9264018413841699218
87900 1.7613334593321816612 2.0929825327815900771
88000 1.7648376412543551606 2.1637542823331998854
88100 1.7456011627598451152 2.4076831398728799627
88200 1.749943326653290665 2.4741736853886098224
88300 1.7703893932102245934 2.0119979885019501076
88400 1.7655518414416884188 2.1856143919785400165
88500 1.7634038859713467851 2.3460689945440598159
88600 1.7450537689673377706 2.2944370199150898593
88700 1.747765915677817139 2.4796099919981098303
88800 1.7416289969756340028 2.6402149687341500695
88900 1.7536251550984094383 2.5137856538436400555
89000 1.7591690261643933013 2.6996035726940199595
89100 1.7738950290512478514 2.8441891895538700119
89200 1.7456981314599369082 2.5545489562976100295
89300 1.7684711137811088832 2.2480083025178601019
89400 1.7847898022230743731 2.4080957137713201455
89500 1.7766278788143425871 2.5394959507921601727
89600 1.7646001968971021245 2.3429607721672498499
89700 1.7552293611194864642 2.3934484052710200963
89800 1.7549906879665562176 2.7080119601085099745
89900 1.7366774547775629678 2.4415543353312001429
90000 1.7590815313132515119 2.5951354615776898171
90100 1.7793045455923033327 3.1203259683836099825
90200 1.7707064789562265705 2.9734721898885401181
90300 1.7912200967515008454 2.7310080779356900038
90400 1.7671741267702598677 2.6637683537921401644
90500 1.7591937843932243801 2.8438500407801501346
90600 1.7714632886951688917 2.5916024909266899279
90700 1.7485100477626167592 2.6764518379062498532
90800 1.7711249592505078354 2.6523439313187200383
90900 1.7745213127644028361 3.1194647075712600426
91000 1.7947945332486372472 3.7467864724196200399
91100 1.831408396128052507 3.8099339163550500764
91200 1.7870199318424160317 3.9330063032554098967
91300 1.7868855691123137763 3.2668481973270400154
91400 1.775023967896242949 3.0341506559812101429
91500 1.774058930616056351 2.7916461099080800423
91600 1.8212092709502665233 2.7307262399719500756
91700 1.8195328792257248196 2.9396192880234202072
91800 1.803512386352283059 2.751266206911409995
91900 1.79006087604482933 2.9323169635406300948
92000 1.8046525209097887821 3.1097327446641900295
92100 1.7950512548358479314 3.0398525693839100192
92200 1.8023101337195164273 2.9530825065448600419
92300 1.804775948229326854 2.4639433587917500823
92400 1.7911493778976776969 2.013708825691619797
92500 1.8089407099076622032 2.2392841486926902128
92600 1.8336447903913901669 2.360208942414120159
92700 1.8175667049772825656 2.0294922685485898839
92800 1.7646774387653840765 2.0130513169301997856
92900 1.7657131540620600862 2.6381897625755699188
93000 1.7755790760920522331 2.3061376257686201363
93100 1.7780278196956162962 2.2812207901165000301
93200 1.7591371908491850728 2.3619351372925900812
93300 1.7654559632438855399 2.5870824418741098505
93400 1.7761285103510402461 3.0218238681067601803
93500 1.7705947594052118266 2.78201546545402012
93600 1.7476058558612685978 2.405113313936920072
93700 1.7495796552002327306 2.6911550741000400677
93800 1.7339140393571246257 2.7668966299898998251
93900 1.7200863853202028597 2.6654173850161400061
94000 1.7466010188211313903 2.6687854006167501808
94100 1.7325029487767544811 2.8637713965179698583
94200 1.7758226251889985825 2.7415999606974299496
94300 1.7590328635723184725 3.0648132022737200053
94400 1.751581667731340497 3.0207733255249999971
94500 1.7583655734256740111 3.3018850112335700331
94600 1.7622752902939529118 3.8311362908268198346
94700 1.740951875981793906 3.7471250669700499891
94800 1.7448601779382657551 3.7542516517407600318
94900 1.7246469732567220046 3.9080393360879299713
95000 1.7706174028516383778 4.0124999759917097109
95100 1.7624017046730768854 4.6184399428721203407
95200 1.7572721932997652505 4.6567339346453398008
95300 1.7394683450734351737 4.1202405516194202661
95400 1.7354023642302931485 4.1115407191116597474
95500 1.7693811685715548077 4.075149586368760346
95600 1.7376044128368999253 4.0463948867648902308
95700 1.7410623002142266991 4.1348165727615899812
95800 1.733860117155924474 4.1857597653486600109
95900 1.7290648755716910845 4.1708318158075998738
96000 1.7225858079539091428 4.3548176751585803146
96100 1.7222956740306794021 3.8615822774764501091
96200 1.7441080851964145815 3.9634651218565699615
96300 1.7374051793636304808 4.0460552525145496716
96400 1.7585534446949144805 3.6700448465886199578
96500 1.7594906374971603924 3.9949681354210100359
96600 1.7710828325128802341 3.6102208360287502131
96700 1.758097852066897504 3.5743233883280298713
96800 1.7727720846996513071 3.7046404301042699103
96900 1.7581247082260809123 3.9724959123113001702
97000 1.7739504107415626777 4.2567193332695998365
97100 1.7518276315833487544 3.6955251062996699041
97200 1.7647864469573995017 3.266323417332849921
97300 1.7417469543745416338 3.7031117704190701367
97400 1.7491350090078767732 3.4919148579081400463
97500 1.7316284645702602063 3.4924451943165801815
97600 1.7546160001126067662 3.5608707307249298779
97700 1.7493924152291184804 3.4530233905099398939
97800 1.7573161867587894225 3.7532246171800101031
97900 1.7267268156663302392 3.2507677104010701541
98000 1.7168801268122828585 3.1098281766815301097
98100 1.7480425877648770872 3.364204695631949793
98200 1.7273830607466602594 3.1933543930797201327
98300 1.7451432938580173637 3.1197739567238897962
98400 1.73321130612804164 2.8547957849213401182
98500 1.747565424944382162 2.9133083525563199245
98600 1.7319382226316408779 3.2375689717589200001
98700 1.7483421257551658989 3.636975531949159901
98800 1.7389575381644781782 3.3791337863336798897
98900 1.7632174870344059503 2.9849150141674698489
99000 1.7556462971686825902 3.6626986504363201469
99100 1.7641978346395759125 3.1977775726514501287
99200 1.7337363301705486229 2.9207458469205200835
99300 1.7448350340941345404 3.1553078154300200353
99400 1.7388019541180597116 2.9508409394468699816
99500 1.7454351866590513964 2.8731144774942398712
99600 1.7430901697904022107 2.89661865633095017
99700 1.7340744175939770688 2.5728391128408798494
99800 1.7507664642703921754 3.0526081542133201019
99900 1.7552541819620186558 2.8645442300066501495
100000 1.7382843377826953102 3.1684628330151900499
