Step Rg Re
0 14.354987602720239437 48.747046237124500578
100 14.343595721077310401 48.453810807707398567
200 14.168997435210643587 46.892383987077899121
300 13.851576132152970899 44.854068232319100673
400 13.415153207387424672 42.340090289379197941
500 12.866742860035332185 39.835008833385401772
600 12.256225290061056654 36.991022790816998622
700 11.604780821646690114 34.472036886627897445
800 10.89141200225567907 31.658844083187801743
900 10.138429268329257837 28.803106755537200456
1000 9.3578600454848803736 25.397742669327598719
1100 8.5371760465004999929 22.854727679567901077
1200 7.6749502064361330156 19.918785337453901008
1300 6.8441735355211745784 17.694923598736899351
1400 6.0023858885537189067 15.199418582021099411
1500 5.1731421624760463018 12.945986983136499759
1600 4.3353473935897328673 10.987886532301200049
1700 3.4802442425616364474 9.351881173985109541
1800 2.7641032892910022412 6.5246801095527899861
1900 2.3009318182797833252 4.0232060614476798932
2000 2.0221119748929776705 2.0940645200472998155
2100 1.9785221691268466415 2.1226499764951598515
2200 2.0699039505834533337 2.597987628957500128
2300 2.1137984187704925709 3.1027327640501498607
2400 2.19376804260999414 2.344444610626609915
2500 2.0877944355215425354 2.3765824537975501762
2600 2.1018896128269526358 3.2530705142514100281
2700 2.0699768671181795199 3.7458207360823898568
2800 2.0940120001384876502 4.3431380933717598225
2900 2.0847000002383926365 3.5761769774166398683
3000 2.1013541956685410916 2.8037131284564598133
3100 2.1420007764314119569 2.609432676599289902
3200 2.1602586897514077791 3.0100555911064401649
3300 2.1043251299546610333 3.9882580992072398374
3400 1.9831882911991673968 3.2079562150807401366
3500 2.0788818523224348311 2.5582428277970201691
3600 2.0621612685688996969 2.3043130940483100844
3700 2.0588977732088298289 2.0771707958879601641
3800 2.3164090465220055215 2.3882842341658800933
3900 2.5304037846936395795 3.2087419104548700055
4000 2.5710309090908745056 3.5927836766236000976
4100 2.6288143356275845974 3.9218817667076200095
4200 2.4735402856343471356 3.7185361881390899264
4300 2.256513578813094334 3.6932589825468200573
4400 2.0528150160334912577 3.4860844549917198165
4500 2.0037469150200313273 3.8494036775217099766
4600 1.9482690979766543737 3.1013462773091098335
4700 1.9857264092801312216 2.4908690427387698563
4800 1.9829337189023765742 2.9554325835838000103
4900 2.0593757326754751347 2.9301268749866800079
5000 2.0682205358439094134 2.9159164360305798169
5100 2.1169468847911940834 5.4677941945328196738
5200 2.1078044973737610768 6.3107995988116103447
5300 2.2099292840309572306 6.6444004810058201471
5400 2.1521746220172524033 6.1677908535551804192
5500 2.2254817606289174492 6.9974166844317400304
5600 2.2031019541261325223 7.2014374188736098858
5700 2.0600489143064764086 6.3564773828733995842
5800 2.2299524596542590338 6.9477875637576298473
5900 2.282641736118717013 5.9673513106121900407
6000 2.1778698519891133145 4.9045972179257697476
6100 2.0280466513738657497 3.6517040460039398297
6200 1.916478477013878523 2.5877348209341501928
6300 1.9646249242471602869 2.9669278162217200823
6400 2.0725711650018059373 3.1219053695389300529
6500 2.0646167397878323335 4.2589666131307097885
6600 1.9682709399644320314 4.8920808517028095963
6700 2.0343107516548966096 5.7924771463761102197
6800 2.087009191987037493 7.044725708219649718
6900 2.0177742670081841858 6.8628954165790796438
7000 2.0146453797982672995 6.388425791188359959
7100 2.023817906851408388 6.0665079419102196923
7200 2.066706855624992123 5.3330349055892103394
7300 2.0837703605675748086 4.910158931200149901
7400 2.0940371411567961779 4.6949631627862196126
7500 2.0754747267087996221 5.008466292694619959
7600 2.0965507387884838586 4.5648424632547204283
7700 2.0365694564101111119 4.5639611032330797968
7800 2.0399869590256280993 4.5014007099134198953
7900 2.1623604017882724904 5.5448115254419603204
8000 2.2102817802715453155 5.0650670812449902769
8100 2.1365378382575603844 4.9504836835788301741
8200 1.9979634793704408313 5.0004309270968603229
8300 1.9823040597452619149 4.3957420384017495962
8400 2.1538645573453933935 4.4813198037862198575
8500 2.0778391202071255783 5.1209973564240396371
8600 1.9878401488486199256 3.8450836754278401308
8700 1.9072011186398685201 3.1999877137474799227
8800 1.9137920951043507767 3.7419099411999598992
8900 2.0016348766654865621 3.927131910504079837
9000 2.0659823393834400029 3.7333815317583898263
9100 2.0149150723819722053 2.5766145965794899908
9200 1.9925147101030906693 2.5257240224513202165
9300 2.0136953068831329183 2.6882690839155198859
9400 1.9654353816028518054 2.9007581302362099862
9500 2.0190512088003904623 4.0538074688797198775
9600 1.9752962379361054257 3.7294607172650198201
9700 2.0392067964867282015 3.3390826148876198154
9800 2.0028786292469442643 3.5082206512302200885
9900 1.986818002260493099 4.2013377278253400959
10000 2.0467024765901808969 2.7875577771176400788
10100 2.1869242550778902334 2.3515526589208701758
10200 2.0112419076907550597 2.6040413261912700449
10300 2.0147941213178430786 2.8837722316161200631
10400 2.0386017514219862967 2.6891755896662599135
10500 2.1255902210410906328 2.2939775796001398156
10600 2.0647595145095283264 3.085690385475190034
10700 2.0577095393649735833 3.3604114692400601783
10800 2.0187683861533760599 4.1277294334033403089
10900 1.9502811497374603622 4.1371036948372701403
11000 1.9630442361514570671 4.2036554718224596883
11100 2.0103844148055345364 4.4994308419971495994
11200 1.96048196000990127 3.3934243170836801973
11300 1.9927802089061918966 3.9816500638454099814
11400 2.0124361298242581242 3.7309774535017599106
11500 2.0217866203047898388 2.7041500641548599226
11600 2.0915209688584202041 3.0670083145047399853
11700 2.1722016597834965523 4.4160140248464596624
11800 2.2115297225093093481 5.004988228702850428
11900 2.2005286904604641762 5.2951444206945801341
12000 2.1990307633767480766 4.9603281771538103584
12100 2.0710427310505661325 4.6053492495634200665
12200 2.0983494465874006352 4.4298826795858499139
12300 2.1202496871762956943 3.4833599108285699941
12400 2.0266870536352992183 2.7971134817561797981
12500 2.0735232264913561195 2.8785875741792699145
12600 2.1136141056032973218 3.1595051463135601644
12700 2.0969468940249091915 2.6894419636670501284
12800 2.0433086362204027076 2.9010234431765797858
12900 2.1412874117415170439 3.5719056297404900846
13000 2.1515721387651365326 3.7952543973304297964
13100 2.0729833375655748462 2.8804168180517999431
13200 2.0291591725702837756 3.3135738212971102001
13300 1.9727570767626991799 3.0870245711107497932
13400 2.037759281808658951 4.1570670919937100507
13500 2.075703282921155246 4.019760102169239957
13600 1.9983260234327908655 1.8548996391077698931
13700 2.001128003705411551 2.3688202542499601222
13800 2.0708483061518911938 2.1189599274743398105
13900 2.0670774890937591017 3.2581754067291801569
14000 2.0649868031643330291 3.514165577473840063
14100 1.9528335656324258274 2.6814060296984001397
14200 1.9850491598659270043 2.9217400215078201953
14300 1.8922172016366447522 2.8910769907269400214
14400 1.9630421133651549948 2.3301453544560399855
14500 1.9622613308252281339 1.5396851044371100414
14600 2.0122488369442961265 1.5858813104306599406
14700 1.9772050638050544524 1.8151249747604099039
14800 2.0004824682902273558 2.0445116315158000653
14900 1.970895608070809768 1.7575743675748700667
15000 1.9812994847790807995 2.0386942028946499761
15100 1.9697609659360426626 2.2483264116277301703
15200 1.876597740737270259 2.5063250373744199173
15300 1.9477836957811560659 2.1834391846269798343
15400 2.0523682967188632276 2.7972914582501902103
15500 2.0474436506407123204 2.9933481085384001652
15600 1.978755646237192245 3.0513735815185101252
15700 1.9628505973529246642 2.3868976110468298479
15800 1.9945348291524231943 3.7174535239776700379
15900 2.0775077808471995588 3.8897285676673098997
16000 2.0896454830663722113 3.4044274485866998781
16100 1.9886284144776669169 3.1786195723099401889
16200 2.0508340154294750768 3.1193128529791400716
16300 2.0167938750555767236 4.2170881312033303701
16400 1.9541051880843685051 3.3229921397481398948
16500 1.9417815761860202084 2.2071601274837298057
16600 1.9454702302654089952 1.5083535224176400913
16700 1.9398993755812978801 1.5570007563817400698
16800 1.9660167363377965 1.47312366524290006
16900 2.0222405273737149578 2.3094888093137599938
17000 1.9579921667066089164 1.3514593737465701029
17100 1.9827612002171719485 1.1276830410818099448
17200 2.0490684546386050968 2.7444085826190200983
17300 1.9963920399013119766 2.7467002995878799787
17400 1.8697262762029820404 2.7487582561865600006
17500 1.8604133671644804693 3.0033102461287097817
17600 1.8896868434389038072 3.880334066673369886
17700 2.0069564117810561044 4.4022674322909196576
17800 1.9678071587953995802 3.895046127719199891
17900 1.8880676441695283252 2.6461484551196998716
18000 1.8955522304537086864 1.9474455053606500865
18100 1.9109337170495446223 1.2434017704865800713
18200 1.9400685554909766761 1.5114743247760200617
18300 1.9634249235872411887 1.5759312974796200191
18400 1.9465909998062100872 2.4411535094872398588
18500 1.8955463737086819531 2.4217080367122001405
18600 1.900958802701379291 1.4774770932285798963
18700 1.9079509304272368464 1.164421754430490008
18800 1.9107469981719502616 1.3424659223347399362
18900 1.9484335776632035753 1.7293901147855199607
19000 1.9927169879338391123 2.0326811039063601427
19100 1.9575261809863628848 2.0482692374225299758
19200 1.9388707393129687162 2.2184894653862698988
19300 1.9341140466891446614 2.4307328346273799902
19400 1.9203947152609943672 2.2849515007384599841
19500 1.9240468543944109214 2.35279265550917982
19600 1.8806631910347193504 2.5482606199178601258
19700 1.9585238638647883835 1.8493057384366100582
19800 1.9592928595415475268 1.0630595025799201014
19900 1.9422835556773851984 1.4149754773162499522
20000 1.887258726630643757 2.0145062922825998086
20100 1.9162775818548485329 1.5464815565607399339
20200 1.8932558966835730807 1.4814694538216099939
20300 1.9510118586379030514 2.2581084836003197935
20400 1.9169091290941084882 2.4078162788300598862
20500 1.9793122766239614752 1.9700540779065500718
20600 2.0337866851398995749 1.7759692286418899965
20700 2.0942365672184246606 1.8203428020230401074
20800 2.070633411731963136 2.5407012259304000423
20900 2.0278877115024807054 2.6524865482104300618
21000 2.072545937659096893 2.907462660181780123
21100 2.0667170113759509853 2.7239135735463899657
21200 2.0413806272643477691 1.9630316476374300994
21300 1.9625662631048712559 1.6923190424511000973
21400 1.9897397556814304664 2.2946894374548199025
21500 1.9550739034819890616 2.0310349733624200042
21600 1.9881083158458920934 2.3380546763487801698
21700 1.9210409385451074904 2.1204576374028700769
21800 2.0117079716052415073 1.6380856518890500872
21900 1.9644997289639689608 2.1438877380864598265
22000 1.9178080343658499007 2.6847625468996798581
22100 1.9246560589880732373 2.0477566035251402177
22200 1.9652315703954936765 1.6967644364791600875
22300 1.9326778261298460659 1.0862400606232500699
22400 1.9446025915296571984 1.3342730826584701109
22500 2.0157945347532524316 1.492463290279880006
22600 1.9651385136586456692 2.2059038544014200056
22700 1.9438628169696698933 1.7689541694728299071
22800 1.9244156370468137318 1.223954375913290038
22900 1.9147201445952877208 1.9791322787069500766
23000 1.9084767680351479857 1.7678511303924600018
23100 1.8803209888102940806 1.1200109061376000152
23200 1.9294036669843990239 1.0304079362241500561
23300 1.970188283594878742 1.350067389844459953
23400 1.9603206453775803286 2.0746110681702498724
23500 1.9499842814036874028 2.5046658507465999755
23600 1.9051377360021106711 1.6552967784160699249
23700 1.9476282858452800273 1.2524342846553699893
23800 1.9084504233551025099 1.4554577506131300968
23900 1.8828617604212247727 1.3691967981928701015
24000 1.8661311007543390783 2.4248178494343202161
24100 1.8677746765923008976 2.2336400479799198848
24200 1.8747928126435091656 1.5218027043741400028
24300 1.9154043216666467586 1.4140806964341801066
24400 1.9128555292297144685 1.1709265796378300895
24500 1.93968269862743381 1.2935865876424899046
24600 1.9432034034821430435 1.1373094197445199338
24700 1.9150712984236557546 1.9776529535354598899
24800 1.8595360932679088073 2.14422075767659015
24900 1.8755742097854732897 2.8717796962557100571
25000 1.828490892632845588 3.3611511198662000766
25100 1.8913757809553581879 4.2734303416911201268
25200 1.8858433651854074053 4.6194686763152699172
25300 1.9530581535898778878 4.9241981822635096933
25400 1.9918552948662544555 4.7499192190166104055
25500 1.9986265124752176092 4.8024716350419902611
25600 1.9319690246764014141 4.0634858010421499586
25700 1.9143988067671993125 3.826373327526949808
25800 1.8994743212618159234 3.7791714660509998502
25900 1.9078894554673480055 4.0351928882193801584
26000 1.8343161269988845774 3.2638100825183697928
26100 1.8951686941947172294 3.6106074698042500692
26200 1.9083983839957663342 3.4785304994119101707
26300 1.8931077029037710613 3.7787751635359501101
26400 1.8515804730250007282 3.4808343297279100703
26500 1.8993926588882965589 3.9021785767448999849
26600 1.847970263698417881 4.1920655490431100176
26700 1.8338325807410202906 3.5773628475053200759
26800 1.873965627634471609 4.2124749027715697736
26900 1.877042276599942161 3.623075263505429966
27000 1.8549688323531201561 4.1334600514771198121
27100 1.8753726407264295073 4.539917615799350159
27200 1.9030845108906173646 4.304867877827160072
27300 1.8744383770015353718 3.3069322861734300467
27400 1.8880717985516197732 2.9958337647716302143
27500 1.9146703749990587884 3.4728787173740998107
27600 1.8697889474719167069 3.2360211072484101891
27700 1.8791491953028993667 3.4825251521678097788
27800 1.8367507378083782754 4.2124493987896096669
27900 1.843113370158290687 3.7607044225545100957
28000 1.8500571261549529911 3.2313455280748799581
28100 1.8433917032984188378 2.9391498690150199558
28200 1.8779375874268724456 2.9865136782993699782
28300 1.8956114672131982868 2.6698423523964600612
28400 1.8625318841754148202 3.0178405327609700848
28500 1.8824964541340936108 3.3202460217038800572
28600 1.8411628220946676393 1.7134869936264400803
28700 1.8424431979405191395 2.0244345072740101976
28800 1.8605220972616551833 2.1616675648279199962
28900 1.8290313558896593715 1.5419797249988400623
29000 1.8259778571449845064 1.2097533396390600657
29100 1.7873156436892734256 1.6901511819499999145
29200 1.8001354791823052093 1.2404259758893900756
29300 1.8561984606259425146 1.2777389940710000005
29400 1.83099050571606492 0.99954239515775300529
29500 1.8363254755014744024 1.37920144240871001
29600 1.8878577312318509662 1.1965519518739000659
29700 1.8761939551643023183 1.3360213846438899754
29800 1.9118317146127938866 1.1900176476145301052
29900 1.8502669815396144415 1.1144785412414499604
30000 1.8722714735589258694 1.5734688234412799179
30100 1.813864809416400492 1.0003241807040599287
30200 1.8645488197191555368 1.2211017533747599018
30300 1.8797167289482439312 1.0692917622248701015
30400 1.8711812459240921847 1.6672615449763299456
30500 1.8829398186837116302 1.2155051538992700522
30600 1.8950116949708870617 1.2201337717420899232
30700 1.8752198066582008718 1.0675360968482099366
30800 1.8799220530225446701 1.5608152681040099452
30900 1.8815726196820965477 2.3430205919082998101
31000 1.873935400600639456 2.050147753433209985
31100 1.8926406305420304665 2.213534408052280078
31200 1.8485353458587969744 2.0525641713882998296
31300 1.8847052897447227338 1.4554793048690299884
31400 1.8328251964580206668 1.6719356385285000233
31500 1.8571073091465830629 1.1566991152114400876
31600 1.8186599473118592041 1.3779257203159100964
31700 1.8627799188095581773 1.250866081113289896
31800 1.8181787839519616412 1.1461622242483300305
31900 1.8261298632461724356 1.5054080892952599324
32000 1.8397697890959365807 1.2364429547327699943
32100 1.812687528689071792 1.0804777972537300545
32200 1.9293892443248392699 2.1028944508513101042
32300 1.8392181883498657236 1.0178655900449600225
32400 1.8438124272873275267 1.0971532340422400775
32500 1.8722192455626311958 1.5073503533766199336
32600 1.8803034774111149208 1.237782681498670101
32700 1.8163033290650123508 1.2451555211843698956
32800 1.8130347500488703805 1.1621397487790499081
32900 1.8656253486284948284 1.5891469291226401062
33000 1.8544700369555944253 2.7297068778657500587
33100 1.8649676995940689395 2.4914153142885999692
33200 1.8284146617389867018 2.3426248804460501063
33300 1.8844882529839690477 2.670731770838920216
33400 1.864799490990782127 2.7814218263832901634
33500 1.8359782618213238425 3.1264939210356899046
33600 1.8344521927485433199 1.8681811095559399671
33700 1.8871647961203406041 1.2717195922823600895
33800 1.8571317323178859748 2.1087934053035999327
33900 1.8491559821697944876 3.3137951450220799465
34000 1.8546445807081373136 3.0813199736418299679
34100 1.8412196193748662232 2.4588998222301299279
34200 1.7815674138333954524 1.9171640887780900808
34300 1.7745107505900536982 1.8703423239379899368
34400 1.8247757550026946216 0.9543125287760549913
34500 1.8319924573803829659 1.5458648742368799045
34600 1.8192727503727519345 2.4977104950994499788
34700 1.8095539161647713478 2.347504380861940021
34800 1.8237013296292758913 1.6995655135225200549
34900 1.9246966151653719379 2.2243065995883100072
35000 1.9367533908559007028 2.8708250895451699058
35100 1.9213021215882153392 2.6691284442024501011
35200 1.9423137858686125856 2.7010832912860900379
35300 1.9306684746641784578 2.4828500464082798871
35400 1.8636198661713427871 1.9780138697281199889
35500 1.8772818479340722675 2.7482810156072701169
35600 1.8304746202689305967 1.9565807696263999294
35700 1.8726964027353270037 1.94490611369623001
35800 1.8819831836736882202 2.0924876553927398426
35900 1.8460738580703517364 1.8749823970606200874
36000 1.9080133800865310967 1.7586425983272899742
36100 1.9236614996841592262 2.5072853759348099345
36200 1.9337949827349740772 2.8084642545727898089
36300 1.920270393728435554 2.3660554844009600295
36400 1.8903027546236377265 2.7277835189883501421
36500 1.8148536681874445353 2.3218825861569900582
36600 1.8479342448562643408 2.0742235588587201178
36700 1.845247092154989943 2.7174822177669097911
36800 1.8540970097251838755 3.0247017413037000644
36900 1.8456138819257776884 2.8863441333336399275
37000 1.8408680212728099068 1.7552963398768299808
37100 1.8536191730573770009 1.9695259437955598969
37200 1.8561843448631536457 2.1964673723759799984
37300 1.8715762223995755509 2.1280852332163702201
37400 1.8596867271662600452 2.4714422981371400034
37500 1.9047391099366604017 2.1640641248434899779
37600 1.8512557251453438667 2.192439056767809813
37700 1.8919341424257596351 2.0756347087695301568
37800 1.8556728943950679955 2.0504115680145100775
37900 1.8998825431839023725 1.7171726003230900481
38000 1.8427160424834763131 1.1344302821358500655
38100 1.8433597596897985937 1.0638665036769499039
38200 1.8280852594010115197 1.278765871347919969
38300 1.8903883016775511194 1.6351903758276100653
38400 1.8766112770367198159 2.7013230046018201769
38500 1.8680366780527453141 2.4380646076754199925
38600 1.9292954227182099736 3.2598093197536801569
38700 1.9088655737797988188 2.6637957045862399319
38800 1.9442820336981558871 2.6942546473797599482
38900 1.8997658723665424851 3.036713635798430122
39000 1.8983518032098862793 2.9986961746126299388
39100 1.9061080541290380541 2.9800506595012201672
39200 1.9472023902980932775 3.1540764358220800823
39300 1.9232726369290706891 3.429949612654179969
39400 1.9222766968711484381 2.1612167257874901338
39500 1.9268717186899555482 3.0396088232919797889
39600 1.9562800312149430937 2.9552324947453998405
39700 1.8620727041453268846 3.2724452249752800093
39800 1.8504216568573288448 4.0377888714623697552
39900 1.8565353329259213222 4.1266610141140596113
40000 1.820206902791723147 2.9059713203498098721
40100 1.8401502011538450887 2.6071818919060798514
40200 1.8363294075924028181 2.2961540956493498022
40300 1.8309438883659696629 2.9499042302485798395
40400 1.8497904156704705336 3.2182290098016999025
40500 1.9003574654064314675 3.0742606836563100003
40600 1.8901798610151339108 2.9944909341952499204
40700 1.8727143605063509835 2.8842521034667001345
40800 1.8591198270147224481 2.4705919421591397978
40900 1.8076513883122331539 2.4171996179087398282
41000 1.8481330848493211505 2.4822455654993800245
41100 1.8330124793195052835 2.7676658224056498447
41200 1.8302309127244016373 2.6784433203267501433
41300 1.8726841841583514725 2.9211012268321900898
41400 1.8830595603321056419 2.7266718590427401203
41500 1.850998716616213402 2.5896920086996999544
41600 1.8602335463277153149 2.7776212625222300723
41700 1.8168942203180038497 2.7812058878151599828
41800 1.8616251329175819151 2.8802062638812300222
41900 1.8377806588018048561 2.0815897784153900574
42000 1.8447102320443642398 1.9083442291095200627
42100 1.8646973430595268351 2.0579761243164798046
42200 1.7798842999823065725 1.899673763650010061
42300 1.7994180765795655397 1.769191501167959979
42400 1.8085840370847365843 1.2700538741200799731
42500 1.8382831929778680191 1.1017575867710200921
42600 1.8280322321618629466 1.5081783333842599948
42700 1.850793161750129201 2.0094588360868601562
42800 1.7910541347519592925 2.1503774449984498496
42900 1.8389489919548547281 2.974038924275149931
43000 1.8456900569850440696 3.0779753635347000262
43100 1.8449619233029834753 2.2991724698616597955
43200 1.7846190472094378698 2.0329958351895798252
43300 1.7982167659950081262 1.920798891187760038
43400 1.7855978490561514871 1.900870918253710018
43500 1.7811015072129361414 2.2920214531924800738
43600 1.8191344544869001432 2.090094199419730181
43700 1.7865169082601339845 1.9644575614740700242
43800 1.799916335118776578 1.909589999103199931
43900 1.8002322363974514463 1.8710154480364999952
44000 1.8013565072703723313 1.3845624436742300922
44100 1.7886387211623941962 1.7143199294197299931
44200 1.7794904744181443412 1.899125535703249934
44300 1.8005111200682148986 2.25059429542032019
44400 1.8082188042163427344 1.8716356207843900528
44500 1.7724664960458067497 2.1670223982835001841
44600 1.7520961985179805964 1.6998052062990500755
44700 1.773487949251677076 1.9058963146322300819
44800 1.7743238794434808003 2.1248165973754300495
44900 1.7904281227920373354 2.3685039825255898016
45000 1.7913565024871473952 3.0305612977013898224
45100 1.8034882058556691575 3.5975224525986599922
45200 1.7765853748852360461 2.3874272794625799321
45300 1.7769130927692022848 2.7042707587164400707
45400 1.7827202089137199614 2.7633260920199997912
45500 1.7948246448242719531 2.7536064084113598405
45600 1.7635143903985772695 2.8775243957098601832
45700 1.8051211513190612568 2.8344363055784098648
45800 1.8271487416574585527 3.0589754112214500026
45900 1.8806733367874057805 2.4740494772851198135
46000 1.8330162117655270926 3.1275684984372897901
46100 1.7682470973787778323 3.109671322494960144
46200 1.8260169979288567443 3.1769898496616799655
46300 1.8360397404435326862 2.8650021322715399918
46400 1.8627760912573869678 2.9659455313143299193
46500 1.821731154092458338 2.8947773379785299852
46600 1.8347969262722256811 2.9403063478301101341
46700 1.8382495825321212291 2.6169710577095899318
46800 1.877632381699216646 2.3184606825266298458
46900 1.8362111152922320212 2.4203551567839598491
47000 1.8182922195996265025 3.7248851852525199924
47100 1.7851690919039695515 3.8459682287877998697
47200 1.7993393880275878605 4.443665871034649939
47300 1.7770733176562889533 3.8617285513426899968
47400 1.7952396246975093064 4.0671866314206397419
47500 1.8161667672847476851 4.2167369972923598453
47600 1.8189894696776400806 3.9173669260910601864
47700 1.8172493919407577412 4.0013313073886696003
47800 1.8313767850464630627 4.238101308260450395
47900 1.8785339479775959859 4.5493303909610096625
48000 1.8122904293548571797 4.4282751112652798398
48100 1.80069805851078657 4.5262996329690903252
48200 1.8284928770983290836 4.7445945124972803697
48300 1.8195012304816529092 4.7690416356789295804
48400 1.8324351786865937797 4.3787195328457597654
48500 1.8437652514175097984 4.6256264117534096059
48600 1.8044463047321750437 4.4658268323640504249
48700 1.7958639827972060488 4.3084181671473897879
48800 1.7838027071826760839 4.0032315444579502639
48900 1.8367536180525729783 5.0635392906370997324
49000 1.8314905994384997889 4.1801294840932197161
49100 1.8372908422666245354 3.1654092631212700226
49200 1.7943914507027349803 2.4001752947473100619
49300 1.7485296823504326014 2.5887289841010598934
49400 1.8099494649129708179 2.967350330090719801
49500 1.7625978110383633268 2.4329945806351198634
49600 1.7822294871617809786 3.2374706474883101492
49700 1.7483604497879381423 3.2485328162240598715
49800 1.7725303856964220728 3.2534421067051999543
49900 1.8064618177479407901 2.8990878564603601575
50000 1.8037324735857607205 2.7066586071836598038
50100 1.8345808497655879954 3.1367006036418301207
50200 1.7787144600395030647 2.9104727425086900361
50300 1.8139068673236311557 2.1809231589753701464
50400 1.7630160898976603434 2.2243250644843501895
50500 1.7578118224564420746 2.1414881320595497982
50600 1.7655261343745487501 2.3831570931665799762
50700 1.7484142498404751098 2.0481153322032001896
50800 1.7364947071905036946 2.1330837998555898238
50900 1.7615149050450376045 2.0018805276167701557
51000 1.7611890779211758495 2.0430243218786201531
51100 1.7488149711920570883 1.9683129476445200279
51200 1.7934354926402775732 2.521287938160030162
51300 1.8297530051093091608 2.2840858915437798338
51400 1.7966059997257348702 2.3391642284565401511
51500 1.7603403487988369402 3.0085052024138301263
51600 1.73793923462088995 2.9437381052427800121
51700 1.8157409170446290325 3.0390150921072098811
51800 1.7637380207547579403 2.7068703428491200924
51900 1.7844556746424462546 2.7902934013667097801
52000 1.7601178160475632328 2.772323452989080117
52100 1.7848040387388668382 2.7369193189470197858
52200 1.7767714404706800302 2.9399555614923897906
52300 1.7986903190462149027 3.652872247085340085
52400 1.7815606102546730494 3.9617715942750999503
52500 1.769331040469925842 3.9647814564550198924
52600 1.7831398335907846509 4.1191093221361096965
52700 1.7932557446418944114 4.0865745580545302928
52800 1.7557681005632721494 2.778736536763830145
52900 1.7820749614538369254 3.3986442304404200776
53000 1.7769356329513736892 3.7922058619934100321
53100 1.7729210746793204745 3.147350619999179866
53200 1.7969225569643429985 3.4908686004126301405
53300 1.7942160490930927352 3.0906205872182499483
53400 1.7687028103918986943 2.8779942410744698833
53500 1.7590458903191725781 2.9670758917896598028
53600 1.7842313924727908336 3.0204742391803400814
53700 1.7607069555633840796 3.0825356093828100157
53800 1.7720815068859652186 3.5257936587921601124
53900 1.7623516384511268562 3.2396130616759402088
54000 1.7889780947204727557 3.6123649646022100157
54100 1.7550526398678873985 3.4419637736970201125
54200 1.7713864888925849872 3.185778135354119911
54300 1.78284197990622717 2.9269205580999502203
54400 1.737663870892608653 2.0936494642555398826
54500 1.769570666000053194 2.2999762389060900425
54600 1.789230504274215372 2.55849602923293995
54700 1.7704070731374217385 2.28864331078244021
54800 1.7907688174694358363 2.1106669810623199801
54900 1.8072323912519763223 1.9376844879876300443
55000 1.7800274790882137932 1.8811585601064200191
55100 1.7714027505721146039 1.8641507846311400343
55200 1.7287288680822154863 1.8178655572619599745
55300 1.7699514348279163922 2.1874574369140500352
55400 1.7675993098200843967 2.9373900941905799478
55500 1.7946936923135445863 3.2736687496743899217
55600 1.7669048148994530578 2.8158614659141298908
55700 1.7850086573446632965 3.4967473780378699466
55800 1.7630767708508783276 4.254852119436620228
55900 1.8027352730398551461 5.0790250303874797666
56000 1.7955993914099070974 4.9216024008570702364
56100 1.7885675833453367201 4.4803740842610499939
56200 1.7919293360342429811 4.18519233581594019
56300 1.7735399495960653127 4.263746754613210399
56400 1.7876984913333089366 4.0363349952421101463
56500 1.7805324770181392147 3.7516219794627998496
56600 1.7507297141126045847 3.8552549272727101304
56700 1.7728174322400755969 3.686557523836750061
56800 1.7866944675467502091 3.7094144214599999998
56900 1.7847895304172571862 3.7162513225159101715
57000 1.7631012935415766307 3.5763040013444200582
57100 1.7593540640871598857 3.4714495573084400704
57200 1.7717027177432704832 3.0996158433030398527
57300 1.7823584730810706489 3.0463317449659301772
57400 1.7837192742937768575 2.9573820875404499553
57500 1.7808207643025064648 2.857166267156669992
57600 1.7594126283061952698 2.9960539419813700945
57700 1.7633890279117752087 3.0057062772528602146
57800 1.7738864799156803809 2.8578106599164700974
57900 1.7619208474656566921 3.0096129133717699489
58000 1.7983146559360299044 3.0354431942683701706
58100 1.7942195156241194098 2.5931960649848702083
58200 1.8035629080820552161 2.3658347461942299539
58300 1.7667220809049704044 3.0017256467371300488
58400 1.7657039126170197552 2.7824584651946500102
58500 1.7624674963709294762 2.6805249913904498626
58600 1.8020992265311370772 3.7879023057255998275
58700 1.78199555229708273 3.5744167819365602057
58800 1.810778903641970361 4.0561486049522903485
58900 1.78494140112528199 4.5055303818899696822
59000 1.7818265148755336735 4.375013566925099795
59100 1.7634078660365495317 4.1119576222484601757
59200 1.8083227409937250307 3.9870772851880698084
59300 1.8139465012659035104 3.5542527928410900806
59400 1.8579993378239407775 4.0959039518978199723
59500 1.8410866064983675283 4.3952876428137699349
59600 1.8096157614412735626 3.9743815287188701824
59700 1.8393626750698788275 3.8004389179135498189
59800 1.8041154449530703019 3.7505496342624597972
59900 1.8213819216890094754 3.2643512542016899225
60000 1.8393121466353816729 3.0453300792144100129
60100 1.8276994000700443888 2.9941831971088199715
60200 1.8389325744935725027 3.662179952004469996
60300 1.7704597533331578596 3.2088324647587200822
60400 1.7673012914064381018 3.1945517220508001799
60500 1.7546481441553412051 3.2177680131169399402
60600 1.7897113287006003457 3.1093846381621901287
60700 1.7975040004773852331 2.705503770000480035
60800 1.8055056121475947517 3.0096767075772801192
60900 1.815207497165829853 3.1496229466945098174
61000 1.8097045181557944726 3.0549155626451298673
61100 1.828097158243483733 3.835343775952030132
61200 1.8430787474995020681 3.7400033694666801054
61300 1.8301787041778510012 3.5060476452869200337
61400 1.8066863261032113375 2.8204886762451399917
61500 1.7968028378965252845 2.4352336657388198304
61600 1.7957875575972019888 1.8420147284756200889
61700 1.8157175896566291051 2.00048797119604016
61800 1.8453411778953565658 2.4492151185892998555
61900 1.8410442855945250429 3.0441966659826698027
62000 1.8343241180365574827 3.4867730519581399129
62100 1.8317470540530196299 3.7195127097264499838
62200 1.8196515476656665022 3.3156559899031501359
62300 1.7840920449735724329 3.7115980823161800473
62400 1.7816618075199326388 3.5550098345792497945
62500 1.8214579049118491128 3.3699695102666300528
62600 1.8085316726373186214 3.0882737635823498401
62700 1.8135307123078834302 3.5189155816112500652
62800 1.8068014427031298119 3.5160108964026499656
62900 1.8072525107214039153 3.1531392183870501356
63000 1.8414693496680318852 3.2774147075396697915
63100 1.7918327469656396556 3.0054314752628599194
63200 1.8002327309857391047 3.3131985212211998437
63300 1.8424165896039117474 3.6776017254770398957
63400 1.8329911438586650174 3.6073115415424599206
63500 1.7981843584375132306 3.7162239901329998659
63600 1.8228090089677526642 3.7120914119371200002
63700 1.7936082666694574961 4.1616343178018899707
63800 1.8115600624476020375 4.6253499278526302163
63900 1.7951259270156061376 3.9076979134610900779
64000 1.7547691830336300534 3.4929566995322498535
64100 1.7866955568600471072 4.1024257807775104112
64200 1.8015668078549020859 4.1625892446661598711
64300 1.7980784287048192649 3.7469558774413798119
64400 1.771904290688921968 4.0411290443214999968
64500 1.7939718273986098307 3.9487721945001799106
64600 1.7632025441746810301 3.6581694785144698301
64700 1.7706074006218670558 3.4503107881804200296
64800 1.793632287742299658 2.8404281337390702156
64900 1.7808883091256202391 2.6853337935590197993
65000 1.7587125902787335008 2.5260373083011300466
65100 1.7713734809475123466 2.6640281886616699047
65200 1.8236680925146833143 2.516449406267649902
65300 1.8096920575515553775 2.0903617715247699849
65400 1.8098062126984557629 2.0351330286079298837
65500 1.7527307811975774143 2.1235574116446098714
65600 1.7653721179903805183 2.045001563639860187
65700 1.7662501273889199549 1.9648415167550798976
65800 1.7796830829625476245 2.1237807960181198652
65900 1.7649905698739327686 2.2442366797008199697
66000 1.7527213067542724012 2.2644414904969099034
66100 1.7379968785701218614 2.1549181486206401281
66200 1.7763253480381209215 2.4103143856192699168
66300 1.7550494951015975786 2.7876030832100400225
66400 1.7410339622908552748 2.8621793974352498502
66500 1.7298277413991651752 3.0426851748445300494
66600 1.7629831938120335 3.2155482128826999855
66700 1.7640686264866654032 2.9683801850259698973
66800 1.7459789817998960793 2.5454005873377800739
66900 1.7617053467777308295 2.7833307258461199574
67000 1.7738441556851800573 2.9156011938041701548
67100 1.7761309983016122516 2.7547317728437601403
67200 1.7484725381978925007 2.6259040938453002134
67300 1.7614243266508420316 2.7684692391049199323
67400 1.7683373915276945354 2.5454861713689997949
67500 1.7697658925427657284 2.5531083964881000625
67600 1.7394174278689524815 2.684623136045240166
67700 1.7639608818623904174 3.1287453974051397942
67800 1.7437659926120363529 2.3821059474455199556
67900 1.7556009710693096793 2.673547080468209991
68000 1.7646202129904791089 2.7351470708042500135
68100 1.7741917050072972817 2.6797144119729598977
68200 1.7527514627124085589 2.8984244863602302011
68300 1.7269602234236387517 2.9079521132957300011
68400 1.7765889900536233625 2.7072892699459898402
68500 1.7634653409084086739 2.03156131683733987
68600 1.7851936765433484844 1.9299354430074999733
68700 1.7896835982140260057 1.8489915776571199668
68800 1.7737529503538655984 1.859983384399009898
68900 1.7862706128159950847 1.7958072438297199014
69000 1.7483971960566961901 2.6499473860030500205
69100 1.7500779209776067269 2.8625652897290798649
69200 1.7680522709040795704 3.169937425042720136
69300 1.7327119746423524926 3.0351508837434399979
69400 1.7493549216548782699 2.8430101316438198822
69500 1.7492945390130798522 3.0000544477287300893
69600 1.7363254577157545278 3.1943989671766801486
69700 1.7548251857418482036 2.919369114519649866
69800 1.7527421685613771007 3.1403908629686698717
69900 1.7697486694637651894 2.8408024378038101432
70000 1.7594047760656144064 2.9689126659950901832
70100 1.7584532751827945951 3.2886315329553998943
70200 1.7736062926340645518 3.0135179027683598463
70300 1.7572728197190503607 2.9633540254896599819
70400 1.7547451546049641635 2.8783644355372501877
70500 1.7562036648646668358 2.9209700839683101492
70600 1.7861807951837567199 2.7284696221760000867
70700 1.778327700203209405 2.9379047615629798607
70800 1.7747875761837530462 2.7314255700391099069
70900 1.7380486941033859161 2.6811407720152398149
71000 1.7763747241931109322 2.8881508372625299685
71100 1.7706434628863136904 2.8933220777335297846
71200 1.8063353325463258336 2.9851146248059499122
71300 1.7702637701071981535 2.5587186562711101701
71400 1.7920420779017978141 2.1797201824040302043
71500 1.7663208331568511777 2.1320397406364599568
71600 1.7660125785135447618 2.1265191598311901089
71700 1.7703790553090308357 2.2322052463474402195
71800 1.7789742562536132731 2.2057372586810499726
71900 1.7665896225404897901 2.13109290038548993
72000 1.7727139222455527978 1.9559106899530800394
72100 1.7648165932371024933 1.7555904329692499921
72200 1.7562732825568361239 1.9656934045610698902
72300 1.7617062325441319448 2.007381801386729947
72400 1.7618874234831796155 1.9132637940723900005
72500 1.7674504780801301163 1.9695605658909600688
72600 1.7673483554470408308 1.9070119782087300297
72700 1.7478191649641767746 2.1798431587515301189
72800 1.7532071124194743561 2.1858186305626499113
72900 1.7659754603427841868 2.4065457219276398249
73000 1.7473772936670386446 2.4147445290806901497
73100 1.7314681204014870097 2.656049467035900058
73200 1.7520259756916805038 2.9645258455503897821
73300 1.7488744789455841211 2.6150073587900299898
73400 1.7559641551696305584 2.7385572286755799354
73500 1.7403359219659211288 2.7618474099798597798
73600 1.7241814057267363935 2.5494129656161801378
73700 1.7340268488731669372 2.7441794815882998293
73800 1.744641000884837867 2.7345089910171300751
73900 1.75355711517209234 2.803670843099019816
74000 1.7673876182524046463 2.816278665253300062
74100 1.742581051092106037 2.6905022468420800585
74200 1.7459679134054053584 2.7104969946686900961
74300 1.7762229464712957494 2.5635222205321901434
74400 1.7444044147171742232 3.0276383136765199211
74500 1.7564730438482418773 3.0857879548919799895
74600 1.7747794401335197367 3.1023324102317899609
74700 1.7867959267171957816 3.2649934523508301609
74800 1.7425056676224066621 2.7716716818280198176
74900 1.7390158874800611954 2.9377093667976801328
75000 1.7287270607887743612 3.1565452778676501566
75100 1.7201362842630520955 2.9747905187157899221
75200 1.7599834355904533378 2.7226003412115198365
75300 1.7544323985780481134 2.7513226833834401042
75400 1.7302127797125734787 3.0586648524316100151
75500 1.7226211048231185874 3.3145127378491099357
75600 1.7159622070831201945 2.9323546529308202047
75700 1.7428700872108346953 2.9698806589992599037
75800 1.7727528214753349722 3.2757707908155899723
75900 1.7601892791323756615 3.3802751227186398353
76000 1.7352419788779425147 3.1687069386062298726
76100 1.7419205454262332022 3.1566394931446097871
76200 1.7271691745944415253 2.9263968677392000473
76300 1.7391795959777271996 2.921806749162719985
76400 1.7137930992463483726 2.9689693636226399676
76500 1.7438544298339551109 3.1242616340274000919
76600 1.7288370355304494286 3.0135901273787197852
76700 1.7551229706713611378 3.6137642726406098426
76800 1.7441253378025765031 3.3922982334601701204
76900 1.7230200001251170239 3.1036619288030902197
77000 1.7303070912146165661 2.8369529102224397832
77100 1.74422129121065006 3.0215165533458900882
77200 1.7328958985074012222 2.9116595994962501948
77300 1.7576779601748835358 3.8719675403818798465
77400 1.7527516896393480206 3.63592346453491988
77500 1.7469837163143842051 3.1415384375166000019
77600 1.7367856621128683337 3.3337624802691401271
77700 1.7300098338178722113 3.2587414587526302157
77800 1.7359763302524904294 3.3071461219966500344
77900 1.7233726893547132164 3.2648238588709301844
78000 1.7549058132989618919 3.1593310860353800429
78100 1.731222585792572044 3.2576585232800301384
78200 1.7431325997811213391 3.4936432839740998446
78300 1.7391691682573284794 3.7552401073075900584
78400 1.7363976841220141178 3.5079655748768301393
78500 1.7576483021329281087 3.5906505436879800897
78600 1.7884944137056284497 3.4228516549146399406
78700 1.7906446454729092466 3.524026748702090206
78800 1.7909452166669579398 2.7534117210927400166
78900 1.7802205620076967385 2.7725583077786097874
79000 1.763955574547746874 2.4721321949618197955
79100 1.7803819941895535628 2.1008957847666400731
79200 1.7799344859272276942 2.1078780201115900894
79300 1.7824665069240293036 2.3381466297254998032
79400 1.755752212357134745 2.2407772370045400123
79500 1.7677398075475578842 2.4797345475991998676
79600 1.7538448722541881697 2.4566417900850301415
79700 1.7581084138325668853 2.1960481184847400193
79800 1.7352888308174094778 2.0145050309195098315
79900 1.7714709829425052678 2.6295448139695598577
80000 1.7703199469514798725 2.2899787293261502086
80100 1.7714505990508415678 2.4395122402037499043
80200 1.7574192622100848205 2.3291158338262301086
80300 1.7372414423612667633 1.9105021270581699078
80400 1.7430897050550859806 2.0241100596391201627
80500 1.7413488518629833823 1.9126654997800101032
80600 1.7550071921456051882 1.9134059889074399585
80700 1.7598323587280453317 1.9227722375083400319
80800 1.7266449996998822769 2.2754409049134798337
80900 1.7379808217608967436 2.2863432405139700876
81000 1.7368030231334334879 2.4631581584683601704
81100 1.7304033798612046269 2.2086308126500902027
81200 1.7186444036737724694 1.9372824503628600645
81300 1.7290380908842239993 2.3377145471323599324
81400 1.7398021452941303533 2.8198297956302398326
81500 1.7559744178097966838 2.5105560466925398444
81600 1.7432611163791635889 2.6322958359908001924
81700 1.7576617858246441628 2.6585151596589597922
81800 1.7525090710941761962 2.2709989267697698878
81900 1.7272027017482494138 2.1256601934951602217
82000 1.7343872932433532785 1.7388816504036899158
82100 1.7367637716766071154 2.0231379171392198657
82200 1.7525314080124045901 2.1438214880761901071
82300 1.7501174494247453417 2.1259746858034498374
82400 1.7709272664496542582 1.9257333235488600653
82500 1.7691814973682316037 1.9394722050475901032
82600 1.751906266619352337 2.4294007193771101072
82700 1.7326299328040022374 2.0965482834761499653
82800 1.755420678608986762 2.2115863358899301438
82900 1.7479576294768859324 2.1134672383939800966
83000 1.749952264993648976 2.3830952290076701239
83100 1.7553272131914821053 2.2101211140398300259
83200 1.7702678879418671798 2.1038360675796798915
83300 1.7912033543781402667 2.0789582489124800446
83400 1.7916149297230068438 1.8505638347971600233
83500 1.7602175281094887271 1.8963984397798498982
83600 1.7496405845877247565 1.9807435783093398918
83700 1.7457579465614545544 1.6938346613642099037
83800 1.7432662435615171592 1.9475209883283000067
83900 1.7300378263317544025 1.8847489256599199159
84000 1.7521639763658405364 1.9814784059476100442
84100 1.7385183560509476219 1.8708696495459100628
84200 1.7402800719565896248 1.8122138724233400886
84300 1.7528823057672997532 1.942212987659559964
84400 1.7410132893801730791 1.8177601572568700128
84500 1.7365841292251034123 1.8538156138647199356
84600 1.7251800228021141326 2.0657431612120000786
84700 1.7061472247699560612 1.7571956825523900037
84800 1.7351302700418398395 2.1519246202477999574
84900 1.7401485467518438277 1.9681308692455399267
85000 1.7265779081546666074 2.3256075661899400231
85100 1.7235058239481950704 2.0923127540692600945
85200 1.7418647456264313433 2.1182852077115801315
85300 1.73269137018965802 2.2255182756927101018
85400 1.7610404426454395743 2.2441668376232599691
85500 1.7272616793237680621 2.0492618125691000053
85600 1.7338971847271249516 2.0438982770331000083
85700 1.7275747981369793393 1.8355517445222899742
85800 1.7258358307218266692 1.7836566955022099545
85900 1.7269966441991111417 1.7126921579785800986
86000 1.7552359639966292892 1.7507795261595899827
86100 1.7540553882484677395 1.6340300009058998931
86200 1.7489063260792432342 1.4199698394102799881
86300 1.7361478684673057327 1.2712958714942999006
86400 1.7217689243415512657 1.6044756450184201046
86500 1.7527368511619447755 1.7190621141458799492
86600 1.7291868799723575378 1.5637588092046799115
86700 1.7371794147212193948 1.7950435360231999926
86800 1.7549261159007096822 2.0699743308151301591
86900 1.7383757566242672432 1.8951705063555999153
87000 1.7448528701778354133 1.8854880658578800912
87100 1.7380971971225878114 2.0236815403188601614
87200 1.747912690595991192 1.8034813583236799506
87300 1.7217963136110649991 2.1440572251995799746
87400 1.74549969774026148 1.7847739674415399325
87500 1.7375677524872752411 1.8303580270014701004
87600 1.7200380145415716804 1.8858074152491999254
87700 1.7043070899663599338 1.5174757242373799748
87800 1.724895903709664946 1.8124228863507299003
87900 1.7143387998509058701 1.6693487055766500493
88000 1.7183842352880729365 1.8976989899913099258
88100 1.7147917344611223189 1.8141039800066900423
88200 1.7362981898795615265 1.667339260371899945
88300 1.7346424419322996613 1.8365991379433999064
88400 1.7409354464349298119 1.7152667450837399965
88500 1.7294503903348481533 1.8293147383302899023
88600 1.7270301772986349498 1.7419596854223600157
88700 1.7189646074501128137 1.6350366925947898977
88800 1.7255519524127787001 1.7646016749880899521
88900 1.7019477330157188888 1.7018853239461300131
89000 1.7054263211657683108 1.5859271393805800532
89100 1.7293037475766412925 1.6399426213048700074
89200 1.738381677805654002 2.0282984869239801817
89300 1.7306080152988627674 1.9175929397997999448
89400 1.7291937969289512544 1.8334923213865299552
89500 1.7451634612738289309 1.3228652515854899541
89600 1.7406790165190515474 1.1208663240337599643
89700 1.7243178670415353348 1.1310964853770399952
89800 1.7550607945389959941 1.1616679005866099583
89900 1.7444961675734178552 1.1831552640241600471
90000 1.7205878996678898307 1.0978444636055699757
90100 1.7286970108238017829 1.1593537511178899635
90200 1.7333578518763774756 1.188917335015799992
90300 1.7435198694552445087 1.5207444503370399769
90400 1.7516722628673004891 1.1028711141284499586
90500 1.7341144704088524708 1.0959241463653999205
90600 1.7291434418575584164 1.1196968678881300541
90700 1.7421324972127352204 1.257373669992259968
90800 1.7255589032939158134 1.0892796353120899333
90900 1.7264964365089694454 1.2219449885775999221
91000 1.7499622328536890148 1.3293232734406499329
91100 1.7362383248782615741 1.1489664501737699709
91200 1.7460288813821407405 1.0788593421986401033
91300 1.720578462440470302 1.0319798736818399654
91400 1.7118992183340238089 1.0802210248865300457
91500 1.7425632615067387921 1.3933562177277900584
91600 1.7352741461396934408 1.7573705654700699785
91700 1.714676576660241647 1.5171457214305699157
91800 1.730471904027390595 1.6393584726287500075
91900 1.7332358462865304904 1.771694953758129909
92000 1.7237580696427714511 2.0046039872952001737
92100 1.7320814780746125461 1.8700540658502999847
92200 1.7544205079700103678 2.0835627488267998153
92300 1.7280291627450155012 2.0171155658016099999
92400 1.7210499554900930974 1.7959784891758099334
92500 1.7245643535068717611 1.9743323716187799466
92600 1.7354482634301160449 2.0392763214961298068
92700 1.7321108056100635864 2.2618598048621199048
92800 1.7254910592827623628 1.9906893133572600707
92900 1.7366438866397702068 2.0340452161860000935
93000 1.7395556972288470643 1.8239162879517900606
93100 1.7408945650741864952 1.6213507624122600603
93200 1.7170882747044733385 1.8380914022190100177
93300 1.7181757089757203616 1.8512718064405899732
93400 1.7160532473167140477 1.4627964339895400681
93500 1.7367967262769667958 1.7813105950952698997
93600 1.7178743419052471264 1.6591897633177699056
93700 1.728407963206500586 1.5972779161819699034
93800 1.7146432140954606105 1.3265139254079199027
93900 1.7232974641384075642 1.5092013425145400785
94000 1.7238887734803569618 1.2898582135882099564
94100 1.7338984331589337717 1.7885699583880199093
94200 1.7354343446540942963 1.6869293725987499766
94300 1.7399380489450380072 1.7898280053203698969
94400 1.7249971841856686083 1.6266189587633199665
94500 1.7391808870121314712 1.6482135139750000441
94600 1.7230134164217560944 1.7311350833107099767
94700 1.7387130197294176082 1.8487235967668000924
94800 1.7229910521056031047 1.699391701707759994
94900 1.7235913441088850373 1.8825892367807199879
95000 1.7033646192943769915 1.6428685927978798897
95100 1.7345348614472932969 1.6983964631490000574
95200 1.7320895415205579404 1.7849877964427900423
95300 1.7368699734543353586 1.7506841365447900483
95400 1.7194369515064873433 1.6811697672534000603
95500 1.7304580546835695021 1.7305903689647499366
95600 1.7450293532927507734 1.7331575158180501095
95700 1.7258687534796828267 1.8095019825493499077
95800 1.7228470962441624348 1.9073755574640800514
95900 1.7108933550097236154 1.6554613931717498954
96000 1.7300241927910104955 1.6704679405311699814
96100 1.7442113118638220559 1.7483754418167400946
96200 1.7334410740677028695 1.8178789949214200217
96300 1.7317298342538107736 1.9160409115181800122
96400 1.7239976711923210573 1.7959813155262001061
96500 1.7112674437763915058 1.8449339010069301104
96600 1.7072009928297477988 1.7538570693725898941
96700 1.7187607968690745697 1.759643478687509921
96800 1.7420229399381157442 1.950262247647069902
96900 1.7315226462490560522 2.2943785381039201177
97000 1.7246321518550886687 2.5243257510674301791
97100 1.7291168867326229819 2.3838128447749400429
97200 1.7130513185854447933 2.1882301132533599208
97300 1.7310510079464942468 1.7662067371016700879
97400 1.7147918794981484858 2.1709148375999198777
97500 1.7314869444497573703 2.0199412425900198365
97600 1.7339855510334745148 1.9713540109087599461
97700 1.7182453946449589566 1.9121081550167600138
97800 1.7201764365977478821 1.9485749767642999153
97900 1.7172972627243687782 1.8331278178930199285
98000 1.7178366484454428154 1.8266253894661199642
98100 1.7265370733156946148 1.8547554553828999868
98200 1.7414958254480044086 2.052130044760640093
98300 1.7224527098644217826 2.1426715515735899054
98400 1.7211720093493931838 2.1830097885857600026
98500 1.7125852585858865051 2.1049720367729500836
98600 1.7146208505744857664 2.148246093082430086
98700 1.7124825674506276574 2.0532147913406197937
98800 1.7128897796092379391 2.0578651052516199194
98900 1.7197150477607088259 2.1171870919196198457
99000 1.7137031017081236772 2.0973632616571000753
99100 1.7191332159832926063 1.9810701467978599766
99200 1.7475479550387373884 2.2331576409794999805
99300 1.738771511773972378 2.224642057701769815
99400 1.7355578854768820563 2.282106062730920204
99500 1.7239758343461222267 2.1087615249456002076
99600 1.7102119457367266353 2.0548247425440298031
99700 1.7163316157830419417 1.9967449939982000462
99800 1.7524266966599519879 2.176851393421590064
99900 1.7404595830627191955 2.1304205330054299949
100000 1.7561656361792707948 2.2341620859365201035
