Step Rg Re
0 14.352176766442955369 48.737673230821400239
100 14.340704418443905865 48.442756819809801527
200 14.16580987749195053 46.869538883854296785
300 13.847805814841510852 44.808119931479197362
400 13.409919006763134419 42.380465424921702322
500 12.860172408877820871 39.805350560616396649
600 12.24562535730382784 37.090736502923903117
700 11.584101423871548064 34.449058224760300106
800 10.880033564656672596 32.502815285754202534
900 10.117420115926702096 29.718488232026700757
1000 9.3166602031191860789 26.644125527721701729
1100 8.4688118463234953737 23.393478113312401234
1200 7.5955625361349872193 20.322636429856899554
1300 6.7379139895639346136 17.455490307179900356
1400 5.8684105961708619148 15.472863395028699784
1500 4.9928123450554560137 11.718424038330800485
1600 4.086201715961388814 9.1191481503141496034
1700 3.2225032116792182713 6.8836433976673996327
1800 2.4794877747901087339 5.1972141973982299845
1900 2.178393674232725008 3.9443420860234099656
2000 2.0816166743292736641 3.0931245979004700075
2100 2.1116742171777733716 3.775335266789610067
2200 2.1719958216570858234 3.9422837504692300747
2300 2.1347060673075981541 4.3736378695563296048
2400 2.2922026180211654278 4.248170178066190239
2500 2.3397991129010882183 4.0827335764989003408
2600 2.1862739057550624189 4.2081878763588296266
2700 2.1619652493821455153 3.1491533342548101437
2800 2.3454477127012962612 3.8020029977085201267
2900 2.3445637284264595479 3.8929343445305302218
3000 2.3556274712961955409 3.0301663211166398604
3100 2.3211658091486437883 2.7127745197025499024
3200 2.1805037964540598949 3.3128248014213301786
3300 2.2218347950196046803 2.7007578889010002143
3400 2.2188286909970882377 2.809182641917840062
3500 2.1524277221447820629 3.3077635692963798242
3600 2.2143293513824287011 3.1419251222725401718
3700 2.1122904683225454114 2.9642423312639900601
3800 2.1303392130128653292 3.3306915054322399072
3900 2.1389796702408285789 3.6530420305940598524
4000 2.2575837626401660252 3.5150369288783398503
4100 2.3711403507735844265 3.6601908861456902144
4200 2.402025224757800892 3.3775944527333998657
4300 2.3457071158258200327 3.9128440880195398677
4400 2.2889398552916482288 4.6564381523403897134
4500 2.2379330943703674706 4.5290558783306700263
4600 2.0750358526836731876 3.2382961984087699214
4700 2.0829889102610787965 2.7607612586366099272
4800 2.111514563665475297 2.3974123102755902082
4900 2.0288461710989924569 3.0704104076358098574
5000 2.0945604220446822907 3.8932871880850901114
5100 2.2138396619828406564 4.7756520415173095984
5200 2.0904524541660181036 4.078074228995980377
5300 2.1083852227526871381 4.6800899239380395755
5400 2.1270646517999858283 4.5218460127333601761
5500 2.1559148965473808879 3.7595566705715199873
5600 2.2210385133291166149 2.9576792491836498833
5700 2.155231214678810403 3.1795619491915600996
5800 2.0413617767912608514 2.6267440945412201536
5900 2.0576235153780664255 3.2536019363302099983
6000 2.1549650163158937666 2.7020812374573202064
6100 2.0502668101908740894 1.389650532999310073
6200 2.0426773042272352576 2.27399341188981019
6300 2.044023138193076683 1.1364437780970000347
6400 2.0755298167534723675 1.2722553225423400836
6500 2.035501747206208023 1.2535665210528199598
6600 2.0600405119197806592 1.7917468236027300765
6700 2.0591166467924542083 3.0509877807112402159
6800 2.0553629724247075572 3.9403303356072401087
6900 2.1069649863758126429 5.0839738362990596343
7000 1.9538329540989489708 4.0249841793768599274
7100 1.9889446776021051377 2.1748846748891299541
7200 2.0854541834085531526 2.7636039427668102064
7300 2.1443215107320088286 3.0579390632824900997
7400 2.1313160074336039429 2.7481815375682301372
7500 2.1792802226685301648 2.8011885020087898823
7600 2.0530428896275241257 4.3300648713242999577
7700 2.1131023534172324041 4.3449406708985796044
7800 2.0134235641665134686 2.1504642418032098306
7900 2.1284194619404015469 1.9037428981485799984
8000 2.1369549341839975121 1.4098712370722599196
8100 2.0918581645782716727 2.017147971227689851
8200 1.9273276559751013615 2.2623236707813698665
8300 2.1059157452958952028 2.123174122796390062
8400 2.1667390931577008573 2.3641307822475798872
8500 2.1256221758355891005 2.4224538216800102219
8600 2.0698633901772538479 1.7926302629290999935
8700 2.0623640132704275096 2.6526660172360898571
8800 1.9877697121508972611 2.1807861818747600324
8900 2.0814860405555468681 2.3426230806007599661
9000 2.0277018227219487656 2.7389930026708499966
9100 1.983298164793706686 3.4799720152175299681
9200 1.9458941038286379221 2.8572320223655300886
9300 1.9774058270833791973 2.4139562310779001386
9400 1.9864206116660807488 2.6591616531238702059
9500 1.9904154222236134508 2.0673913392531297895
9600 1.9012458726451200164 2.4998714517315199224
9700 1.9465883934070655759 3.0668282430601201405
9800 1.9567928989561578224 2.3661280450009698484
9900 1.9433419850093922587 2.1541290214124200197
10000 1.9457384676265139234 2.1854149712666801619
10100 1.9093034651029574533 3.1241137561808001166
10200 2.0190014467574588508 3.1891022401457100877
10300 2.0132757852329281612 3.9945408610333199562
10400 1.970573185938682359 3.7015636327311698395
10500 1.8990172187219513944 3.4950953034980800638
10600 1.9044918577855483033 4.0059825134441400252
10700 1.9135383521383324545 4.1362269990806996844
10800 2.0358692237888442733 4.1926342844050603631
10900 1.9981565295981909003 3.7543498793356699927
11000 1.9791059854870931556 3.5670422788821798399
11100 2.0465866471082576616 4.0463065201423695783
11200 2.0874536070633058493 3.8301509997479699088
11300 1.9861616989014658774 3.4708699028409499832
11400 2.0135421137259674751 3.4558267275445100353
11500 1.9634969107488331463 2.2700167394510901708
11600 2.003976789790249402 2.9891490849015700526
11700 2.1007874254430807248 2.8955255026977000377
11800 2.128852079419415233 3.2718978999085499559
11900 2.1012999308538766741 3.425622312835300054
12000 2.1368052298611699413 3.6722189550353201426
12100 2.0935013323263471641 3.5553342092886301984
12200 2.1265106827740893891 3.1354594208864701166
12300 2.1236281058503023722 3.5890653148428501851
12400 2.103488723032149732 3.2034628425262998697
12500 2.1000866331013079424 3.1389785399304099833
12600 2.0730214959137835962 2.3283537752530198972
12700 2.0285928970363107382 2.390259436472290222
12800 2.0048202092940967667 3.1736692419237702012
12900 1.986265130236175791 2.5781752509425199804
13000 1.9144037684398655941 2.062858981748310061
13100 1.9971972263332939956 1.3028126803601101091
13200 2.0375963882176715281 2.5075360706264300248
13300 1.9809564864197886092 1.9904845703453399874
13400 2.0317134195139363584 1.7274734394918001001
13500 2.0169309525163598984 1.199937649610570034
13600 2.0504566855214947374 1.5999235176061399333
13700 2.0538606506792613793 1.7136408255906299125
13800 2.0623888719316889606 1.0667624227429799433
13900 1.9603639781431934086 2.1268766333438100524
14000 2.0144186542512794169 3.3544454417909101984
14100 2.0233970003722392406 3.2506932858023001032
14200 1.9434029224403086555 2.5672854965179099374
14300 1.9547813889899618989 2.1445547815901901956
14400 1.9732808230922158632 1.419438547926169969
14500 1.900477526738920675 1.1316609321840800373
14600 1.8794950978636224548 1.3793060377438399744
14700 1.8604602984837312896 1.2981539710547800315
14800 1.9578817381200062098 1.4246844398104701046
14900 1.9552379690019705549 1.0739589823762900611
15000 1.9869522057498740786 1.7491281815683399348
15100 1.9715082770817813351 2.1829928329322001446
15200 2.0765625322153002941 1.9802287649530498914
15300 2.0798855270884581969 2.5891120255817301476
15400 2.0389742632802847488 2.2555085406097501455
15500 1.9737079643766672898 2.4904773572330398679
15600 1.957110554826241966 2.3025420677750099152
15700 2.0284945876963065281 2.1924693201140001975
15800 1.9599475382964672843 2.6199525589162999673
15900 2.0380136994761950398 3.2903058022955500306
16000 2.0716723177553388879 3.0801830388989599463
16100 2.093924743824360224 3.6398668717917499471
16200 2.0384766617572349645 3.3437728093623100278
16300 1.9493649730894089256 3.2716570469493500006
16400 1.9221961972223606807 2.4732708497135598158
16500 2.0004080039809473135 2.3302861212572700822
16600 2.0720880699010977288 2.9441366206925199123
16700 2.0441076811854927975 3.907873223893319814
16800 2.0097707776659006207 4.6490002501089602305
16900 1.9742810605234266674 4.86519261717482987
17000 1.9171293218390446089 4.1289845870214003654
17100 1.9440856738227045852 4.2540241664738198679
17200 1.9623524692667178027 3.6297703273604700058
17300 1.9472059570182318478 3.1272681468422298678
17400 1.9780456285443115405 4.5286050680926903667
17500 1.9245483851671223441 3.6094150995988099062
17600 1.9360449705654572128 3.2989213003248298861
17700 1.9672125426468363152 4.6453688197464302334
17800 1.8381589182403812455 3.4683382597044598583
17900 1.9480056633377340614 3.9196582231239101013
18000 2.0132926293799071615 3.0356413249157001566
18100 1.9778654180970154375 2.5715224088687098636
18200 1.8751036899606268182 1.705410058781170024
18300 1.9576161833696641423 2.9783196986754898461
18400 1.8913218702597132115 3.1289670597010101893
18500 1.9329828048779036376 4.4894871654886800982
18600 1.9517084224736092057 4.8291505815483901642
18700 1.9770369669426450798 3.7388078020727197881
18800 2.0382789981149378455 4.8353962078885404097
18900 1.943010570458070907 4.8145398962703698231
19000 1.9238097782702285876 3.5522222202347499831
19100 1.8996193818745947812 4.2063409261859403543
19200 1.8956371957249604776 4.1035268377094595849
19300 1.9736225661432240663 5.1357342448351896991
19400 1.9530062170567417112 4.7171150625570197334
19500 1.9102628645219974501 4.0663518663605096037
19600 1.9411804848430642689 3.6018273888883598488
19700 1.8531909783995568208 3.2956488169563100676
19800 1.8868111568213425944 3.3769971450962499304
19900 1.8119749596450285267 3.4335704882044999486
20000 1.8975587685731487575 3.4948340016420100795
20100 1.8798761778332910843 3.5958450199176801299
20200 1.9226969286264838921 2.6836222659497899201
20300 1.9042006202419838878 2.7228121035693599872
20400 1.9034234520108790356 2.9179312730058901693
20500 1.9217534851890967218 2.7810517556530300887
20600 1.8794477389283150703 3.1897435828022699944
20700 2.0031842057380728761 4.6540183583992895677
20800 1.8634167604701272758 4.3106397149438704375
20900 1.9042669353939833954 5.044897797589560362
21000 1.9362257257685713263 4.0774055784299001459
21100 1.9160414028387637853 3.5324550449484402037
21200 1.9647518886136710048 3.0635271296996999801
21300 2.0270602312173968684 3.2956528053202998052
21400 2.0013668625705043347 2.8544736435161301991
21500 1.9654936492181109831 2.8285568954991098245
21600 2.0651206884894408589 2.449449372374279843
21700 2.0685762250125661055 2.7490915783313600862
21800 1.9807701681011016248 2.8284575918720897825
21900 1.9022028948756739553 2.7590564780878601425
22000 1.9238940416793866017 2.7646583251360801192
22100 1.8747988497719936252 2.7310428174695902115
22200 1.8835491832758095576 3.0908643229903800531
22300 1.8845182747414304103 1.8948295338967799939
22400 1.8321826651992185742 2.9995084323870599974
22500 1.8313363185273536793 2.9510364283427299448
22600 1.9486365797483691242 3.841889979317110182
22700 1.8747875271213092496 3.2858178088314198284
22800 1.9063335340838585275 3.2660196464193398391
22900 1.9188192424834478178 4.3136837021019101002
23000 1.9274878289191026415 3.4244406905517599249
23100 1.8984764250647858663 2.8906772433847800485
23200 1.9329627118130681129 3.4775137695239499713
23300 1.8176178186764146982 3.8880993669436101356
23400 1.864979933373199561 4.1477396687449203938
23500 1.8421146629616649282 3.778425930353860096
23600 1.9191877255772378241 4.2597939672258098298
23700 1.8856206745423478299 5.3494842299518499118
23800 1.9272598099455824361 5.6355520627689399404
23900 1.8974488269267966167 4.9480497601703099519
24000 1.8878074916037075326 4.0858000933804898835
24100 1.8957252664696107036 4.7170735625994497653
24200 1.8839204103278550662 5.2650306339292702873
24300 1.9015430349533315457 4.5382142092411896783
24400 1.8541150814117302037 4.3704327926900097268
24500 1.9025743051055572508 4.2631200003072002858
24600 1.8646536842974097414 4.4610195428138101903
24700 1.8411013309427111118 4.4319793996008503001
24800 1.8722390702343441049 3.662137402809409803
24900 1.8464431043415376887 2.9316003388873901336
25000 1.8997207269912668171 3.3619976203118699942
25100 1.8999181036934469358 3.3014040886162998589
25200 1.892172606557944059 4.0532248155694903247
25300 1.995409070011141317 4.3629654676747495756
25400 1.9402187434839128777 4.6984356839635701419
25500 1.9098757455959185503 4.09601116825815037
25600 1.8728617203278286052 4.0860699931472899138
25700 1.9271875008995311696 5.0996234984825496994
25800 1.874666215840444794 3.7593465377563699548
25900 1.8834491732592024693 4.1234112089027803449
26000 1.9545577488128500487 3.6044444029492201942
26100 1.9237789033225745072 3.4168556513793801876
26200 1.9444738976718975998 3.3666835605722198466
26300 1.9587055316201569255 4.0076588936450203704
26400 1.8957726250487638708 3.9230696344272502074
26500 1.887914966055568522 3.2528097460445200007
26600 1.9064522590298826898 3.9234654082785698215
26700 1.79636942750304196 2.541392533972940182
26800 1.8940144359804242935 2.889819716266380123
26900 1.9053060380168089782 4.1135759517733498924
27000 1.8439064051179421266 3.253262041485040168
27100 1.8402034111990641652 2.2892552773534400323
27200 1.9315738133700373069 2.6717741565827601846
27300 1.8790303885580144083 2.3273398507690901127
27400 1.8953866785923663141 2.1738071394450502183
27500 1.8710569227848419249 2.9918468919431497888
27600 1.8752103879152060006 2.9649339299843400219
27700 1.8655517226427611455 2.3824335939642300453
27800 1.8502488573362640967 2.833530950318690067
27900 1.8567345716794261268 3.1455779059122801478
28000 1.8138602616302170745 2.9475415298883600457
28100 1.8413926580686581502 2.4773514344967297873
28200 1.8230068004925161773 3.2035467722483601527
28300 1.8773327768193164289 3.8581407942499299502
28400 1.874009839615289108 4.2621621453735496488
28500 1.9122620032984489757 4.1483589619270100357
28600 1.871494664521779816 2.958701748377550178
28700 1.8701837350081904621 2.9038882541399098081
28800 1.9312114157714455054 1.9986429997892098953
28900 1.9509591802803762928 1.1250533996103400103
29000 1.8595442601884366596 1.1869342372667899266
29100 1.8781012082860402135 1.3592348732598400485
29200 1.9075505530854006686 1.5136558792560499409
29300 1.971909197084455112 1.1184907134503800918
29400 1.9368858463866924779 1.1437996868645099457
29500 1.9846860487997444178 1.1763119033431399529
29600 1.9931154239427586461 1.0954163358519399818
29700 1.9264239460057230868 1.3202568022774099354
29800 1.8925318059963638362 1.4234789835576300288
29900 1.8423400807294896264 2.9567619143989900543
30000 1.8916011248690003388 3.5767746758058800438
30100 1.8607146303538066867 2.823185451454329975
30200 1.8667545638704738931 2.1525574214206901758
30300 1.8754407604179135216 2.0101263541727898421
30400 1.8373087764620252837 1.933211355737910031
30500 1.8577668119617805065 3.8091858025053197956
30600 1.8388860138572684644 3.904600571286689803
30700 1.853726015163838392 3.9420131700395901753
30800 1.8391234233408852994 3.6178074105794402193
30900 1.8221240107620393367 3.2098277784556898951
31000 1.8675309129149053611 2.8828383296388699897
31100 1.8092144928995741449 2.0976292570210901545
31200 1.8265302459266876678 1.7204263336759100245
31300 1.8284534810361057211 2.0146670933768398015
31400 1.9365005721109678216 2.1326752224321801066
31500 1.9064418287819053788 1.9460634368627101054
31600 1.8903954101161504209 1.7961016146960400164
31700 1.8736977688534859343 1.9547385342434100419
31800 1.8538430984121923029 1.9474269061591000796
31900 1.8863219512614552986 2.0935976672485501204
32000 1.9127923881814901108 3.3378417803275799436
32100 1.8672756950960907041 3.3880301254075200212
32200 1.8787641035444306858 3.2680318664272998141
32300 1.8284883227034511854 3.6697814056964901397
32400 1.8349629757402889929 3.4139814423664001097
32500 1.9157139528129791817 4.2065782633655999234
32600 1.8429017389901838353 3.6315326379839398818
32700 1.8930717554483738052 3.3691833699527000689
32800 1.8607105030325215012 1.6927598535704300176
32900 1.8307868983206523339 1.8275252137388500184
33000 1.8848729243467270411 2.271513515523329918
33100 1.839046020478986021 2.7534580941053801162
33200 1.9215742960110879789 2.8962684026848699581
33300 1.9083073100731711147 2.8156690263474799529
33400 1.9850513210722491309 2.7705618090555801381
33500 1.9198886057473134592 2.5543397952887501035
33600 1.9455240854732118727 2.2684537909913902176
33700 1.9227362520818456204 2.438018782809490137
33800 1.8436636375829804635 2.4162010280468400047
33900 1.834909494431725685 2.3120452065759500293
34000 1.8586063751188532933 2.6299212257163500084
34100 1.8947193996105051728 2.5366271870099801333
34200 1.8982071696518414416 2.5257937928411000605
34300 1.8815141368782115627 2.7815405315787398166
34400 1.821219923525648543 2.8404089906658298581
34500 1.8014096198944760108 3.0639747875295499924
34600 1.8352267157075432547 2.666702512180850082
34700 1.8472989562399595442 2.4389594654958099973
34800 1.8589177415691495732 2.2797803253806701029
34900 1.8908172206635371904 1.956478149808650091
35000 1.8710568986058271346 2.1921347067267000774
35100 1.8459347544430169119 2.4752014188624800184
35200 1.8450198137182363123 3.0023277328643698247
35300 1.8142796794088298373 2.4139631957797300643
35400 1.837234243304612491 2.1373656421991698018
35500 1.8781732848440118033 2.6700056643767098308
35600 1.8738278677725435095 2.4719527607506202038
35700 1.8839196972280094489 2.7782091973875999713
35800 1.8746404822356819153 2.632532402953680073
35900 1.8880554598668950472 2.4818519381709998051
36000 1.9182153372137755731 2.6295555965365298157
36100 1.8897892161785341258 2.3459543925407100318
36200 1.8688236696750062382 2.3559370973071600552
36300 1.8566134780132710347 2.9903517042534701886
36400 1.8217658560782727939 3.2048520700265799022
36500 1.8187456336076648356 2.9942508539504899545
36600 1.8566333852260605841 3.6112323700101298662
36700 1.8287885135100974132 2.4126159105868101307
36800 1.8343643484256531018 2.115220425624579903
36900 1.8336937610779509011 2.2173583271005998796
37000 1.8249721076188916147 2.5713778920794498895
37100 1.8444558623071145576 3.0411696720030501062
37200 1.8045124078845682369 3.2304819941977997999
37300 1.7860658810168485999 3.1204366674417101102
37400 1.7872614150089345397 3.4783658882654400202
37500 1.7877121915259013285 3.2443205416996301338
37600 1.8181754414704338618 2.9834922026363499548
37700 1.7956450374756358634 2.7155305772471800552
37800 1.7876930602238529922 2.2685451969166599007
37900 1.7901168272214753596 2.1920612705501500983
38000 1.8051743568493707759 2.775199594494630162
38100 1.8156752468267136624 3.3811871958607300215
38200 1.8560776795730886679 3.2470579858845201038
38300 1.8347218928014648043 3.2625153043064099023
38400 1.8548573841376632121 3.5032983338514100957
38500 1.9256867278318594572 3.6601993627771900464
38600 1.899471161011782705 3.4310371231505500944
38700 1.9105689862475911944 3.6269502557026300771
38800 1.9018667430330375989 3.4006153872510100911
38900 1.8214219318414255344 2.3787677724204101537
39000 1.825558626810726004 1.9413112553174098895
39100 1.85032108734730949 2.0118621984595002061
39200 1.8154220038143309424 2.7006304778476502015
39300 1.8252367602232075772 2.9300715293471100154
39400 1.8498928824873819288 2.9971822669532999228
39500 1.8411739767383754618 2.6711496424807399386
39600 1.8315657091053110239 2.9108372241552999959
39700 1.9042902181891414592 2.9598104805341298729
39800 1.8468819521609634027 1.6639868816885299285
39900 1.8453279416086532105 2.324706442693269981
40000 1.7898751737343998602 1.8974319429720301056
40100 1.8096955139522590272 1.8098439697071799781
40200 1.8383340034287973808 2.2359880501673501385
40300 1.7754717284832899349 2.3085544849129799871
40400 1.7641346173417686849 1.8350042560203800868
40500 1.8136399719871416636 1.8388000900713399322
40600 1.830826166020979251 1.83888964977315994
40700 1.8761999765666159679 2.5580986858343499613
40800 1.8263276064254938547 3.1650448447043899591
40900 1.8466393718691980208 3.3596247169063802041
41000 1.853953693112818657 3.6356591139932601386
41100 1.8331024709220715696 2.8814790181311900064
41200 1.8233719698313695101 2.8407367252636501753
41300 1.8663323626703041125 2.8042037449559198414
41400 1.865046714543290074 2.8542453921298700514
41500 1.9085267218864625516 4.0917376035621400021
41600 1.8549498028409603378 3.0224575560392001883
41700 1.8213073905930654561 1.9048441952723500492
41800 1.8312907661316342178 2.06263284584220985
41900 1.8374830704053102259 2.3576671629962300258
42000 1.8191199785207752271 1.6175080093609199849
42100 1.7783452873848688558 1.2699876262391300852
42200 1.7926508451865588167 1.0453870728168899173
42300 1.8063876752053249497 1.7313148647230900412
42400 1.8056074899482628116 1.7970331203744300819
42500 1.8259684227892234443 1.8482563028922200932
42600 1.8118113263459514339 2.0252145118499798038
42700 1.8051417411035362015 1.0466708728021298924
42800 1.8205224634334356004 1.1484111720446399385
42900 1.8093950954649447027 1.2205071947359300566
43000 1.8090406700184011868 1.7214184257325100269
43100 1.8149585971278943131 1.9166305027147299
43200 1.8367228855215607108 2.1025597216388898225
43300 1.8154894690607024099 1.7185353153058400277
43400 1.7960401204693032806 1.4925439128538600109
43500 1.7993851099100697244 1.1861748471686499595
43600 1.7773757888105832237 1.3098056063443299646
43700 1.8198469033415682894 1.2923985214444899672
43800 1.7994777016714083029 1.3736698880609901074
43900 1.8170004741136311921 1.3229278279926899309
44000 1.8163717112260577835 1.1923081199652900697
44100 1.7933530769364061097 1.1187506093850501099
44200 1.8742323204493869238 1.0908079254904499145
44300 1.7931203942508506799 1.1677214670478499592
44400 1.7973303817170089847 1.9279444422284399696
44500 1.7905946984898146734 1.8595664203120398916
44600 1.7984418128393644398 1.2965778133929599658
44700 1.7462551305781772726 1.1361531450238300245
44800 1.7636974092743773479 1.3562666886804199962
44900 1.7539581159119459475 1.1698411976708400495
45000 1.7674432287707755318 1.126044038062979924
45100 1.8088957578032305307 1.4086155203777499523
45200 1.8017606774823680116 1.3805121381959100102
45300 1.7957472531032785401 1.0666242788078299508
45400 1.7887912812570418986 2.2624291187086700283
45500 1.7709323828491012609 2.8285063843188500421
45600 1.7433700970929184582 2.7985968532864697877
45700 1.767316866523241492 2.6944338058452701468
45800 1.837512540673168937 1.8579845367759300068
45900 1.8001317890568373503 2.4868796324616702087
46000 1.8403840825475779042 3.0333844828489802126
46100 1.8204749278301337601 2.7280791207487000705
46200 1.7876547845283961014 2.6584542974514300262
46300 1.7714250106860693901 2.4797476845486898789
46400 1.8129726548075433268 1.8834421865729600309
46500 1.8098667492616002939 1.9028253269705499573
46600 1.8095462658374026343 2.4633337139711501962
46700 1.8123545444335151799 2.7327291807944500412
46800 1.7879376717132533514 2.2877084846067998747
46900 1.8024560877893822664 2.2365184204841002114
47000 1.7942570858748210227 2.440190274223749789
47100 1.7882372422235659482 2.5231364631532899878
47200 1.8183160847916011171 2.9231046942832201729
47300 1.7907265354099082266 2.5956632822793799242
47400 1.7732568250557025902 2.9530541203795301897
47500 1.767295854084450335 3.181377766739890145
47600 1.7666488729983012007 2.3153894120176201632
47700 1.7896770735510736383 2.4636420384989401455
47800 1.7862750798743447511 1.941892514921530033
47900 1.7725997514285134482 1.8915862568262900023
48000 1.7919630232906837985 2.132924616670759832
48100 1.8031709390530432646 2.1177362840942302036
48200 1.816428721717710193 3.0274698445502701283
48300 1.8063355257933151332 2.982408397767680075
48400 1.7740936349408122918 2.6244975436433799487
48500 1.7421003891064421598 2.6996691588186698674
48600 1.7625456785101054624 2.6705334717670101696
48700 1.7657369233974056222 2.9848715284056299701
48800 1.7792122810690094159 2.7365160541053099585
48900 1.7777397499084035548 2.9063831985860999474
49000 1.8181870359758871558 3.456434386471559872
49100 1.8038772830307083783 3.664806361418809999
49200 1.7862069924521357667 3.7801396085542600112
49300 1.7857595042917844275 4.6967539176948802648
49400 1.8053378572445037964 4.5105143469579598303
49500 1.8093925313080934103 4.6398314028551599364
49600 1.7811909661721387899 3.9389239594722700311
49700 1.7945472391276346968 3.9845301943968101099
49800 1.7789629155477879596 4.1259608877595397303
49900 1.7870049542580259683 4.1571832692307504331
50000 1.7939486503939856554 3.7588756205210200889
50100 1.7860506507745423921 3.796724886402070176
50200 1.8274298034639440136 3.3639108311703598275
50300 1.8091998302027714196 3.6430212730995199522
50400 1.7794859646965734967 3.3686810169879799481
50500 1.7833494801739186997 3.3871843853796401724
50600 1.803909740250318805 3.2012142397882898948
50700 1.8370702915442616021 3.4515704458716598424
50800 1.7985046187342754731 3.6749717031978499371
50900 1.7822885816499407508 4.2073477541842096983
51000 1.7835833521688195802 4.3092599578322801079
51100 1.7766047525048624944 3.8243524543952500672
51200 1.7621777613179319122 3.8519076220638299723
51300 1.7718581553887804425 3.8028772973708999672
51400 1.7934639591886822885 4.1344069039712998404
51500 1.8741474187146334174 4.5009117327136101139
51600 1.8548464960675445923 4.2921910327068504287
51700 1.8165121990357602222 3.3427681337734100886
51800 1.8025000951660647974 2.8234207971683398242
51900 1.8262908746078323485 3.044265015660870155
52000 1.8175905566175152295 3.2434482262993800106
52100 1.833215103887251507 3.1376890161240398314
52200 1.8370444034371400388 3.2886038709418099479
52300 1.8070390038405366173 3.2641917844928700632
52400 1.8159508286321757176 3.2080503113632699019
52500 1.8315304009164394827 3.248666639038300108
52600 1.8161165587865426563 3.013132520541629944
52700 1.789101728149647963 3.0890073576944399036
52800 1.7766883561804087677 3.2116627441500500417
52900 1.7852916831394269881 3.3139931157261099948
53000 1.7918877281112302047 3.122901243722989939
53100 1.7917709806097128489 3.4169908441295802071
53200 1.7912526185297410475 3.0072728422064400888
53300 1.7626218630510446239 3.1975973745890700073
53400 1.7693902541400448047 3.246879228299559994
53500 1.7641383036076083712 3.0965505453399200242
53600 1.7677999591879314245 2.9979468710593599745
53700 1.8328135359813730876 2.7480176465143499875
53800 1.7714954326935670181 2.8848506675978700109
53900 1.8038020231937599291 3.3550150179040598708
54000 1.7726723683819507471 3.1789517547226200378
54100 1.7624534878079063382 3.2856281068480202023
54200 1.7884114748416226615 3.2581034801052299876
54300 1.8131856641145711606 2.9904631726132802072
54400 1.8357964981551235795 2.3736666918569300222
54500 1.787119775765108276 2.6487788296006899991
54600 1.8349351500155004491 2.8043833035313401325
54700 1.7885667566544571905 2.7886709795058401973
54800 1.7900607446405445433 2.890559045825829898
54900 1.8259035844279187799 2.6473784196663401325
55000 1.832006001175166876 2.313830550205710157
55100 1.841171968947873161 1.9779600811787398928
55200 1.8017482154299557795 1.8662128510874900211
55300 1.8116639925643198694 2.3162632271943599527
55400 1.7660798248091857943 2.8629753711043299802
55500 1.7610218476381449548 2.8522162300954598813
55600 1.7780415220979666202 2.7758653046212899973
55700 1.7963624491514647019 2.0899165218310900016
55800 1.7826000292258896707 2.2550555349739900279
55900 1.7809026286116609317 2.9946307542334200669
56000 1.7916901590781464382 2.5580434165249101852
56100 1.7785266662565017981 2.5791818334766398735
56200 1.7557105643686412577 2.0520712638294500429
56300 1.763667319979757675 2.3073217269422099385
56400 1.7566062150425010291 1.9065859174581301083
56500 1.7604187449505313001 2.3377499532131897908
56600 1.7857485559488703863 2.8631434068825600825
56700 1.8230550661267703738 2.840032345743699782
56800 1.8296078227392127413 3.3157865080959099124
56900 1.7711907770885013669 3.7147205646234802145
57000 1.7790086523627179904 3.4240833580991800744
57100 1.7745774062913384217 3.4650400265926197818
57200 1.7696927109433524539 3.1629373204450299539
57300 1.7698715183277198282 2.6626885245877600639
57400 1.7624459349548831089 2.6243017825127799014
57500 1.782897666618126431 2.1239050232073699576
57600 1.7747921211505262029 2.7143895734251799468
57700 1.8019262783001390726 3.8903756268977400801
57800 1.79372567538014005 4.1768966533544498176
57900 1.782667418608234744 4.0739513897728798497
58000 1.7968053094381302159 4.131546144285599631
58100 1.7892756067714068458 3.5826537922955501436
58200 1.7840832473419543369 3.3678033621728098446
58300 1.7803856544006624318 3.1652022883586701241
58400 1.8150905943708754986 3.2780627577721399568
58500 1.767570336425199562 3.4772910029004999721
58600 1.7970377119565634771 3.6732817523698702011
58700 1.7900209737644632302 4.0219340203051103799
58800 1.7890590246789126461 4.334004431531820245
58900 1.808017191841513327 3.8863944144264599423
59000 1.782491642332197479 3.3798248029345598908
59100 1.7861491178246327038 4.0653658233355596252
59200 1.7373915751325323953 3.3982750708093698577
59300 1.7818748566382633935 3.5289665448273899173
59400 1.7742100250827381736 3.4518743344980098442
59500 1.8144560860176068839 3.693438183500370009
59600 1.7727596544466752704 3.1574385689583102099
59700 1.7795966452631792887 3.2479616091003600253
59800 1.7725576905222226731 2.585969237024150047
59900 1.7368892494705960861 2.6653274609841401954
60000 1.7273599427933270523 3.4055725315123899222
60100 1.7642954110394448719 3.4575135613129899248
60200 1.7598243103802968523 3.0936676009353298866
60300 1.7527023554698537566 2.9016501980552900086
60400 1.7668247424839027548 3.0792208613391700567
60500 1.770485584229396725 2.6872312205105401972
60600 1.7925073846664933974 3.0543779367539798386
60700 1.8136905612274210053 2.9507356962719200055
60800 1.7691504374815827383 3.1471133784923699395
60900 1.7796550144427734086 3.3178209113623902127
61000 1.8087085216075913241 3.0538547954412798013
61100 1.8269747223069836561 2.777493783449399789
61200 1.7943569079120780252 2.9294917555265698184
61300 1.7975555117271184713 2.5526178111700201789
61400 1.7692415727050712082 2.6654598493696801675
61500 1.775726923326495843 2.7224660005414298425
61600 1.764026759943688738 2.5167046901761098709
61700 1.7896726226598018705 3.3647551932862200808
61800 1.7854736615906681152 3.8522097655632099311
61900 1.7445976333636297184 3.1879570060740598514
62000 1.757285941987262845 3.309823805750959913
62100 1.7684002645254106589 3.1395853376209199581
62200 1.7719303864471658283 3.2575578831392699719
62300 1.7560303212687244923 2.8894976403890599848
62400 1.7693754348741694837 2.7017446817578698592
62500 1.7941399313395347548 2.1162847149652002088
62600 1.7534834534261196648 2.1314701307062597913
62700 1.7652417222475424996 2.2332622960701900006
62800 1.7725996546605256032 2.5005033316422000667
62900 1.7619244336649952931 2.6086770409816701921
63000 1.7768455848277999731 2.5814369746849101794
63100 1.761387089745139356 3.0532294810808697783
63200 1.7652533399793792768 3.150369494610099963
63300 1.7765753888185900067 2.6623344202822698534
63400 1.7732393593850244162 2.7002411343186301096
63500 1.7898444464777671925 2.7712197848819299928
63600 1.7475578552513462149 2.996547230079189994
63700 1.7715679510632840188 3.344806648946069938
63800 1.7870777851698520511 3.4821538163197698346
63900 1.793811524921370415 2.7977649057438500613
64000 1.782288883700048121 2.9494391650728699616
64100 1.8018837717706457369 3.1732585699929201084
64200 1.7834123682942888411 2.5672578284555598316
64300 1.7941419393236075486 2.8598093576288898809
64400 1.788063015740134043 2.8895807357627498746
64500 1.7877573808725331084 2.7810441759656798766
64600 1.7830902672564916678 2.7100962725113602048
64700 1.7895332567454131922 3.011325640009390181
64800 1.8073709419383638952 3.1092507214619597988
64900 1.7980633893215005603 3.346623748434209844
65000 1.7739032392105689162 3.1657302233725301832
65100 1.7666479218995867484 3.126050980030969928
65200 1.7737896581357626147 3.2629317817236698218
65300 1.7672752747226894154 3.6668515609425300639
65400 1.7692616649792489714 3.7113147728358399924
65500 1.7975891088416924291 3.537503316458990188
65600 1.7554755849370535792 3.7652423125413401195
65700 1.7390696434279466764 3.392257898868070054
65800 1.754347084479211949 3.2662120608866800353
65900 1.7649618978609322717 3.3518132762906098776
66000 1.7756637605365017674 3.510245371747540144
66100 1.7622473630827542035 3.5749744809431800441
66200 1.7594863651943835059 3.7294133771250002063
66300 1.7629179429441408367 3.7067561062616398715
66400 1.7489103248185955408 3.463421288965999878
66500 1.766988253587774782 2.90419637682038978
66600 1.7639561423791911832 3.1071878803413701675
66700 1.7640488423133524609 2.7389933090727098808
66800 1.7305626883487117418 2.6736696413488800772
66900 1.7626585367617644273 2.7992795974131898795
67000 1.7563246335918809571 2.4773546358758098407
67100 1.7532043973073765386 2.2225433199454300848
67200 1.7570595284110654966 2.4491362575951898251
67300 1.7601963179934871917 2.1175473178772201699
67400 1.7611552858768728669 2.0823308868905701097
67500 1.7495294610451228579 1.9119218382008600354
67600 1.7447784970815820582 2.1159493274011200725
67700 1.7620011211167194709 2.0728722490015600854
67800 1.7741365438864142856 2.3456844382337500576
67900 1.7738801334322795711 2.548754665634020089
68000 1.7646500117043650846 2.7272029672401298939
68100 1.7558759322708701323 2.5854522200907701368
68200 1.7670100768819752002 2.8431329479593800968
68300 1.7638093239754384367 2.6220735383978102107
68400 1.7497662944095526694 2.5989196566833201452
68500 1.7579165275969033111 3.0267260424271298369
68600 1.7555580057747832701 2.7110809176763499551
68700 1.7749607038268118142 2.6402559548363901953
68800 1.7484359011198451483 2.9116385366410000302
68900 1.7706876091029257747 2.9716168151466901826
69000 1.7498045855535515614 2.3805183652195198718
69100 1.7630225133621826306 2.1264406306066199193
69200 1.7345898579821708019 2.7713583545861197877
69300 1.7684730282402245649 3.4068698884874502042
69400 1.7781318162172565778 2.8132187737356098012
69500 1.7604285530903123203 3.162083276369440199
69600 1.7540175977624024029 2.5233676161292701856
69700 1.7446049817427242701 2.7346866183846501031
69800 1.7534985972197556503 2.4236492088697900726
69900 1.7549110387159900792 2.2928249959626998411
70000 1.7515466952263625267 3.3564403522123900103
70100 1.7584731990797961565 3.0808488615466900207
70200 1.7715799316260059104 3.2442442440843000107
70300 1.7696524503240644854 3.2136940606261399367
70400 1.7444194781065218702 3.3649037636358598569
70500 1.7393529880110190078 3.0980184453972001712
70600 1.7239854055728396354 2.8437808195147100676
70700 1.7507440020088753663 3.3009686768107298072
70800 1.751427071938535418 3.3018834682977398209
70900 1.7726914307696373108 3.085087072079450099
71000 1.755164885509133299 3.3508057468591698758
71100 1.76501205448056675 3.0939024176535498967
71200 1.7640485582177969359 2.9476917903834598533
71300 1.7378117808410815659 2.8673774693339502129
71400 1.7521301014406907015 2.9054749655377998252
71500 1.7713995161036248938 3.0086616756673998374
71600 1.7500529262348440973 2.9595099782190499305
71700 1.7598971832219025835 2.9849067383550598187
71800 1.7275465427431102583 3.0755443901930199502
71900 1.7150265539610851651 3.0576995836455100886
72000 1.7412998640215060497 2.9058199267427800017
72100 1.7442821385902611553 2.9050464468958101527
72200 1.7293550534103223626 3.0949262953409402144
72300 1.7356643912303766353 3.2584222310899599862
72400 1.7252716389119384655 3.1650807566255401149
72500 1.7269084897921915811 3.3303163062576399689
72600 1.7474261635941155113 3.4621712150696701826
72700 1.7323251907559149565 3.1105154157155898709
72800 1.7331476860930441486 2.8477506385999600269
72900 1.7407782776877489539 2.7225412024443000902
73000 1.7288166524359414034 2.7793246742283601591
73100 1.7558787457978100033 2.4159376109990398085
73200 1.7609842360834868646 2.8334132395968700813
73300 1.7629676025883826984 2.5648285261066199325
73400 1.7454605210503644219 2.8552139781111898209
73500 1.7475147005598046235 2.8443367794398000115
73600 1.7375398118946963066 2.7488192223149900961
73700 1.7574411350547176625 2.1893487654880501303
73800 1.7586487433668633873 2.6650169770449401163
73900 1.7537066462187396176 2.8877667619432898505
74000 1.7715679149295886496 2.7153802205226398314
74100 1.7653346808621519504 2.88801736462563019
74200 1.7540737438501345924 3.2226155965269400738
74300 1.7664802023391377173 3.7683905382200801881
74400 1.7610856989304790599 3.9829874174009298748
74500 1.7592511280580322985 3.9428067731025397968
74600 1.7726785668829787568 3.6643383474161002056
74700 1.7615729246225637628 3.4764165219816600683
74800 1.7672641385874210407 3.6386882993697398092
74900 1.7632887979163969217 3.5989938448542297955
75000 1.745539916543298542 3.5219091933909201231
75100 1.7255031085232783727 3.0578412060261799255
75200 1.7523683005513268629 3.2206859408111299103
75300 1.7498998746624252476 3.1956785387441200008
75400 1.7463014699411787412 3.2092493699269399876
75500 1.7611845002963690821 3.5219022984976802171
75600 1.7681517920523803777 3.12162517433531983
75700 1.772940276561814521 3.1376181196249501859
75800 1.7656516808273468033 2.9722474999910200033
75900 1.7701155149623040153 2.9115787926907801264
76000 1.7305336365755954464 3.1899255979830098973
76100 1.7697369703955589948 3.2663354416533101343
76200 1.7535812346775987436 3.1246843835184101579
76300 1.7510151563077702708 3.3392389904154797797
76400 1.7365878781810732967 3.6271488162628902074
76500 1.7540225650272112112 3.6846101129557400355
76600 1.7653186158381688475 3.5791311777499901225
76700 1.7512278632177435966 3.5631729619613401461
76800 1.7756510753145144932 3.2602343932674799909
76900 1.7620434012644976551 3.2920798529446901881
77000 1.7497134026931657758 3.2265846936733901806
77100 1.7269491824588625306 3.0872418333384898936
77200 1.7110113309282772853 3.1466194889204501806
77300 1.7395529646486613817 2.7580627805072901459
77400 1.7199539627883206894 2.9010935184273698439
77500 1.7463443749855107612 2.8763326382120699698
77600 1.7269991084785534241 3.0282975395052997847
77700 1.720130635420765719 2.830253609890910127
77800 1.7413798211211934941 3.1195418054880099668
77900 1.7594791686392452501 3.8208739250225298711
78000 1.7660647042321184763 3.5341053973061500315
78100 1.7247063148126562382 3.5170630655746499826
78200 1.7187373193183188569 3.6568686041374398599
78300 1.7144116546070002904 3.2015075185692598581
78400 1.7156773387666837127 2.9344824777540399197
78500 1.7087943807860916934 2.9456348914477299417
78600 1.7064864568663893341 3.0450810739721498877
78700 1.7150165453603367638 2.7558257087625701587
78800 1.7498276794855678329 2.9906694995881402122
78900 1.7337394185279539904 3.1429652212664498379
79000 1.7357565401126018312 3.4753808732878699317
79100 1.7448995402917750752 3.5964377124138500186
79200 1.7358137990100510617 3.4944438584750900922
79300 1.7073679525716241034 3.1565966989200902049
79400 1.7272998571175270932 3.3373735897092799974
79500 1.7108579335842450941 3.0398727115865900039
79600 1.7142587418662658116 3.3443076992918698842
79700 1.7382156390446918959 3.8661216662799899879
79800 1.7364820434703669427 3.6041814740127300354
79900 1.7447029574080783476 3.5867812196215500542
80000 1.7473786934303958684 3.8760717432966997897
80100 1.7415616679011389767 3.8495701755090401264
80200 1.7301499518917897724 3.6355743778656899323
80300 1.7218939378782061045 3.768193523569610015
80400 1.7253308381905521074 3.6902697808184701245
80500 1.7414748413297442831 3.9136717722845402179
80600 1.737819436490877445 3.600592649931909861
80700 1.7263713920604968344 3.3948786635746301954
80800 1.7197224804084820793 3.5814614298164801909
80900 1.7366516775462761402 3.5322046332045902162
81000 1.7244464384246580568 3.384809444244690102
81100 1.718519380531550178 3.39900359019086995
81200 1.718725242423469135 3.425907422241409872
81300 1.7198468736145831048 3.6106614130147400843
81400 1.7167398860649418779 3.5386725485731997942
81500 1.7419485284708811079 3.8710642487040298754
81600 1.7284501855137799353 3.5533497223885301963
81700 1.7328732616971447289 3.5353812956843602144
81800 1.727671005326297804 3.8358261192285101338
81900 1.7423190683223430675 4.0086018388090298714
82000 1.7211096568041406307 3.5703949018796601322
82100 1.7149955070163538373 3.5195651598023500739
82200 1.7274909374662528183 3.723303455738049994
82300 1.7450656656218543894 3.7352189591734301644
82400 1.748998451784676389 4.1234774566241600979
82500 1.738973203461488648 3.8687960041300000213
82600 1.7245591480289357289 3.9833539195610701
82700 1.7618929887007879209 4.4642240196297295896
82800 1.7485838390706884837 4.222495249004950324
82900 1.7504514317093091691 4.2789447353458802681
83000 1.7358874308087819394 4.0895006682839403211
83100 1.7389003387139154722 4.05772813590037007
83200 1.7180261690569256228 3.7058033001584198551
83300 1.7464839099955420387 4.1203001436437700633
83400 1.745330225883242603 3.3483400576018600425
83500 1.764617818092232282 3.8475412403786100057
83600 1.7479325682624160532 2.6725391409379999352
83700 1.7421623921912712252 3.2220939025775998665
83800 1.7723643742794088496 3.3056723497458198047
83900 1.7459099708575485099 3.5412917988719798679
84000 1.7443477948646308739 3.5371894307563298554
84100 1.7329112338138923377 3.3679331147065498797
84200 1.7517962233842259145 3.4698828903479599362
84300 1.7533375527106982439 3.3273413138216101359
84400 1.7319197849849083948 3.4883447449854498856
84500 1.7254192621527415508 3.262538292130840123
84600 1.7600198578078143363 3.2656508596666200539
84700 1.7457234986782921293 3.7174537832431497897
84800 1.7673733012680259424 3.8503699289867499012
84900 1.7464069060694051849 3.7530364822274400183
85000 1.7446082062329406615 3.6736101573045698565
85100 1.7358482636759609008 3.5700650502778299433
85200 1.7507465641320372196 3.7266488914364801488
85300 1.7525225702579001474 3.3667833119929300167
85400 1.743215353990520633 3.5751030160585801632
85500 1.7367979501952974797 3.5560347713258400049
85600 1.7384930564265028696 3.6111378481462499401
85700 1.7281847490606829787 3.7645379850998499371
85800 1.7273261558230159629 3.6763652502118597809
85900 1.7383121087094606239 3.6434378920106498256
86000 1.7447576298133682382 3.5370394108696499025
86100 1.7091872443453361985 3.6092123869842498429
86200 1.7264812105456961433 3.2626595197736398823
86300 1.7468271566897741742 3.3443164844686901205
86400 1.7339392340781882851 3.0627461551779400217
86500 1.7419399296216744322 2.9591033773212997993
86600 1.7561237328043999284 2.9588421387731900225
86700 1.7507956895868375113 3.2169401245046800319
86800 1.7339520299358910371 3.1527206558344400555
86900 1.7383888856947253831 2.9505909558694400907
87000 1.7527362700024664566 3.1604181736251399926
87100 1.7288728191248303734 3.2434372751383602207
87200 1.7148969973268379796 3.5032033737551500074
87300 1.718606928079620122 3.8972602385106398515
87400 1.7525484234916737236 4.0902647829492400078
87500 1.7148586377153649529 3.5964636908904199508
87600 1.7507868691676067296 3.4102333234056798617
87700 1.729822472797329036 3.5429743124238100016
87800 1.7313070028336934314 3.5827647150390400377
87900 1.7424755003185885549 4.1352872174231301017
88000 1.733640770814713461 4.224363443097700177
88100 1.7468464921520849842 3.9000397661311501096
88200 1.7382521548058802452 4.2296683180671603708
88300 1.729068924873459423 4.3032340222572402766
88400 1.7330003398558655459 4.4318568625746097567
88500 1.7621274638841490923 4.2567904252195098991
88600 1.7598302569233068571 4.4612719616323204264
88700 1.7290549018707195295 3.9967324594639701552
88800 1.7389007582341049485 3.9068712361237598607
88900 1.741907902547946474 3.8770816654175299654
89000 1.767143062899942052 3.9968561735755998576
89100 1.7509118756714801002 4.1596655558946196152
89200 1.7466673562780903328 4.1391274339782704317
89300 1.7469067373617326311 4.0825508113776596275
89400 1.7574064515863794256 3.6917683048419998038
89500 1.7553862381918301505 3.4419608628168401054
89600 1.7690703309812838562 3.8524852531080600038
89700 1.7552025982634766876 3.7023536861905999018
89800 1.7287365839646910981 3.7327695589210398985
89900 1.7585152230424587749 3.5063238651425199244
90000 1.7201046816720195753 3.1976976445355198564
90100 1.7382106309872873418 3.3827687767861700507
90200 1.7553399321505600561 3.2253023967689800067
90300 1.7398032068814237583 3.4557037488714299478
90400 1.7387102248574739516 3.6562480200460498736
90500 1.7759054166026817523 3.2239628224301402071
90600 1.7334770852513621264 2.9607344050318697981
90700 1.7328903998726248314 2.7994825167856500769
90800 1.7269889251477010816 3.0641141033158998397
90900 1.7588274545302429175 3.0316106207949600204
91000 1.7300882675766731111 2.8970134735132799797
91100 1.7523457611117172483 2.8323468293607998447
91200 1.7389953581418180484 2.9557683485047800964
91300 1.7222565783154022423 2.7855523107671897876
91400 1.7139082573852899571 3.1728902260676701275
91500 1.7253079547026783924 3.169219898079069786
91600 1.7390483098290303587 3.6588153580480597959
91700 1.7487633394563530942 3.7330807203479499101
91800 1.7353999879931893968 3.7421502024333501701
91900 1.6911513678464058508 3.3586262984880201898
92000 1.7118054437648746458 3.4788779523627098023
92100 1.7474044168266604782 3.2487023304566600146
92200 1.7327457284203355847 3.6809734395804798446
92300 1.7405623991883005797 3.7698856844237198516
92400 1.7309999660117243447 4.1149140557385104344
92500 1.7300089199813026841 3.6843031554889300594
92600 1.7323855733062785145 3.8813938266333400939
92700 1.7060702052593867961 3.7159271943052898379
92800 1.7143711874433518183 3.5240856160992000135
92900 1.6987445781606345108 3.5662449739969002138
93000 1.7011538266099244243 3.5441936009811598751
93100 1.7283666156588211038 3.5972003538028398673
93200 1.7139197912318169248 3.5406351665859601141
93300 1.7320432352702690437 3.2791861886643500767
93400 1.7310139176371368563 3.1014183161347101958
93500 1.736385192631954455 3.047844268275779811
93600 1.7174026875195389508 2.749675781811709907
93700 1.7263950656819875284 2.8783036829672701273
93800 1.7297903464154380515 2.8566336359980302184
93900 1.7085832849615778528 2.938779649226789914
94000 1.7346653404412379906 2.8603568877802700854
94100 1.7258966154396448989 2.8774215371996998414
94200 1.7291467555244113274 3.1202696210085099082
94300 1.7125515987461996659 3.3264508157355501261
94400 1.6973843659508995874 3.1859755407992200738
94500 1.7285973429586265482 3.5058516075385099953
94600 1.7087881097159851596 3.1163982502206097891
94700 1.7122472308701517374 2.876813826051709988
94800 1.7134488345692675537 2.5020759353949499904
94900 1.7060476147486078879 2.6442631992831699961
95000 1.724407643620732733 2.874505280798070217
95100 1.6968644998221471543 2.9706670014384202183
95200 1.7026395791157233894 2.5949012627064398373
95300 1.7249782616686797354 3.1343103229515700825
95400 1.7252864158084331159 3.1720591987996598071
95500 1.7152245487772999066 3.6183762148451599217
95600 1.7077847369463847738 3.3526169887372199163
95700 1.7009110694629407945 3.2856871776054701328
95800 1.7134964463402604373 3.0380724537574899102
95900 1.7029713949791931427 2.9672661214116198281
96000 1.7098548084746005848 2.6318759962427797916
96100 1.7180402155848553125 2.8685148519494201302
96200 1.714411552112753645 2.943355350769270018
96300 1.7096953288709835217 2.7541467553006397928
96400 1.7211736916627251581 3.096862887253060137
96500 1.6969756339012758151 2.9943943130879802084
96600 1.6931748883366346536 2.1779723654113101183
96700 1.7102919315421611923 2.3810509845138598806
96800 1.7203218316164745616 2.2004646381346599782
96900 1.7075655477274382932 2.2050195039329998359
97000 1.7219016951107555258 2.0774616130480798581
97100 1.7097548320305486769 2.3251159611664697913
97200 1.7138520789174436221 2.3331008332448401887
97300 1.7059386899960500283 2.2903241624822801015
97400 1.6910274233620992135 2.5490333752045200022
97500 1.6955001797530546703 2.5447715306058298346
97600 1.698962551869288129 2.2495590655517498924
97700 1.7024576845054149032 2.2006294437803401998
97800 1.7124610349326032654 2.1164695261577799457
97900 1.7025869488342644242 2.2659642749312300936
98000 1.6968322072454300464 2.2580455772951602
98100 1.7107830296736576958 2.2230332339059901692
98200 1.7081538814567640561 2.2418171909791801966
98300 1.7117679525786346773 2.2923193224673799051
98400 1.7072256006126294015 2.1542095230923199445
98500 1.6878878955613663138 2.0936806074331300032
98600 1.6764547120083090892 2.0761103318404900975
98700 1.6866785262697863157 2.3635767343565201593
98800 1.7092013826220977535 2.2947081895463901091
98900 1.69468304346139087 2.0837273268333498244
99000 1.7159411870019340984 2.2337329198322799506
99100 1.7235391644133628564 2.0958725691512598566
99200 1.7035538492859878534 2.0091831845588199457
99300 1.7210648404317105964 1.9675356690160399342
99400 1.722478689746434366 2.3322154861521902092
99500 1.725356996815662125 2.2590467732940497925
99600 1.7207121964906781919 2.1872852151409700738
99700 1.7068754287386813662 2.3221002497464500181
99800 1.7314273962154866915 2.4615460993594702188
99900 1.7448276061055822961 2.0804600042087799672
100000 1.7360996356469735602 2.2949726596428599024
