Step Rg Re
0 14.358907285646754559 48.775223090199197884
100 14.350310185409153263 48.505487864020302879
200 14.18297570222400239 47.071599856906402692
300 13.878596562565261863 45.344546612884698789
400 13.465105412995482581 43.493281288172099153
500 12.952210502183085339 41.24462234821780271
600 12.380111297394080339 39.02706430997869802
700 11.763966472862188439 36.305149863519396547
800 11.108145011321614248 33.289921632370699456
900 10.428355098889081631 31.273333579799000859
1000 9.7198261170962343414 28.535245620795400612
1100 8.9990718723528235756 24.782057416874799571
1200 8.2335939486050975233 22.121938088439200953
1300 7.4516027121773289466 19.206295515775398286
1400 6.6650538723250454254 16.909150909488900538
1500 5.8678357439795139072 13.987142540020199633
1600 5.0775046192292991876 11.51782679131290088
1700 4.3536568135119884104 8.8223168552954103205
1800 3.7093835746721666169 5.7147975296710900039
1900 3.1475867877114604987 3.35001839007414004
2000 2.7350671928292382695 1.9039192642893298935
2100 2.396047778767099512 1.1648556950367099372
2200 2.2890410182619498336 1.1144497815476599456
2300 2.3132433852344576053 1.6161691864645000294
2400 2.1673024143435513089 1.7094223687444900506
2500 2.2022580604252999237 2.4007911638757399864
2600 2.4243152447650144765 2.9514662914859801646
2700 2.4561466478741902364 2.8576691345800901978
2800 2.4300283427729572061 2.6244860933217100118
2900 2.5593745422706715154 3.3209809854233700577
3000 2.5219271902840714183 3.6960066181792101681
3100 2.3991019688992469838 3.3214254616801102138
3200 2.2028020632584199845 2.8535369081211001685
3300 2.1229699105927122282 4.4336583946058700789
3400 2.2963706879394387705 6.1787408091572899593
3500 2.3550849898071186672 6.2739547901571102173
3600 2.404669887480765933 6.6145668908966701593
3700 2.4005987655229432676 6.3512124942881102996
3800 2.1972991943052653241 5.7025032142803500079
3900 2.087395528877543871 4.4736330920447100468
4000 2.1569108198862143588 3.0702250556436698758
4100 2.0932291165995189353 3.181576991891580164
4200 2.1826562170387528994 3.4810787040426300898
4300 2.2531133005969494754 3.9377632300888598671
4400 2.2993563834402319657 5.5571426267777503938
4500 2.1993165440350050943 5.4609395657726302886
4600 2.1997788851995592196 4.5824048960238998873
4700 2.2694280239093629348 5.2225484732314697567
4800 2.2178136925000733193 5.2282069633027399291
4900 2.183306011440406369 5.5713830186382002907
5000 2.2085041213733838106 6.1919825733927895683
5100 2.2078965868885522816 6.2258919801344401179
5200 2.2408453858994583641 5.2029125858191100917
5300 2.1827880458841284472 4.6278882104430802968
5400 2.0042394318269272091 3.4137545678578100627
5500 1.9753565243674113816 3.1029764194178999226
5600 2.0320182796629264743 3.4205305514319799265
5700 2.1384057039917858667 4.0814888636040898007
5800 2.1490166208546539472 4.3456321048768202786
5900 2.1936722877244787533 2.7641574893082099251
6000 2.2500664714569422742 1.5819778523796099723
6100 2.2465932867588089827 1.1661359694785800034
6200 2.1583288704222396426 1.1456006784258900844
6300 2.0235463869741052712 1.6214049207721199508
6400 2.0468634730935315602 2.9924921359065401738
6500 2.1298565633463755198 3.4515293477108901499
6600 2.0584984678039841555 3.6140982138476700491
6700 2.019737102517364491 3.5112591957291399147
6800 2.129134997024419107 3.291089457612970115
6900 2.039605877642902243 3.1555837702098399333
7000 2.0237170568262166093 4.4446698445108303588
7100 2.0425584759974109161 3.5386223621292698382
7200 2.0237899346735352957 2.1732571091800898522
7300 2.0750270737672158461 1.881044379476199957
7400 2.2041559669373889108 2.9876458985766700671
7500 2.2285822326054667286 3.8043714264487498156
7600 2.2874073483170684895 4.2477597023840703017
7700 2.2787165600065595328 4.1461607949854704103
7800 2.2827445773270511609 3.1977439360722001993
7900 2.3682232889565373313 3.2995083549695598535
8000 2.410703347239182559 3.1093214964147501966
8100 2.3850591290114775411 3.8442170733095899493
8200 2.2541465900839536829 3.9647274406086401299
8300 2.1330383590878980726 4.4431087363071899432
8400 2.1424098934417044049 4.4390835661879499696
8500 2.0676103258608651281 4.71524832148230999
8600 2.0022643381561033848 4.1013543448455997975
8700 2.038539343622815192 3.3291734702932100909
8800 2.0792371958724267245 1.8833178163282200401
8900 2.0433668165064959865 1.5886058754854999187
9000 2.1477877760515120542 2.6010233892918401821
9100 2.2147532009486652349 2.6297143903646098551
9200 2.2006409219205358418 2.4070705738939501828
9300 2.2573363986378756074 2.406436055171860211
9400 2.3357139852196509011 2.190323340052040102
9500 2.2752944197501210333 3.0345766906346600678
9600 2.2503267645179487744 2.6650140916695899129
9700 2.1906268803258903688 2.571779065537810105
9800 2.0708245314064765985 2.1881856349710901988
9900 2.1600282576765490461 2.251680135646259906
10000 2.2488328457276405281 1.6421697789472500251
10100 2.3181987424822305677 1.3348824189795900352
10200 2.3268439876465278893 1.8942155271581200271
10300 2.3434606028077631379 2.0311859828061100686
10400 2.2882059276795465586 1.9138187473898600199
10500 2.1628827147164302325 2.3886387482799200654
10600 2.0293379662470276692 2.2285336295843301002
10700 2.0931649920147008537 1.9268414830477800237
10800 2.2412181400160560152 1.5466396581789398912
10900 2.2404761178865988391 1.8187117764033799983
11000 2.2705659255428449761 2.6293998168218899458
11100 2.227634867733196522 4.4980031640943600735
11200 2.2788239151089006995 4.7987974226855696358
11300 2.4177465035985452602 5.1003475643441298359
11400 2.4921690624881249754 5.0327198773282804112
11500 2.5430056104472429368 5.2429168399677399393
11600 2.4938043520934081165 4.7968760296181995884
11700 2.4511328315531795141 5.0168368288471700822
11800 2.2864417506095664478 4.8069346487153099545
11900 2.2639247787228939934 5.2705740254982398341
12000 2.2129378018529788363 5.5493986135456196962
12100 2.1438122857083405925 5.1010916065580103052
12200 2.1169109308479683307 5.3313214162252497985
12300 2.1786707879747000405 5.4934253604862401943
12400 2.0727339851377668545 4.7007740865873497427
12500 2.0860662255931305964 4.0343025761164303944
12600 1.9780085640048392648 3.8994583606556201261
12700 2.0086954956677081086 3.6941323724754702162
12800 2.1769687982426408901 3.6862716364361998167
12900 2.188333682968972127 3.571360283410299985
13000 2.0974276073724200664 3.3121632734499799611
13100 2.1275472759130238387 2.8709838632915500867
13200 2.0599259809939711729 3.4336133428784201271
13300 2.0337789150671969907 3.9855693669436900173
13400 2.0929172183318454081 4.5612369100377803122
13500 2.1528798468970107294 5.3934673804248998152
13600 2.1101897556886890506 6.2839984806478703661
13700 2.1723294362565059856 4.837463393685440316
13800 2.1794756954051517361 3.1228374974386299279
13900 2.164262851397804166 2.986078495671399935
14000 2.2042138525930110582 4.2229261378758904399
14100 2.2214800525827524957 5.1336989507920103293
14200 2.2958022451462003488 4.8338614943492697051
14300 2.4602952527829571316 4.9624975450619901451
14400 2.6086286412472707852 5.5429388680642901477
14500 2.6835462503961844405 5.6176638774466898241
14600 2.7180313011672687651 5.7900620918817500282
14700 2.7082593798588252554 5.6984761470880496148
14800 2.5920152158302176559 5.8626976492011397823
14900 2.4183424399816773054 5.5522569658727096709
15000 2.2744834428334379517 5.3687064615325699179
15100 2.2595168262591163177 5.0464226200082498153
15200 2.2661117669446784184 4.1763979308992302819
15300 2.1243197506456272805 3.03462244583985985
15400 1.967030997114237012 2.587723275371049958
15500 2.0334084500540741125 2.4369979103730101677
15600 2.0714435509608244423 3.3026814524057899192
15700 2.049977509953757604 2.8862858233158799059
15800 2.0698714313120198938 2.9832661952347501177
15900 2.1164088407089010069 2.3806040734881901422
16000 2.1204118975829686633 2.7908693237004400522
16100 2.1851703854613933053 3.7495798588667401674
16200 2.3474241293901285665 4.9517188062062302834
16300 2.3988653361593912372 4.9444978822853000722
16400 2.3277216687018138508 4.1978697247151401939
16500 2.3262189736243108484 5.0547241787518304434
16600 2.4523199393151076109 5.5127718960387603886
16700 2.5511745360128372795 5.2519859367469496902
16800 2.53619964065148773 5.0011582092481798867
16900 2.5691663075156583318 3.9413657890262401295
17000 2.5912322151249349567 4.8974202576094700845
17100 2.5711121869980639865 4.9716721772989895811
17200 2.5085388741686212022 5.0334066807564896706
17300 2.3745286005651702332 4.9630155253716798924
17400 2.2780731587547098371 4.5389114153218104164
17500 2.2090842917562918402 4.0153505068682804335
17600 2.0844311170140148448 4.0144259874727303838
17700 1.951412899235510201 3.2401635108118300721
17800 2.0673205721598613138 3.631035408505390194
17900 2.1318653667812306196 3.9300378707362999542
18000 2.1931026122508558984 4.0951965496655899912
18100 2.1142930759309543909 3.7318695335107698874
18200 2.1676644258025601353 3.3900345522672798992
18300 2.2322231577589364271 3.7069949348610697903
18400 2.2208775865820200579 3.8947496145675502
18500 2.1043516667437329737 3.948706993947169952
18600 2.1006760306806615546 2.8830112479987701768
18700 2.0294073798898040195 2.6185491714785298356
18800 2.0427660707991406319 3.5690982907974300176
18900 2.0395392077553249344 3.7502371355937600406
19000 2.0304314637280485023 3.4290556150331901186
19100 2.0571269603912725188 3.4342942432770398042
19200 2.0962534438395015179 4.1175758817515202281
19300 2.1140114955290529863 4.1784436542124003822
19400 2.0566480640793778356 4.9911822999027597447
19500 1.9561925565421940387 5.3071999335977100287
19600 1.9952029861421687329 6.3335086074186204286
19700 2.1151710977662396829 6.3307117834997201911
19800 2.0326582053636164105 5.8334817074192599762
19900 2.0924501086555120644 5.8619244636612402033
20000 2.1159113839651433331 6.0100235961054897516
20100 2.0763310705609550055 6.6183371958128702772
20200 2.1124460271951592816 5.9910388451207596816
20300 2.0674853683645504354 4.6137524751887903918
20400 2.1561530727969051568 5.6051139778636001054
20500 2.1931951683818002863 6.3504074389091300645
20600 2.2643050774609245757 6.6248297437324801251
20700 2.4683715244755477514 7.2796525259873900993
20800 2.5275102109336704537 7.3835201920143900267
20900 2.4502742464261473287 7.5162879467164103175
21000 2.3361944239298040316 7.1448424220981099353
21100 2.2255686978515911711 7.3924828609790802503
21200 2.1762719107555179576 6.5874489969770904096
21300 2.174219727691727666 6.3196642946277599151
21400 2.1928542265029742353 7.0603122651313903191
21500 2.2719363094349329657 6.9059574036744102443
21600 2.3208375869079893583 6.9397467174392000189
21700 2.2132941722083221414 7.0465143974726096587
21800 2.0860593577932076137 6.2652592398255997352
21900 2.0557138635865062071 5.96633158949919995
22000 2.1221562525971697788 5.5010694095658996261
22100 2.1024756146716261362 5.5914869000496096874
22200 2.0828659292678617376 5.9433763386120999073
22300 2.0794990591540662983 5.5864201660926502413
22400 2.1398120264765312371 6.2885123660935198231
22500 2.0884451679859510342 4.9131997302013203921
22600 2.0211561585422375131 4.5674760763157697951
22700 2.1429809005000097777 4.6252359892989201029
22800 2.2076803353696305976 4.9588681333026096709
22900 2.0192569510867639515 4.6364404384433699491
23000 2.0471728752618929548 4.9978789587899097313
23100 2.0598734757218637448 5.3388765269238396272
23200 2.0825446294906422295 5.9051131597202699552
23300 1.9940262133209853967 6.2775608259721495941
23400 2.0632959377721267202 5.9394249107465002524
23500 2.0214064122906232335 3.9675904764120302204
23600 2.045764883693698355 4.2089011901898496504
23700 1.9974820912908888282 3.9433966520529200039
23800 1.9640671451071300968 3.9971199830172099432
23900 2.0551040627671031125 4.9741115799215798177
24000 1.9992227049744923928 4.8597429586548903657
24100 2.0387929057832514523 5.3072455714634800827
24200 2.0134023321188680988 5.5734791823403702082
24300 1.9933565045785877068 5.220895010257300406
24400 1.9725312926408296033 4.8810630350719703685
24500 1.9838814921002261293 4.6883022348479297392
24600 1.9292004071591786207 4.0823025765998099956
24700 1.9139976060245089684 3.409897997563740013
24800 1.8990179469500982901 3.8780411023117498104
24900 1.9207083387218486514 3.8812927828422600918
25000 1.9441580723137017461 4.0497963883036502963
25100 1.9867744595046186173 4.3204428538030397178
25200 2.0405188186031186781 5.2586444506770000373
25300 2.1059506472626496887 5.9207448935166704374
25400 2.1292431954056425525 6.099704505967060264
25500 2.1528452075444550751 6.3281927432310798309
25600 2.1235472982119385499 6.0509433033958304193
25700 2.0814677249746189602 6.307754936344990071
25800 2.1285093548344300451 5.1949551943410101629
25900 2.1368259801068769654 4.5483890023747104436
26000 2.0706066188353111635 5.1832742377873204376
26100 1.9715951091063195211 4.7091234116662699094
26200 1.9487203594112390004 3.9669147728869398328
26300 2.005411782983530955 3.9560647883594501906
26400 1.9386356122743459984 4.6080970291277800754
26500 2.0255252007465487374 5.2354468850975397487
26600 1.9440297084700068897 5.2989306239377995666
26700 1.9569951093173150181 4.9161124830129701024
26800 1.9766055761509662148 5.2649138040239797931
26900 1.9719566322372537037 4.3344189429904602662
27000 1.9981351596000853643 4.2133540690286199748
27100 1.9991361039542390188 4.4455908818550096129
27200 2.0165494499196805478 3.9336868384764098749
27300 2.0363313997397973765 3.6599389509003299459
27400 2.0315489332823841728 3.9876149634800399646
27500 2.0570484255611449775 2.9499313565733600306
27600 2.0052049257168098606 2.4770808319716302037
27700 1.9532868681458537274 2.489008085239389878
27800 2.0626167113190363445 2.4735840933261701302
27900 2.0998395484609488904 1.8441148265253699545
28000 2.0449595774245841184 1.9534674364926900569
28100 2.0548988031599160209 2.3456646641863798664
28200 2.1296151672316367964 1.9288857699918300348
28300 2.1742785191273874545 1.9982398640868099804
28400 2.1126424160281396247 1.7499995580394600569
28500 2.0233149466912654368 2.2227130547395401727
28600 1.9550878962247577597 1.9490260541201800404
28700 1.94775118672459846 2.3676630651984500453
28800 1.8912309172889645303 1.4075952756250200704
28900 1.9321829808111568028 1.1217989325408899148
29000 1.9492592181278038943 1.3793177860178400529
29100 1.9275651381087031133 1.0433834823088099508
29200 1.9023362641030148179 1.4382436317987399299
29300 1.8782110225165202788 1.2448383165598100319
29400 1.9087343501430757975 1.6477777043080499286
29500 1.9682980024534155739 2.4789438369545298002
29600 1.9818110116203286886 3.6226175540887499693
29700 2.0217655754765906373 3.0768333317246900904
29800 1.9336179736168237486 2.550564458878130214
29900 2.0297131147402112106 2.3907417565263999748
30000 1.9416676559048782202 1.9529003944622700395
30100 1.9708118486973387196 2.0008715249480899523
30200 2.0481652869124791216 1.04299242344488996
30300 1.9951648598626221531 1.6836222846042199208
30400 1.9088253604846543432 1.7929764490515001096
30500 1.8893624313398016401 1.1596802899216900329
30600 1.8853738456028281689 1.1040203999414599512
30700 1.9126274220832073514 1.6667875811128201047
30800 1.8459372877301851723 1.3350601128412400431
30900 1.9241248738233447391 1.2296622298600099477
31000 1.8951947883741351308 2.9819749761955600675
31100 1.9021641374390223511 2.6062290156922101048
31200 1.9384921566104806878 3.0172844551343001029
31300 1.8588908683648142084 1.9166991117379199583
31400 1.942677889075653086 1.5159619529996899434
31500 1.9401974576773013403 2.4792887717889398047
31600 1.9065928941212906267 3.7178060868193201216
31700 1.9248633641241947867 4.1826708309411504416
31800 1.9248876074971112971 3.5046820859853697883
31900 1.9924686753407596651 2.7636343422347500187
32000 1.916774960306384612 1.8991338838447200388
32100 1.8900034158866578782 2.5834253766713701772
32200 1.9756405665560785589 3.4189786272883200269
32300 1.8925607461127853526 3.578626933893830131
32400 1.9506449251635558095 4.099387708442310263
32500 1.9229385612786453752 4.1801737577671795876
32600 1.9474011558236141717 3.5400058688403799323
32700 1.9302632314294319027 3.5926852511881501862
32800 1.9196156508809394392 3.3808171957103398952
32900 1.912592403218582815 3.1128182742353898149
33000 1.9075865396096249871 2.6923989348360199969
33100 1.8828106177365049323 2.9697934981813198796
33200 1.9574832571200131426 3.0661590791209598628
33300 2.0116269121811831688 2.8679557386996501478
33400 2.0150521757117063615 3.0998228691904801124
33500 2.0039640068901101166 3.825426799038239789
33600 1.9181737466467947417 4.0128027215525099436
33700 1.9318736967729968068 4.4010131030957202469
33800 1.9157191000861388819 3.5774280521502599406
33900 1.878984120520410972 2.4617730235182397891
34000 1.8356841607897542712 1.977411347616419901
34100 1.9175875138557905153 2.8089883300988698345
34200 1.9020180135686237666 4.160095903413689733
34300 1.9174587492800223565 3.522782418794729864
34400 1.9399154398066187355 3.4923895471303301186
34500 1.9246071261730577362 3.1751761609736801617
34600 1.9492854219014483785 3.7853608829956502113
34700 1.943381778821657857 3.7120130628083400914
34800 1.9009792209139002583 4.3472547569192903083
34900 1.9349880679084698887 5.1112733442206801371
35000 1.8998021067334931455 5.1677229586205601919
35100 1.9022051003545852321 4.257948640725760292
35200 1.9796187599147232472 4.5252020925024503128
35300 1.9440348275452612459 4.0744241078701204373
35400 1.9970404712079448117 4.0235795012005901583
35500 1.9870309317278611605 4.6238877089818100075
35600 1.9228750290031826342 5.1077249277169896047
35700 1.9366267639333374362 5.2100254301941602009
35800 1.926603134762790992 4.9590227874078696146
35900 1.8892249528281570559 4.4113677717480399565
36000 1.9119891259830867902 5.1773385373852001123
36100 1.9347549158350736409 4.8733811309336099171
36200 1.951735865171837947 4.0972108250291103815
36300 1.9366156285623599143 4.2449910807903803445
36400 1.9558413299324335366 4.2727483448459198101
36500 1.9091477094212014887 3.6076512653050500923
36600 1.9446054166699420218 3.7478885389136697981
36700 1.9201754578748233548 3.3683097657869800479
36800 1.9558162928105806699 3.1215386843221701874
36900 1.9808287538230724412 3.7810317999633298314
37000 1.9098390530892341843 4.4130488434529198116
37100 1.9265967798056000682 3.652457950417660193
37200 1.9347396164789363304 3.281340629498730177
37300 1.8793545134107443317 3.444748377713680032
37400 1.9448658795189326387 3.9860966410072098398
37500 1.9523989909291061817 3.5356247733138301825
37600 1.8820167832283154485 4.2063900600856598544
37700 1.9059947831946082442 4.2915165974324400722
37800 1.8827183163131757659 4.008047518592199765
37900 1.9388819305839530838 3.7741663462491499281
38000 1.9565226342532044956 4.0835088084929997976
38100 1.9063752560742988074 4.1103096940165295692
38200 1.8784235392441535062 3.5906234311362301703
38300 1.9274653743934835326 2.9066928520609400799
38400 1.9246645469440974985 2.3551376051012899993
38500 2.0393859594527428136 2.4807709330902198985
38600 1.980895158568183323 1.9142463960635101028
38700 2.0050259018547342826 2.6728135104404198152
38800 2.0415256833306707485 2.0191552669460701708
38900 2.0083341721839182981 2.0002538859096699042
39000 1.9451998443738607314 2.8944218909956198615
39100 2.0099021250350590506 3.5317465868838899823
39200 1.9742583399538899958 4.0555283364805596591
39300 2.0406783451331618195 5.0259633680384201426
39400 2.0664007115849192253 5.3098690354067903385
39500 2.1345761646946677104 4.9068074805542201133
39600 2.1690529450254749655 4.2927439735272701071
39700 2.1972159849516819108 4.4246094212056403805
39800 2.1842302826996347065 4.8344625277100297112
39900 2.0588847247138963859 4.6146726409535103741
40000 2.0552414796537568087 4.0776693749362697972
40100 2.0601589930923038807 3.5954038632669798048
40200 2.102480559292408735 4.9303145869993203476
40300 2.1619192782339635706 5.2266137828941197085
40400 2.1337911335539119229 3.6201387278203900344
40500 2.0399303669508768166 3.1429309054670397927
40600 2.0161097756031072237 3.7260401176824000657
40700 1.9566734308592721447 3.5521104327603700845
40800 1.894315234143947535 3.5531714154679199247
40900 1.960928666475564297 3.4826522195574098895
41000 1.9435920632153560472 3.3743425564944398154
41100 1.888971570273048517 3.0299804979972799757
41200 1.9084012533621426133 2.715862855737369852
41300 1.9478069769797456967 3.5565512795396299062
41400 1.8915064457143797583 4.1827097979126204308
41500 1.9840339880071891088 4.3333072383224600088
41600 2.0014070678544717552 4.1495342759277500377
41700 1.9387971150314928792 3.6344934684252701018
41800 1.957562766404322252 3.6731949946187101297
41900 1.9972396970611354661 3.495646130758979897
42000 1.9600493790975024311 4.0484938533883303435
42100 1.9650984666163955339 3.8295821890079397853
42200 1.9351506165335703447 3.1887124481916999663
42300 1.8720609473536440337 3.100526457227680055
42400 1.9006667541801753885 2.9186022606128898538
42500 1.9155870844643527739 2.8505682675246402091
42600 1.9198202667271173638 2.5715146287029999606
42700 1.940740038918858712 3.1315312302999598337
42800 1.9195453476628459022 4.0653133187792596104
42900 1.9179135872135708585 4.6246477973391799665
43000 1.9553878226248242456 4.36560103293574997
43100 1.9252076589371858173 4.1842525387156701555
43200 1.9226935228196826433 3.5983836729459501846
43300 1.8996473131420501534 3.0941782287358599035
43400 1.9334132659816207767 3.9612519878609400159
43500 1.9716252674276979473 4.0435240169197204096
43600 1.9435837394061590278 3.0001492863816601186
43700 1.9108198548113903836 1.7870590176197800325
43800 1.9814137089653527379 3.2794086477206301211
43900 1.962465129187719759 4.4064467637759703322
44000 1.9961840267747148481 4.3932971567542100644
44100 1.9475559792179464313 3.4593545907126999062
44200 1.9001701820939622678 1.9813416250517799089
44300 1.9468816241765796171 1.3748620411299699029
44400 1.9590239304101404461 1.1546834087945399006
44500 1.942882438672631995 1.1342793984495700421
44600 1.9194849162958234068 1.3006566304927700273
44700 1.9160897522421578287 1.3480611870851300083
44800 1.9150519269055255034 1.3044628950129499856
44900 1.9556854934239771282 1.6184223261577699304
45000 1.9655392917232317185 1.2820260820740099206
45100 1.8771505812313711292 1.1095570819686499942
45200 1.861558802932486989 1.5206072874835399045
45300 1.8572453708592808752 2.0485421330897000125
45400 1.8629171624319449396 2.0458078815130100736
45500 1.9435843911576387022 1.9676498893297500459
45600 1.9867497058289047551 1.0399893816206200459
45700 1.9138877518180981152 2.1741900345100799719
45800 1.9747274974781727774 1.6453301153839499094
45900 1.9026892425231554107 1.6878665156816399229
46000 1.8918621022769526174 1.6339052490786800664
46100 1.9450131438008615437 1.6987506382252099968
46200 1.9824983424815867394 2.6814151234790601919
46300 1.9783163812238169221 2.7351263563769201426
46400 1.9564677330573365666 3.133713324511779863
46500 1.9891976424945339019 2.7377549654017698799
46600 1.9692090940597186677 2.3668247045057397848
46700 1.982794972557514912 2.7771409142029099826
46800 1.982443434329613563 2.4732625595149899667
46900 1.9184626225385794651 2.1838317606731298959
47000 1.8933569573634654315 2.6409221599326802021
47100 1.9525520363507029575 1.8098262241464100342
47200 2.0196196981584622065 1.2525737215163799121
47300 2.0170697465634752632 2.2600916572688101169
47400 2.0447385238471924573 2.035489636042960182
47500 2.0186228931052134783 2.926150210061380097
47600 1.9424604064759307676 2.9624795852439000932
47700 2.021975516026870423 2.7945379611420100296
47800 1.9767544543178048322 3.06835056275492013
47900 1.9477788259431443318 2.6191486583766998564
48000 1.9416630163383752361 2.1964075878534501385
48100 1.9117954696779533297 2.0904678784040600092
48200 1.9338001870679237815 2.1747872828386101141
48300 1.9282200263263520323 1.8038988434240099679
48400 1.8975254099817491227 1.5009219187985201049
48500 1.9343052597455558939 1.3889202826640800748
48600 1.9110713979007594165 2.0756656132231201539
48700 1.862603685529864217 2.2718306762100097806
48800 1.8752820392725169096 1.7005925819052198911
48900 1.8509251799835255703 1.6381103698148100634
49000 1.8616577361893200671 2.0292378396282999553
49100 1.8285046831525064714 1.5965539177970100582
49200 1.871587308467747679 1.1463618467338700935
49300 1.8699481879224537639 1.283062883833919976
49400 1.8803716718533989294 1.1377217748220700422
49500 1.8698648914056072989 1.3621746368614000566
49600 1.8559372666919531358 1.5123384944562099363
49700 1.8412770812494752004 1.1781635184867800259
49800 1.8316641764691521388 1.2602127184492299961
49900 1.8950712199130195224 1.2628245571704899142
50000 1.9609992795980870639 2.0014434321773602043
50100 1.9079569542743797239 2.3414587244897901996
50200 1.9029346722553168725 2.6562502620863899239
50300 1.8985572114005784261 2.6941018367041298376
50400 1.9386800433038076097 2.2550175460642898351
50500 1.8861547617427032453 2.8762347956094900248
50600 1.8689199327247527638 2.772043900366889968
50700 1.879198978374602591 2.5345384543494198226
50800 1.8557365269120131845 3.1746946411450300829
50900 1.8513674604421996861 3.4895372235992798693
51000 1.8662419137058656737 4.1674376698482396009
51100 1.9110442370280100732 3.8184246175534699574
51200 1.9126279796664740207 3.9280817978346700414
51300 1.8772825711230567425 3.5900536794416098019
51400 1.8839585334466328881 3.5961015311508202075
51500 1.8637183509893586741 3.5885489111842798771
51600 1.8466243183869230915 3.536979192237879932
51700 1.881876369669354121 3.8141479671016398356
51800 1.8655997773724262156 4.1092893575114102234
51900 1.8874952312918753528 3.9781074876203099677
52000 1.8577711409545116794 3.310993794390149958
52100 1.9346306826136621115 4.233673448616410262
52200 1.9051147658632818782 4.1875129395183403602
52300 1.9016194216668276251 3.5240085125140199196
52400 1.8735664874505804089 3.3067357988950898395
52500 1.9022892921331944205 4.1270456051011601417
52600 1.8958292814885153721 4.7041400799189201365
52700 1.8759295745340800465 4.2494296539458096262
52800 1.8991967654004595634 3.8089627904130498592
52900 1.9483960363110390812 3.8662557983896501668
53000 1.9563826411855720355 4.059786646014409861
53100 1.9572237392557290114 4.3604543040225403061
53200 1.976880339335718384 4.6258207287623198667
53300 1.9993122897318829079 4.641170132293120254
53400 1.9599086389232844851 3.8873025812326398309
53500 1.866677046251853378 3.738200533834810102
53600 1.8566870544139975063 3.5274523359720300064
53700 1.9409776403293872438 4.6194331037672196061
53800 1.9744810456023280665 5.1554403140762898872
53900 1.9858408207986639749 4.6251842190389700349
54000 1.929148693751047583 4.0273390683704803905
54100 1.9079896638562903188 4.2577580878641896334
54200 1.8881830988606980171 4.1720823976030700919
54300 1.8528328473431734391 4.0232585281424002588
54400 1.8826659832305832065 4.1663601359119502021
54500 1.8712789528758320134 4.0105963296082798308
54600 1.8817813471096795919 4.0343714712163496472
54700 1.9463239210525813405 3.9184858409606801999
54800 2.0157731429831411418 4.4850573764801699994
54900 1.9916009861564529793 4.0062444496397802141
55000 1.9309922839320059484 4.5252344826888002416
55100 1.9382152571919981643 4.4702615607217897065
55200 1.892197290466323123 4.2137236915038096541
55300 1.8854590564017892351 4.3693208648441697051
55400 1.890772245658685291 3.9435874967665700552
55500 1.9303493481191185133 4.1859388294854102952
55600 1.9257272138120993255 4.3227669786680600339
55700 1.9410502113502006161 3.3960523705029102004
55800 1.8983122459893817524 2.8968396966991001307
55900 1.8854247401914918658 2.875296800922249929
56000 1.8876875289669581282 3.6052172124185899449
56100 1.9172614691435678758 4.2195973166912903451
56200 1.9579205994932600277 4.649848543246710264
56300 1.9211420632543707576 4.6359880806513098506
56400 1.9152041278037321703 4.1149033541687698445
56500 1.9073833613479111992 3.6169137057683498071
56600 1.8967136253815015667 3.7571000495383501949
56700 1.9233584307367979083 4.7983679122082500967
56800 1.8889471310953733774 5.1792281697885496072
56900 1.8458903606484844406 4.5189824840901904324
57000 1.8642819569269861724 4.6744510805086196825
57100 1.8172226325048581597 4.4466316855779703943
57200 1.8585255947611614147 4.1534387831673003078
57300 1.8498647769556388898 4.0700824560987598488
57400 1.9167790158901329978 4.406726325490260443
57500 1.9235783508026875754 4.7956026426083901981
57600 1.9012716464153958107 4.5139161719114300197
57700 1.8837470610810638227 4.5120842400702896313
57800 1.9370818591486507199 4.9200280083342997628
57900 1.8819593103651948152 4.089199589023239767
58000 1.9012076446877603786 4.0452586901829103994
58100 1.9019676571405008669 3.8165527092652902219
58200 1.8903388920207242485 3.6210860238811899414
58300 1.8415412336808212324 3.705910689407700076
58400 1.8535271125757610822 3.6833034739848398154
58500 1.8711120964790453058 4.0332195441958997861
58600 1.8121933507957668219 3.7875393256811000775
58700 1.8814528845602638274 3.9850426914121799271
58800 1.8687738549075041394 4.5008548099896197314
58900 1.8451812156640849949 3.8784381622081198771
59000 1.8200006194452882369 3.4626784541715998067
59100 1.8248192624540646722 3.1712775881424200008
59200 1.8568439588599194856 3.2004479584297400585
59300 1.8434104954714509716 3.1150022509711798868
59400 1.8958942485728116356 3.1719014127580598128
59500 1.9078181426727607306 3.0662321786943200763
59600 1.9127676115198248841 2.9512963953196398315
59700 1.8623057636190942787 2.5291154247957599033
59800 1.8957118004801678524 2.8613771648710799589
59900 1.88966500950718852 2.8684782040730998354
60000 1.8065351701230945025 2.5498543955027801466
60100 1.8423408326988524042 2.5779500782876700882
60200 1.8263002960149588016 2.3206440772955700957
60300 1.8597634486878593663 2.7166258501650499824
60400 1.828592479607554333 3.6131113220720201262
60500 1.8660106213954368304 3.9020390643996401003
60600 1.8264434752133447137 3.8034575343810002046
60700 1.8759610809815405741 4.7685679520243500207
60800 1.8684173522217248919 4.5146252623836495843
60900 1.9035108496833283986 4.2213457560342604324
61000 1.9376638003077049088 3.9444945898370100679
61100 1.9435779462568956166 4.4454002327720401055
61200 1.9436612435938060983 5.2713932041679196772
61300 1.8780215583892629905 5.2981084787732903862
61400 1.9052581025883779109 5.3302155639454600333
61500 1.8969518016149826689 5.6291181988360996513
61600 1.9228762693662124761 5.1286546754904600576
61700 1.9367585003847160863 4.4781755186060001606
61800 1.8460476860733086024 4.0620821453744202501
61900 1.8386009960226141757 4.2218608851914298796
62000 1.8620830046129395186 4.8748032540363199772
62100 1.9047240022977907081 5.1161531700808700052
62200 1.9418302602497701237 4.8213054022180701352
62300 1.910275187001903463 4.1990548479217002509
62400 1.8563051629405866727 3.5076050678021601925
62500 1.8228353310072353821 2.4032498156553798729
62600 1.8660439299485438447 2.3641186699097298529
62700 1.8895346918759072796 2.2997874593784399799
62800 1.8444131435253652285 2.2742632203250998657
62900 1.8581913815119726063 2.5798671366079202194
63000 1.8491692564764006246 2.3775332167113401027
63100 1.830830396556767381 2.1467582334840198399
63200 1.8615496423255699643 2.3123114581718802185
63300 1.8422052658265553049 2.307858930433829947
63400 1.8787782196017637215 2.9826392350949602061
63500 1.8760002998260951745 2.8764150883262700198
63600 1.8752731295661142497 2.7596893269136200111
63700 1.8616289516049453479 2.2704292267801498006
63800 1.8848276075737748769 2.0140343898818398038
63900 1.8964264635099989942 2.114576863524869843
64000 1.8936467552120774815 2.5613528440388702023
64100 1.9272964572979534026 3.1790914138325701011
64200 1.9769633011279188484 3.6602076829361398502
64300 1.985636182282959572 3.3394547914136598621
64400 1.9988884461090039579 3.6360343768590999147
64500 1.9927919795831936511 3.1669927797162897853
64600 2.0176563954597721562 2.99136622163505006
64700 1.9400791605481748636 2.727046109781670058
64800 1.8882311432280578511 3.0707554702563197857
64900 1.864095213231594439 3.2006792470105098758
65000 1.8516668669348541609 2.7057758542174399352
65100 1.8706251450836266503 2.5999668442202099605
65200 1.8852244924815710903 2.7142776121881397877
65300 1.8636100371484043414 2.5989064518025601913
65400 1.8845599284518226302 2.3525318796427598933
65500 1.8463737007973113347 2.48989441017862001
65600 1.8894476678468474784 3.8644265267884199133
65700 1.8850892737567559454 4.2599322099656600216
65800 1.8699702904036550333 4.1318702813176102495
65900 1.8859086321945117692 3.3768262275268399186
66000 1.8681390815664831173 3.0845676432552799895
66100 1.8356267621291240122 2.6597131913297697992
66200 1.8125670239138380602 2.9395552430746700878
66300 1.8208160644097202141 3.130801745073339859
66400 1.8841487252402415731 3.5607361552287799533
66500 1.8483021411124469502 3.6618467603760000983
66600 1.8416184040026264412 4.1322779740025898931
66700 1.874186885630790611 5.2219143531869001151
66800 1.8611432602023907368 5.0808508642671297295
66900 1.8703690184857073575 4.7220926544561896421
67000 1.8262138639548100016 4.5438911918193500838
67100 1.8675722003689114725 4.6466405185793195898
67200 1.7956481782718261009 4.2825621834111702313
67300 1.8720982685270959323 4.0954817048581402261
67400 1.8271579113960669805 4.6560938705525503067
67500 1.8096150900140033357 3.8172173580197199527
67600 1.8083443657952686934 3.7870892856042899233
67700 1.8467934282804958634 4.0600261822838001891
67800 1.8113753468891180542 4.1156057405794497228
67900 1.8165259548949925783 3.8884512826987500667
68000 1.8663594329990633724 4.1524256834123596249
68100 1.8759510310341964701 4.2908590150725602896
68200 1.9173507239261859958 3.908598067382619945
68300 1.8858768049205905104 3.1724149848689999764
68400 1.8795150795166315483 3.5003835682780701788
68500 1.8976803222375273617 4.1458774118615000503
68600 1.8975477979891697267 4.2020690187346803057
68700 1.8691407297352342631 4.3074977948766299818
68800 1.8883710272498217542 4.7662066053170697444
68900 1.8987958172058483353 4.8340601758559698098
69000 1.9434033756639434998 4.8777011804260101968
69100 1.9350361867481824518 4.6663724113455797848
69200 1.8724603243029653843 3.7488287749639699342
69300 1.8567403167652711815 3.0665077116795598222
69400 1.8599506680596822328 3.4821419246282800941
69500 1.8593601911419266326 3.8521743346930699126
69600 1.8441721080844648561 3.9739160905586001782
69700 1.868180296162204046 3.5437155010580800862
69800 1.9064176495066267325 3.3558819608163901194
69900 1.8376068214225640407 3.0262734122563599293
70000 1.894471757880787921 3.4870414474106401492
70100 1.8961984500895672223 3.6466297477214100198
70200 1.8662682975793987161 3.7199890107185300536
70300 1.8702497895908081205 4.0631600758490797887
70400 1.8808082941371293551 4.4369495603128896732
70500 1.8551236811833022866 3.9118177322738398871
70600 1.8354290799809676038 3.2254971259899498648
70700 1.8497221362029045988 2.7463247657184202133
70800 1.8687186968150100164 2.6227237882848499773
70900 1.8324834608809983383 3.1830781529179201783
71000 1.8581297277474539964 2.8613659809225899799
71100 1.8342413759964337761 2.6925919492629599716
71200 1.8209156108437025701 3.1572157172938299929
71300 1.8407939735002216697 3.1481829876823899106
71400 1.8125880266345226755 3.5397902988991898354
71500 1.8198673424224411921 3.1326431298108601275
71600 1.8626753434419656141 2.8728475581270900285
71700 1.883335811860455733 3.3939921590633699289
71800 1.8488599105614293983 3.3856929953650101162
71900 1.8709265043378207061 3.3130420911249300886
72000 1.8556713534107172059 3.5888040912793299775
72100 1.8333696752652222095 2.7536745580700801028
72200 1.8610092966023958905 2.4325960468145901849
72300 1.8840196630750594142 2.5028365534161700623
72400 1.8682593899203405741 2.5306969537485901611
72500 1.8238826252064919142 2.9982755472653002116
72600 1.8815553032392828836 3.4167848863341001575
72700 1.8467967499336064297 3.5034233191394799078
72800 1.790397601680316253 3.577700448986130155
72900 1.8757079973975958609 3.5930448072392300318
73000 1.8397493239319586689 3.425156536509450067
73100 1.855634875778016335 3.6642205923834199055
73200 1.8419810636804272441 3.9207409224640401568
73300 1.8169184770435895526 3.7915445873932998033
73400 1.8282556970771406402 4.3339622732727898224
73500 1.8029896305100578946 3.8448253436929897831
73600 1.8424923870984080132 4.1185048684927600959
73700 1.8068372503359562131 3.3048849986535500101
73800 1.8162203222760044952 3.3163659372200400277
73900 1.833772229711786661 3.0908936841808301033
74000 1.8192154461199621096 2.5164226978004400337
74100 1.8682757426432829995 3.0244135938423601928
74200 1.853170330846166447 2.5293833783728101317
74300 1.8432555786677329301 2.5603178959913099888
74400 1.8020595325920962804 2.0526610399340601276
74500 1.8062928487716993775 1.8281253934380199411
74600 1.8835756095680349365 2.7177734828862400995
74700 1.8442083092695065183 2.788264046276379915
74800 1.848140164948241182 1.6832658124605299754
74900 1.8942847462587846241 2.3683947137308201114
75000 1.9193730396268844363 2.6217357855755500928
75100 1.8669206676100453812 3.1812663839741701644
75200 1.8681118840366088829 3.7849805044880198146
75300 1.8119567569311250121 3.365166695521559781
75400 1.881806584685830952 3.5429908457772798513
75500 1.8856521127374064051 3.2627997319443200475
75600 1.8867483998177645432 3.5115748196957601301
75700 1.8791620601360765619 3.5878150885185200458
75800 1.9089108934360183856 3.7784664929230098451
75900 1.8448857380227425828 3.4066954565379301556
76000 1.8540224390549402411 3.0959542560092101482
76100 1.8454129462711110765 2.9396515944272301191
76200 1.844089833008442092 2.9099457176783998236
76300 1.9036182853519152403 3.0041958093590301893
76400 1.821783171349816266 2.7229101720887700644
76500 1.8302460074126849499 2.7504185234525602155
76600 1.8214023764753377588 3.1522415470584701502
76700 1.8301524594474465335 3.0871873820346298345
76800 1.8496137155990173273 2.9537476234876698378
76900 1.8421634997743101536 3.4786784607915302026
77000 1.8334960235528416916 3.5856082864501499508
77100 1.7926955858356465878 3.6213307982169902211
77200 1.812161527242354353 4.2257969546336395794
77300 1.8487681436366245613 4.1518541738490002402
77400 1.80915051818433259 3.0870260838551999427
77500 1.8229190197942819474 3.0747757456210700333
77600 1.8274453508168662097 2.6095356502700401968
77700 1.8375578494096693749 3.0384946280336500024
77800 1.8191233035413214569 3.2922104213436198528
77900 1.8201109281657759098 3.2396757068889101561
78000 1.8479547460683869442 2.9823088057450699573
78100 1.8288675629360373609 3.29110507879568992
78200 1.8366442593490091006 2.8641955970974399825
78300 1.8594362883294177635 1.3296213685196700549
78400 1.8547826960026152499 1.0885111526785600233
78500 1.8284694666777407956 1.0216907861766300059
78600 1.8586191765740107673 1.7355395771868100674
78700 1.843765209213788614 1.1117836647284100593
78800 1.8144227271621089503 1.3657785004637399418
78900 1.8219753839440655518 1.1265874136132600913
79000 1.8233332377206219466 1.3767962451830999537
79100 1.8867715788285850387 1.9373217572139600495
79200 1.8392460355320354726 3.0671015904060898727
79300 1.8612769578361476608 3.9694080880081599183
79400 1.832319866677441178 4.0471853908992398985
79500 1.8529774679657771141 3.9913103652231098906
79600 1.9124526347245047742 4.3351002467788095629
79700 1.9684498821548697123 5.242695944314649914
79800 1.9114172533239106588 4.3220648978240499005
79900 1.8677806536815442229 3.9734784386992698657
80000 1.8723714289318094117 4.3919660486006195654
80100 1.900426583879450293 4.6916010374058201293
80200 1.8829678412962389533 4.9240586368986196675
80300 1.9134906860923417415 4.8445456130856099364
80400 1.8952823154699152131 5.2047093551704497472
80500 1.9111024161286607193 5.2913285560584704115
80600 1.8670473608473949767 4.7227321089891702854
80700 1.8524183487089780353 4.8063163874238199469
80800 1.8839127374353725752 5.1198885377258598339
80900 1.8192382744869697309 4.8909181889109101249
81000 1.7886684024999697229 3.8142539325071300738
81100 1.8584494934370556773 3.8255157445127299098
81200 1.8526545950704800259 3.929101026246459849
81300 1.850775852192651838 3.8633672449499401047
81400 1.8462124887646227389 4.2145806121112903142
81500 1.8471262151213763136 4.3982562535858296116
81600 1.836144584816058245 3.5490967138697802064
81700 1.86079697480932027 3.8834181829247400586
81800 1.8727078546896060995 4.4392459090759901486
81900 1.8895816068718711556 4.7347087032093302383
82000 1.8529659373685705148 4.6187213353526797022
82100 1.9178358298689908157 4.6029910190840599427
82200 1.9148265302270910393 5.1802245567950899741
82300 1.9414893523045635426 5.6030621691147803887
82400 1.9147047390861988703 5.3857188358528098604
82500 1.9047831666340806489 5.250230733174490183
82600 1.8921935338823545614 5.252387575696539912
82700 1.8869067881041956536 4.6776099208811201535
82800 1.8321331054861038634 4.2261321394422903808
82900 1.8514361174333864302 3.4187921029445997867
83000 1.8721425353429765881 3.5700936658929300904
83100 1.8456774429304607654 3.3752443160283700507
83200 1.8459200462873210924 2.5451535502907098873
83300 1.9074858324361896322 2.2542210808765199559
83400 1.8870837178445041271 3.3272757509729200542
83500 1.8764856703862382581 3.2556048208919698972
83600 1.9083876195967044431 3.6904531382264100792
83700 1.8206056654983393539 3.0852891119992498226
83800 1.8111116831432398921 2.1555793050748102146
83900 1.8182031173468797824 1.9855442372326799205
84000 1.8303962652428513724 2.1506627003910900875
84100 1.8295454655813989664 1.7829486490584400826
84200 1.804380304547140268 1.9049500923806998998
84300 1.8461389656890208055 1.2283088524013801024
84400 1.807873070379136804 1.2609470755909000239
84500 1.8133783236737763822 1.724177394199579938
84600 1.7975569420676384969 1.4483858101477200542
84700 1.7896788159415668584 1.2927753735702700588
84800 1.7957702615821675707 1.2495276636473500176
84900 1.8051735772800039381 1.1141710081493501061
85000 1.8215001068617424629 1.481240003823250051
85100 1.8132922617985121061 1.3536402834728300526
85200 1.815580555249935113 1.0609008531363199879
85300 1.7898484113953683217 2.3533116344816700227
85400 1.8482097844081191163 3.6300000165402002139
85500 1.782739888578813936 3.6651495694883902132
85600 1.8150630243207019898 3.7703612750902402162
85700 1.7899120653623086241 3.1005710585172101545
85800 1.783653519835091128 2.8626640915029097911
85900 1.8234599540071636525 2.9614013997204300388
86000 1.7915613784043764589 3.0283231729289199485
86100 1.755766805402620756 2.6950884926138698461
86200 1.7738606718588112443 2.7587694991678701761
86300 1.7705786711326394478 3.324794267721229879
86400 1.7839463863358993034 4.0347857637477000381
86500 1.830960354243290622 4.6321372543906900177
86600 1.8386730760844043342 4.5317217049827700492
86700 1.8522359469547504673 4.7813133512102101719
86800 1.84074548855076503 4.5918083874853703463
86900 1.8073625410446267914 4.3251960737366301757
87000 1.8132848087764534828 3.4888609546820901208
87100 1.7743021962914025114 3.444850786514809915
87200 1.8152110094498428161 3.2481884967401999376
87300 1.7968943006130548845 2.8685911932218899345
87400 1.804133648787924038 2.9968823660591299429
87500 1.8191619354275614384 3.2468090528004900364
87600 1.8098752416345678107 3.5234142375978998452
87700 1.7931022529282791833 3.8991194557732198334
87800 1.8481168328044472737 3.7299271858087799103
87900 1.8221135390409715082 4.0074885485072702096
88000 1.8373773836102431645 4.2509934365625703379
88100 1.8625190184021129802 4.302735109868759622
88200 1.8282273426437263275 3.9828707146934800853
88300 1.8293548088934821205 3.8736875409358000333
88400 1.8198112671382988825 4.2690998039192900038
88500 1.8436476135466759452 4.2821248491044601181
88600 1.8202345371678716468 3.4861291020128999385
88700 1.7999112883154053666 2.9479336201590999877
88800 1.8195657181345608056 2.5457051562304200409
88900 1.7950258952182611694 2.1454218070056501055
89000 1.8049122625456508473 2.6709268774006700298
89100 1.8017763839553690985 3.2952190872376898589
89200 1.8229479100827041815 3.2184106332905502157
89300 1.8006634365547196097 3.4485321253847498468
89400 1.7876394838728328907 2.7945949198688198045
89500 1.7797093033462596523 3.2532745543265098043
89600 1.7740040674825103828 2.8759740403470201997
89700 1.7902937142704435924 2.9023349072580502117
89800 1.7896678682420252837 2.4688394612155799557
89900 1.7661808610500036032 2.7950446017916199537
90000 1.8264281267587469948 3.9512074386204498744
90100 1.8133360276819920909 3.6034184962374800065
90200 1.7955264057615243356 3.6309360366729199754
90300 1.8105990918043246563 3.5510937919068701341
90400 1.8216385129384387032 3.8061521813090499755
90500 1.8358136317102258239 4.0396852084408596539
90600 1.8543966461811050017 4.8898605852488898904
90700 1.8262576893393400734 4.6128849501360900121
90800 1.8210580249784196205 4.4063435154201400223
90900 1.8487546045938765271 3.8827537703122598778
91000 1.8195867503948570665 4.1290592113112900563
91100 1.8598876275523350543 4.0407652342537803136
91200 1.854440934899368898 3.9493132886550301741
91300 1.8511228146966927088 3.8804609176696600592
91400 1.8244705336678688212 3.5283170155196299511
91500 1.8867426159104530026 3.110024784910769835
91600 1.8610102405465676068 3.229550704030229813
91700 1.8427505471809775273 2.6801691015947000096
91800 1.8239880001821606736 1.2043676401482499294
91900 1.8392468028320219098 1.6495132467388300412
92000 1.8078498130373681363 2.3538474625425997999
92100 1.8118925016066229627 3.3577627718498601617
92200 1.8431127805882436821 3.921313960431219936
92300 1.8396791972883859145 4.1007811009024202065
92400 1.8167327912893613817 4.0380625171882300606
92500 1.8268832843073294914 3.5531441218253401182
92600 1.7895965295515705584 3.6430938439607101209
92700 1.8039593131705220497 4.2535182282303898305
92800 1.8097634419091233049 4.1722412314898003061
92900 1.8061324027206886456 3.7835880002605901673
93000 1.8109143416824691197 3.1024090789196798745
93100 1.8058466755377797774 3.0451936246590700641
93200 1.8428091879616466109 2.7540740011904500939
93300 1.8039067496668410584 2.0201014106175301244
93400 1.885239445025232996 1.9295960000068899109
93500 1.9226059240456530031 2.194220554868639983
93600 1.9049467603790448678 2.5004893526488500832
93700 1.8842271987065604133 2.0971258098555201066
93800 1.8560616512929406507 2.4287006532540598158
93900 1.8323191934883378273 2.1795923930782001854
94000 1.8013675721827837606 2.2119291236613900509
94100 1.8002331634246400149 2.6962154834188898356
94200 1.8457734648004306965 2.570473503402240123
94300 1.8242032011550972648 2.3403489739530201064
94400 1.8202854752241004466 3.2537143356544500072
94500 1.8285582675241283113 3.0700827124092500142
94600 1.8419170580880297461 2.6916232959072599051
94700 1.8256148634445807932 3.2241561555587101573
94800 1.8023968559332836925 3.0518815721757999171
94900 1.8109960829800593185 2.9945101065731800638
95000 1.7867379060380521594 3.0062349574620901294
95100 1.7846748359720843169 3.1106362460009098214
95200 1.789270845707902069 3.4960552355464198371
95300 1.7923257601587709864 3.4851239394886599499
95400 1.824739028770966609 3.1402924790141502065
95500 1.7953854778455560215 2.9310409019687297949
95600 1.8342664120976315267 3.0967838978273198869
95700 1.8372083695701064698 3.316072582192790108
95800 1.8279431224033124703 3.3966863373256401815
95900 1.8342525646196148337 3.3836490392055398324
96000 1.827843438704706891 2.8876809546092201408
96100 1.791846635477311267 2.9527657312168900106
96200 1.8316672151475921204 3.3778649583138400381
96300 1.8109333957226310119 3.936264417701280216
96400 1.847817371284532495 4.3045713558423503997
96500 1.8636887346774766439 4.5495992333410502084
96600 1.8386301955250861084 4.0329497282314603623
96700 1.8306301903038064705 3.675869817917150062
96800 1.8590770427562948175 4.011464473261620256
96900 1.8705916549186785147 4.4292747489834898289
97000 1.8879583453228947487 3.5136416138861901182
97100 1.8564647691295010912 3.8384128147749501103
97200 1.832218567614400051 3.652252320251990092
97300 1.8219566461903435872 2.927569158875420019
97400 1.8158150717919858685 3.1340495732082898073
97500 1.8051875851656111749 3.5811445585329999552
97600 1.839391033139872178 3.4333669760452898423
97700 1.8071111421717027667 3.4118588926236701475
97800 1.7821707164173747895 3.4382449170328901467
97900 1.8169743273843816933 3.6839878398778198587
98000 1.8619579989860848279 3.5196053288161199823
98100 1.8629287485627759047 4.1429748429246400221
98200 1.8630413403096242053 4.0347922491217502738
98300 1.8798309419532397424 3.4542496488049900805
98400 1.8974067475096350055 3.8804204465114398026
98500 1.8409730291087436083 3.6255589146961701985
98600 1.8168922234385953551 3.6106490999690801225
98700 1.8164820952997711156 3.6349465982930899699
98800 1.8957832465781869757 2.981031129317480044
98900 1.8710140364603990992 3.2587232570423498856
99000 1.8791816120937876455 3.3614247631216098711
99100 1.8864450330780715426 3.1288557109117198785
99200 1.8797277130853979887 3.029672942978200112
99300 1.8506223578363203419 3.3072243099495302054
99400 1.8528242887617973889 3.2690905402665397794
99500 1.851948915640519111 3.2791370663988099743
99600 1.8452854413070969297 2.5992209115229298888
99700 1.8999407542426605122 2.6608576154034198069
99800 1.828129585523706746 2.7240230455865699355
99900 1.8471868679921967793 3.1473587144304802088
100000 1.89390584617072677 2.6875909595799800655
