Step Rg Re
0 14.382589327430448378 48.848357066634001455
100 14.373740990427080533 48.585289223271097114
200 14.206431021696824146 47.190906919850903023
300 13.903749305216152266 45.742721944827600566
400 13.492297274813410013 44.019915558908898845
500 12.989126213003229893 42.030649318322197416
600 12.427423575148226931 39.932897653917699188
700 11.826556306881951031 37.569118413792097044
800 11.201015048120483542 34.943197003764197461
900 10.544039064865955879 31.778750623670099174
1000 9.8692377180530996839 29.050023189314298833
1100 9.1634598954144355076 26.264777223621198488
1200 8.4476591937912619557 24.138870003555400245
1300 7.7156247333441623226 21.55570572017909825
1400 6.9892538261338792438 19.529794767782099996
1500 6.2375578228216204124 16.947010104088398919
1600 5.473455692582782639 14.216637004187299809
1700 4.7471014016113315392 11.004230805527800641
1800 4.0187920323558419256 8.7497998503710707752
1900 3.3075533703368376059 6.163413111395530386
2000 2.7878017899582516748 5.736866286288989869
2100 2.438144225735678905 4.4950156854380098892
2200 2.2429144464845554019 3.0747864898418901802
2300 2.201035769423837607 2.7870976790198698225
2400 2.3751502581448451501 3.1263149589308700804
2500 2.4860452590097801284 4.1140790751796902924
2600 2.5864016472136164282 4.9917651769997197775
2700 2.5946785182220688526 4.2933033201622796682
2800 2.6258049062591157785 3.9645369147174198687
2900 2.6756250711196432057 4.4138722237399399262
3000 2.6229204729586390599 3.4929023063472901534
3100 2.6167547433231197473 3.5386564948510499384
3200 2.5393291359603020751 3.6917937609051798553
3300 2.3958173337723711604 2.5221292042874998707
3400 2.3693415913162789721 1.8817279860827300642
3500 2.4165676263008619706 2.4044122882079799197
3600 2.4234424989116352123 1.8933054195290499599
3700 2.4176300425972176988 2.6685141392362101698
3800 2.3334969748462341954 2.1792990714974500577
3900 2.2666808044414996637 1.8881466397522699285
4000 2.2598979762318052167 2.2821959784172398678
4100 2.2619481084923163117 2.4021453437751598692
4200 2.2704536074140144741 4.4655596989729202662
4300 2.3243127316290803641 3.7449905033520001219
4400 2.3224440804206203381 4.2057474361536497653
4500 2.2732471067785038343 4.4113913134336195654
4600 2.3267550905749287971 3.7688430101791499105
4700 2.3594011012912030623 3.3472759041600301799
4800 2.320226126971821401 3.8830188317672700293
4900 2.4229026183303368214 4.1893439101684499803
5000 2.3448643535162929652 3.8070359587515398836
5100 2.3099164500970554847 3.4499753237725698796
5200 2.3016996340724102943 2.4068404988733598238
5300 2.2698888265203489567 2.3376815722627801719
5400 2.1195443076440447783 2.6665908923737799974
5500 2.0935137362489779633 2.5845033470260299069
5600 2.1031362900356413981 2.7621535320615100417
5700 2.2204357154330773838 2.9141916456819498826
5800 2.2832634976378258784 2.7554371283045702157
5900 2.325541903763003404 3.6473591619109599904
6000 2.346448344877351655 3.9099502438971098783
6100 2.3209026659018427985 3.4395007258842800191
6200 2.2607760392243179126 4.162600467419410144
6300 2.260926251874779247 4.5564994185163598672
6400 2.244502900567014958 5.5059276651359496668
6500 2.3168781401825291333 5.6969633926761700238
6600 2.4484079808248551124 6.1622475387503703459
6700 2.5394154002235134193 6.4475353931443901701
6800 2.5517473232098430991 6.3540169064855795966
6900 2.5163157060305922919 6.9616596174397598062
7000 2.5193402043619332886 6.3843616531799698421
7100 2.4249138415915374445 5.0926241868444499516
7200 2.3905683696493791324 6.3565376883683297748
7300 2.1849398800306034651 6.8169172420711596772
7400 2.1529702833742376811 7.0393094112643703752
7500 2.2608367486397416002 6.8844123451380196954
7600 2.4091544792187309376 6.3353013289286899123
7700 2.5179968684821250058 6.0655282674174699764
7800 2.5756991691207939965 6.7870610399743895869
7900 2.5868328538701708119 7.1314120238948497388
8000 2.4883297490616955727 6.3768326412561497918
8100 2.3320100884328534008 4.4590521474894702081
8200 2.2832146026774173819 4.2841140815214400206
8300 2.2736147849620551575 4.7125043275306603974
8400 2.2378315818087206601 5.540515793328910199
8500 2.3150373671212234328 6.4351542985148997289
8600 2.4272650200212377847 7.0103402921400403969
8700 2.4615278382917336053 6.244167645573649672
8800 2.394152931448546795 6.4539035198817602534
8900 2.350057746306907891 6.2806335277725802158
9000 2.2178604516596966967 5.1681414305321400349
9100 2.0723533796712096944 4.6469838952865902826
9200 2.1094750045474546241 3.0881031024514400407
9300 2.1333637433726355681 2.2576348111984501088
9400 2.1044832969140143675 2.2264535305697799039
9500 2.2055375179930605256 2.4014533486623399483
9600 2.1536937909691751258 2.1854820712585900644
9700 2.0306867565937487541 1.4587266111843899541
9800 2.1200970814536770348 1.215672311278719997
9900 2.1981514490397264794 1.2567797642806299852
10000 2.2090444074836788069 1.2008861840838600532
10100 2.1099813665212443503 1.0380770976571400688
10200 2.1608442249120844991 2.5951180041384298569
10300 2.1432026659736820307 3.4223134787104800836
10400 2.2306579405086179868 3.7984248668357101231
10500 2.2701075671280919188 3.5612647986141401368
10600 2.3190101940029004268 3.6079347441152100906
10700 2.3955329641870219959 3.7883481426921901125
10800 2.4367883453365304369 3.8012260254526899494
10900 2.380591202406078466 2.5220061792564298919
11000 2.3029777709604224434 2.66671516957226995
11100 2.3025715251728811062 3.3560566015576900334
11200 2.2589119431096245094 3.3639538705278000386
11300 2.2244706422316853356 3.6115177036645600417
11400 2.2965431877382727066 3.8228669631204801327
11500 2.3868021445094282917 4.1900186737278604099
11600 2.3202914937474603541 4.5930040126017601665
11700 2.1725477806476893861 4.2245637750770601571
11800 2.1606738860454091089 3.9883119087549401272
11900 2.2436285278677972066 4.938593258763080307
12000 2.3823916620391538679 5.1016959371261396683
12100 2.342091107455273935 4.6012314579148396732
12200 2.3413827272794289769 4.1502222858469899336
12300 2.254974439907182937 3.6391436125638398913
12400 2.1451453054137243903 3.4539176548556498325
12500 2.076666298077698869 3.3136842493564300227
12600 2.1765405124077830123 2.8111210995555100389
12700 2.1726009832063208904 1.9616027560282700559
12800 2.2062750297878586103 1.5087629342663999577
12900 2.113328231435943394 1.1410136577162499627
13000 2.0323520042438834032 1.8111715640907799507
13100 2.0845508834622239469 2.0551475596734101181
13200 2.1103702259510188632 1.8896694892065899474
13300 2.1565989422229483452 2.3823868857365000373
13400 2.2566241386921603862 3.2074386275319097805
13500 2.3276697664342829164 3.5740971146547297899
13600 2.2795935710716341838 3.2548840507500798047
13700 2.3367316516354574851 4.6941700424781203083
13800 2.3762060614264020053 5.1751584768697398431
13900 2.4155797135802181685 6.2170651590489196536
14000 2.3493913068254794752 5.5147990283305698966
14100 2.4418352743260434146 5.6148232914847495678
14200 2.4703785257443384715 6.6220877169076901581
14300 2.4703330683785456046 5.4978029854250696218
14400 2.4313985009607073096 4.7565609298214202028
14500 2.3592005719073889658 4.3937178743228901823
14600 2.2684489543888481933 4.8349592176955100697
14700 2.262398888155629173 4.5647830915238500893
14800 2.2159889297676231834 4.0358297309929698216
14900 2.2158273021204766273 4.6469705188661096784
15000 2.2666230408441259137 4.0898450045168299738
15100 2.2622430380334899169 4.2587850153808997078
15200 2.355848001204015052 3.8997549096296602045
15300 2.3852759043215310264 3.9182655695014001473
15400 2.3820283702189133379 3.8914813664991201314
15500 2.3884434511744401242 5.3028444299307402332
15600 2.3890888906778133816 5.396601148875189935
15700 2.3505105359218800842 4.4708071954643200385
15800 2.3140226617669390485 4.1471133542637801384
15900 2.256566324845830529 3.9070920267662301306
16000 2.2268526578450575926 3.825765027504330007
16100 2.1459554385288694967 3.9511063005193101105
16200 2.099626659849957111 4.3406405681400901386
16300 2.0901157616175756182 5.0395093870720097939
16400 2.166767736477750006 4.9891585586896498583
16500 2.1706849392035567625 4.9854589480917299582
16600 2.1872761048144022666 4.2226425448876003799
16700 2.1473063706930992645 3.0861978562832499406
16800 2.1304972082571471681 3.2494114543905698866
16900 2.1641327148515925316 2.7202715496577498655
17000 2.1227326852502450549 2.0999671240083599422
17100 2.1228759654847082494 1.8735571445288399239
17200 2.0986317091009447644 1.1235712781172100261
17300 2.1728869948225164599 1.0078291312661700196
17400 2.1463827841161222665 1.3209582940406499052
17500 2.1332302598824561812 1.094548236758819959
17600 2.1275573838279062677 1.9692603721855899135
17700 2.1648985470903370221 2.378651841537529954
17800 2.2835666677257449031 2.4637107740239101439
17900 2.2596282700748018257 3.4208782408331499525
18000 2.2223071981884281456 3.5650747379109399837
18100 2.2846017023996272322 3.6623474338632200364
18200 2.2901081560805747195 3.5630127530403501446
18300 2.3240024844550712935 4.3717437765896596247
18400 2.4000135056428546498 5.2323073549913496905
18500 2.3244756727185786893 4.7712659314163001767
18600 2.4224223525646291222 4.6521644719232604359
18700 2.4804986265117432431 4.6896316262272099706
18800 2.4503442746486947534 4.0968237533331697264
18900 2.4078941200054435612 2.8254067094050498987
19000 2.3362045330690812683 2.3464544648551699524
19100 2.1921445378649653257 2.0101469407768499664
19200 2.155195766484719222 1.8530668732322199688
19300 2.0911398117024662113 2.1742324683220100034
19400 2.0882938810945095298 2.9757404922226999844
19500 2.035799419131119059 3.1431524914164201689
19600 2.0376393129007723815 3.2844953172099700112
19700 1.9620869695445817271 3.1922136217289098781
19800 2.0195418279436094799 3.2536479299061897841
19900 2.0622931937610902153 2.8597992043820501529
20000 2.0669948540152058847 3.2716616024152100906
20100 2.0349579989765609334 3.6354212980817299794
20200 1.9714287493030357989 2.6418452839683901345
20300 2.1022894249651367105 3.324883839660349949
20400 2.1315661952480295938 3.2147421777680897925
20500 2.2042194023052457119 3.1930895408452899531
20600 2.1440264988272157431 3.1890632191299799203
20700 2.128984387794549793 2.4227652900501399635
20800 2.0971427194474454581 2.3176529566670898141
20900 2.1076295646510101456 2.1742983421090800178
21000 2.1135554281447670455 2.7569117405057901316
21100 2.0956810439878124086 2.4698149408465899235
21200 2.1048896712191154101 2.3353351940880702209
21300 2.009506676441741746 2.0947796916799599209
21400 2.1134754572093896741 1.6723340359339000649
21500 2.1291986936956730503 1.2431926417263499118
21600 2.150289520576578628 1.2001628282898400002
21700 2.1763903994087669957 1.1390398720831000912
21800 2.2009181594464011233 1.7150021115036699904
21900 2.2426252463294149564 1.9509988172011600849
22000 2.1174558596209225314 2.5920196941155699832
22100 2.112175414140314178 2.3002705025110099513
22200 2.0299487637454993738 2.8633776499804501903
22300 2.0299732012137003956 2.7785503447460699888
22400 2.1369963330272625512 3.4033515131489497918
22500 2.1861857035562035634 4.4163397152709897853
22600 2.1526585579323307407 4.6081191556437204326
22700 2.1791263216616392207 5.279181954546169564
22800 2.2969926429295268733 5.9216700322823498936
22900 2.276905665946049595 5.3529669088264997256
23000 2.2565004963615109546 4.8772210014398797995
23100 2.2442175923877307753 5.4030907635310603254
23200 2.2060182654207527442 5.9948448546182904195
23300 2.1916065625511191861 6.3629368433999102805
23400 2.3172321758625851196 6.240901850149669805
23500 2.4084723704649286802 6.405407546063409896
23600 2.4482846690486641528 5.5758924862876799722
23700 2.4809294079107861997 6.1650786163542496965
23800 2.4172797294294348092 6.5992076677949196295
23900 2.3528538382152608399 6.0773882575575601805
24000 2.2069445807761338685 5.9713929779801704356
24100 2.2521029263067404713 5.9859653570527298072
24200 2.2610148214384695464 6.3789294925631496724
24300 2.303266552053190086 6.598806736354400293
24400 2.2652856571789565798 6.2132931947432501474
24500 2.2626928811050630586 5.3347346598830700515
24600 2.2552333847815537737 5.9159865650348599786
24700 2.1821929580941312743 6.0669141690350603113
24800 2.1111030238112049595 4.9431441566253200293
24900 2.1915350688785451005 5.272980138332719946
25000 2.1800743075359636514 5.5383398316643503989
25100 2.1907750917943036306 6.2130633705607198891
25200 2.1990263538855043812 5.9619664104521801207
25300 2.2285770334016903327 6.8446535171046303248
25400 2.2901994317473768348 7.5599020902023497115
25500 2.3233487385160298544 8.4365267756419992651
25600 2.3020438387159578575 8.6531498272007603134
25700 2.3301248264643432684 8.1024915168235107643
25800 2.3027521145865326169 7.7505592070370203928
25900 2.1898593803595312046 8.4118944296181101805
26000 2.0715471979083925902 7.298996238627820432
26100 1.9584620921640540914 5.0587888503487903336
26200 1.9841270549150900049 3.9314289580915500188
26300 2.1366270587769058409 4.0806951539158200504
26400 2.162341325003644954 3.9352507926630000412
26500 2.1638941640995987825 4.3967592928255800899
26600 2.1856184322414637933 3.0870635154084298257
26700 2.1526500496208167412 3.2096460647135298672
26800 2.0770776549166343194 3.2234610011646598338
26900 2.1874520663460708114 3.7311903994663699891
27000 2.2362598042396926168 5.0434723428660896971
27100 2.2667473554573063232 4.7247951911411396608
27200 2.2153978794394175722 3.6009110483615800469
27300 2.1666527076923349782 3.2339813755017901009
27400 2.1238910423029278007 2.8616632166991098352
27500 2.0754702572330807619 2.970878116743420172
27600 2.0803420099960581169 2.9096249000589797795
27700 2.0025813816970083892 1.9872565335687599752
27800 1.9767256056505064787 2.6903729765288999509
27900 2.1012268599000116787 3.4187722938080500334
28000 2.1287874488170972498 3.879846056342699967
28100 2.1318962789707551764 3.0983795763735400008
28200 2.1427308711209755998 2.2074452352321798365
28300 2.1223424588487662668 2.2822340222218500116
28400 2.2272442442005173646 1.8612759877215601101
28500 2.2134033707928488788 1.4180767957555699965
28600 2.1633730772983468249 2.019308517559649907
28700 2.1087170721131625051 2.4259247594602899589
28800 2.0782192211835166518 2.8527010946024100591
28900 2.0999572425582710977 2.9874145052536200673
29000 2.0591740147745807299 2.7297887733933698939
29100 2.0089993838588027231 2.8344126608910600318
29200 2.0211298147456151497 3.8015304910553497919
29300 1.9480961649272527936 3.8774868649335001436
29400 1.9862902183579933535 3.8620981914191898632
29500 2.0642293668700384401 3.79725496138201013
29600 2.1699786490534540562 5.2208416900569298846
29700 2.175092205962712022 5.665392990236759907
29800 2.1544842873782252823 5.1783722431494396687
29900 2.0860002614785622121 4.6370768530410098052
30000 2.0753860378027972899 3.46775836759614009
30100 2.1080235566305218775 3.227014323156550013
30200 2.0978345255079440257 2.4986007070880198455
30300 2.1105318582240211178 2.6770045671483799765
30400 2.1016072597036430381 2.0680520477613701935
30500 2.1322005905121970137 2.1060553411982101402
30600 2.1209793473007017006 1.851856907415680098
30700 2.1002075543930223134 1.7043357132144099086
30800 2.0609839762642416794 1.0537593886639600171
30900 2.0538810742715072344 1.4543714137180399071
31000 1.9924840672237333905 1.4942346908758699087
31100 2.0415522536686872002 1.0312085133727100228
31200 2.0681295506655250627 1.1490779368002699279
31300 2.0911142454063162965 1.237954085411929972
31400 1.9991348260152779215 1.1474627553944201086
31500 2.0294720818424738518 1.4560545000672799887
31600 2.0891001317168860218 1.4614851338094299038
31700 2.1361575053631964849 1.3192022565095200548
31800 2.0741050324415764017 1.2850899127238599728
31900 2.0328672137930547947 1.5659362450348899287
32000 1.9955374985895302231 1.5266403201683100832
32100 1.9891223570498302031 1.6000500802210899653
32200 2.0469024453016051446 1.7843344272397501094
32300 2.1447827121314522181 1.8428955456157700699
32400 2.1190222144965620288 2.1181986577631302104
32500 2.0932586321534865093 2.0609522579981098822
32600 2.0929944437478762431 1.5884904316174799366
32700 2.0887544122635652855 1.4702257187812999284
32800 2.1171867421548662413 2.4931218405781199188
32900 2.1678724276505976221 2.9714037850195200718
33000 2.1572047084265539851 3.2920348501432301624
33100 2.0692204967180529707 3.3166395932229502108
33200 2.1356462099645927566 2.1473261321718197792
33300 2.2290329962734038993 2.349962997524570163
33400 2.1467576684396894038 2.9048361057173099908
33500 2.1445918122574187947 3.0129531012025099201
33600 2.1211239976840960964 2.9293352128226097797
33700 2.1085968151017611127 2.6086926828184799909
33800 2.0946209086188618542 2.8589800971411598596
33900 2.0664891983947004661 2.2559374902038498156
34000 2.095976691085784438 2.26235562482073993
34100 2.1300037906940154642 2.2478184585813600904
34200 2.038118696925271589 2.2799592540611999247
34300 2.0070997511426229565 2.2532968177694399081
34400 1.9846619941070602344 1.7044799803033698904
34500 1.9561787664400063225 1.3694447431306899787
34600 1.9133217257594208327 2.4082094545652799056
34700 2.0153285024007590032 3.3440658030102601295
34800 2.0285634816203752528 3.7511138662765999285
34900 2.0220523141882429385 3.870493183061470166
35000 2.138279574004195549 3.7583703921583899721
35100 2.200369851450167058 3.4149335445216899565
35200 2.1596130964950113196 3.496344572576259857
35300 2.2767850597811878366 3.5383318558035901091
35400 2.3309541932626332006 2.4108229816031601089
35500 2.2972855666586036172 1.995174791996290109
35600 2.2800557506388638984 1.6328204934296299822
35700 2.1870335843375494633 1.0274969149790400547
35800 2.1053698073970195104 1.5838065602078998939
35900 2.0871946686177529351 2.0188956568542901771
36000 2.1435898176083592048 2.3269257748035001576
36100 2.1837844760456199822 1.9806476877461201003
36200 2.2389614997920972428 1.8961505411101300389
36300 2.3106916362659748465 2.1182779506699200844
36400 2.283128786044856362 1.6316043121215699774
36500 2.2236014880849692688 1.4259684949160500445
36600 2.1620976171383561315 1.3842707045363000784
36700 2.1325810933581608175 2.0021573660546199136
36800 2.1304484685452420578 2.8231771924881301494
36900 2.1604338387944426181 3.5272775398900400035
37000 2.1853902470650172774 4.4786824223658801003
37100 2.2465370423047410497 5.3652795615729402812
37200 2.3495228367996459085 6.248620879159280328
37300 2.3752790532703449422 5.5936345874790003307
37400 2.3740139195633074287 5.7450986122824598823
37500 2.2811509419637570062 5.4442623136836898468
37600 2.238675757471944916 4.8960230535867399482
37700 2.2037323918171507486 4.1405720461326103177
37800 2.1283039872836124751 3.888380351935130097
37900 2.157386520840061106 3.5739343148139099959
38000 2.1175178453120295785 3.1874067183077401388
38100 2.1269385727058840452 2.7303201483300498786
38200 2.1686222801821939399 2.56237462349118017
38300 2.1539361148081073161 2.1281220094165100853
38400 2.0930414422347953796 1.3682510416883499893
38500 2.0648556795273380615 1.3090884168074599092
38600 2.0987791956982544406 1.7836833545433099513
38700 2.1547664458664232967 2.0290324547720599568
38800 2.0924556661843007888 1.9991222345101999913
38900 2.0576896009144975963 2.1437948621318398956
39000 2.0525464666902206723 2.0984555179571700023
39100 2.1114656595674325956 2.2204697165753701782
39200 2.2049992863965908185 1.7152300008917800156
39300 2.2431562795677568722 1.3473962690988900981
39400 2.3745206553507700598 1.6879112977704799903
39500 2.4607047666077477288 1.9144374106329700158
39600 2.4720338830264729779 1.0687420832649598967
39700 2.4413212038214213706 1.0872864602445500015
39800 2.3859341979917618737 1.1229391041897700543
39900 2.2594079704356726523 1.1897541359452699083
40000 2.2499340560582115067 1.2013795994512999066
40100 2.2455411569661207771 1.4105544773203100295
40200 2.0198782508488322129 1.097537981346869973
40300 2.0656184678271412025 1.0538253323643900217
40400 2.0820451293540500615 1.7320336618428200381
40500 2.0863387249872591411 1.8805246842561200715
40600 2.0854459245713874438 1.891054214519299892
40700 2.0143095465600842076 2.2250599320859900665
40800 2.006851816330097904 3.0695439800805401909
40900 2.1611843981980323193 3.3312144616358199123
41000 2.2224810731825375143 3.0513820576957702002
41100 2.19257422785224243 3.5924472055109699653
41200 2.1878085837484935183 4.2280482787554598545
41300 2.1464778271985780478 4.2333953421055001698
41400 2.1456684427429690842 4.6060889218039200443
41500 2.1989717425432777631 4.5510515207580901631
41600 2.1107244292675702013 3.8603548156020202065
41700 2.0428570550235476411 3.7727598727575899495
41800 1.9698862344878236286 2.7797245323759698366
41900 1.9392089896666309112 2.3455681149530800411
42000 2.0270964082343256862 2.9894032368352401186
42100 2.0677900103378408225 3.5731662296880699614
42200 2.0224282225593190887 3.6617690511019600486
42300 2.0426266162253781111 4.1884534200714202967
42400 2.0685196043828733004 4.7279250748659000791
42500 1.9701140973095501163 5.0643799238724502843
42600 2.0299878255818417649 4.1583342455710203822
42700 2.0348607314255100498 4.0455784367425398074
42800 2.0824873717957124164 3.689305708608400014
42900 2.0830816851124152045 3.6248007806400002195
43000 2.0777629794030341159 2.8725176217684098567
43100 2.0063708654385830066 2.7434787716883000108
43200 1.9331719296788745233 2.1090251017388599308
43300 1.8851328974272683059 2.2720895371267801899
43400 1.9271298395474198983 2.5699311248536700347
43500 1.8898820812093921617 2.0135903268106498665
43600 1.9175260716262985117 1.9249016304457799986
43700 1.9735192464105313359 2.2590935059625398829
43800 1.9965679816015129422 2.8322387091012402038
43900 1.9767812691695139105 2.2619162609403100639
44000 2.0065646075128746872 2.4619402340794600548
44100 2.0489721426761904333 2.3487358208060999942
44200 2.0528196462134848943 2.2238848374186002133
44300 1.9782170579743958427 2.6207724979358899553
44400 1.9807840624270571794 2.7393575992072700664
44500 2.0146827942004996714 3.1328502401064999283
44600 2.0992135786233045991 3.1596799696398698565
44700 2.037366465370639812 2.8008649272632601956
44800 2.0625178801515215987 2.0474896255593502126
44900 2.0713931024207843379 2.8492315677666999463
45000 1.987288931663082403 3.7090907619746897872
45100 1.9502241248749203617 3.4293294641363298858
45200 1.9201979097287680265 3.4423754106994399748
45300 1.914285177063074439 4.1109314831540295643
45400 1.9414141877555346483 4.8116669618205296644
45500 1.9009819253196063027 3.8026696946170002178
45600 1.9576029496176230449 4.2506683012676900191
45700 2.0558494170455281491 4.2573619093016699111
45800 2.0538272819068210673 4.6160915705373399831
45900 1.9903464769332641637 4.4706427748323003257
46000 1.9204889930819679655 4.0946996618703899173
46100 1.9743144441855862148 3.7886134928554597856
46200 1.9963561461890755311 4.2765394229750501864
46300 1.9562038321175467814 3.7231828551507799574
46400 2.0134390585354258185 3.2662926746107601161
46500 1.986983477236511364 2.6607675022732601988
46600 2.0627335856536648251 2.70616080414407989
46700 2.0433462125945638377 3.4346092936169401177
46800 1.9956015520593683998 3.6889471929537100969
46900 1.9879992375730526355 4.1451328962683904322
47000 2.0034833541522387712 4.4318798246334303315
47100 2.0076894268294225299 4.8607013215399703654
47200 2.0175053468902675036 4.8690559023726498467
47300 1.9796101414538482821 3.8997357376623900116
47400 1.9866235330471853082 3.7829129891901898119
47500 1.9993310787105111892 3.9211777385121702189
47600 1.9590658554269833047 2.8253812284989199277
47700 1.9478083259355143397 3.8429225852975301692
47800 2.0311975591052515711 4.0330069965167396617
47900 2.0735359485673399149 3.4398536715240601858
48000 2.0597691645513491743 2.4894087627335999002
48100 1.9883114424818837396 1.6674751765527999758
48200 1.9961381188976408119 1.105042309641870002
48300 2.0758933513366879531 1.610944288114420031
48400 2.1003811930421565357 1.9883388154028101003
48500 2.0154140114804612871 1.8617665589967800077
48600 2.0538249436681961235 1.6437971144339200702
48700 2.0432838989218780057 1.4797496739295099566
48800 1.9589259529322149422 1.4704413430362099913
48900 1.9551789465783537825 2.4642594791863001724
49000 2.0501139842680364822 2.8178328228437998781
49100 2.0479964391620648634 2.8764907799314598513
49200 1.9943483545003350965 2.6531856343442901114
49300 1.9434684431996980258 2.2488631603966999783
49400 1.9227109134813926694 1.5974119023482500346
49500 2.033677581176762672 1.9524962916992401052
49600 2.0556663574373885695 1.6830576185287600133
49700 2.062599073641851799 1.2268820715741799443
49800 2.0832259896565874513 1.406335322777350072
49900 2.1314849436780858305 1.5989049552662000231
50000 2.110467161259821367 2.3630403207032499857
50100 2.0780784929059343824 2.6688661678671299349
50200 2.0899316419113684873 3.6049181767051301506
50300 2.0888598082415792412 4.0942612796733399705
50400 2.1317279566999283169 4.3209394400463398966
50500 2.0814159538815073525 4.0927645629961899587
50600 2.092482902454529281 4.0139021498943998623
50700 2.0314920884989899896 3.3242073117588701869
50800 2.0367092091051657299 2.6634477245645400423
50900 1.986822914873342949 2.1744344584674801801
51000 1.9808488195207956117 1.2319832083252399979
51100 1.9538590202860439682 1.3427878185946500178
51200 1.9728803869522857362 2.0622784179567301699
51300 2.0030944070552596514 2.0278538261614298399
51400 2.0001430843081302591 1.9555016714880100182
51500 2.0268212421594142825 2.1955371318012097959
51600 1.9686023870817033199 2.5738090673494600225
51700 1.9690396794894997612 1.7525210114603100298
51800 1.9975233286780047504 1.4771184844782800916
51900 2.0343171938134387844 1.1961182066002600255
52000 2.0614933542938156386 1.0516874640554700893
52100 2.0283353313257435069 1.0473208773287598916
52200 1.9809001102101950753 1.1974199117563300021
52300 2.0348888327673924081 1.1424658290277900363
52400 2.0439704800566231846 1.9625208793298400956
52500 1.9949052111744012272 2.2736111463374197861
52600 2.0402934211136805054 1.6355236291228700818
52700 2.031810095063859567 1.3062727782122600662
52800 2.1655066707087695654 0.99854001058518404577
52900 2.2390789104455848246 2.4263684491653099151
53000 2.1772633936949166156 2.7028892397305801509
53100 2.0434623685357431455 3.5254902926598998825
53200 2.094952356493910095 3.5830960163995100309
53300 2.0411413727905305393 3.569632213476479965
53400 1.9637398280971976039 2.697753950153929825
53500 1.9846434357860387454 2.1685010397262800552
53600 1.9742361487217714444 1.971910594796929983
53700 1.9226803402642553831 2.4063937629658798123
53800 1.8984211766736565075 2.42300616421771986
53900 1.9041291562122797387 3.1456598588687900708
54000 1.8948632533355380669 2.9507933417852401092
54100 1.9097770591746943136 3.1900654598266902084
54200 1.9720605294536344143 3.3469093598025700942
54300 2.0440891029566761183 3.4369707896694099425
54400 1.9826867627581974407 3.4932967859994201731
54500 2.0168127012138326037 2.8106187468329602019
54600 1.9561758887368525528 2.653048191065699779
54700 1.9562399770768612584 2.3056155778859199756
54800 1.9625704389692641971 2.2545682614508297803
54900 1.9258040437051890947 1.9657165422172300229
55000 1.9336601482361814863 1.8314617648744599965
55100 2.0074109222277538578 2.5259487799492101878
55200 1.9259090814736183894 1.9879481189851799794
55300 1.9000744501156274779 1.6283143071447701011
55400 1.9542116567199847577 1.3980981486743500053
55500 1.9996053480832882698 1.6587407058218699429
55600 2.0543795041304488969 1.0726693820663499856
55700 2.0821002263930967757 1.275281220791679937
55800 2.056895690364146656 1.0682423079453400305
55900 2.0574444075873858928 1.1643598919886799514
56000 2.1126702390266784981 1.6838595893779599866
56100 2.0394122760676194339 2.24236151851944987
56200 2.0564668756472004318 2.3977916241476497916
56300 1.9374193808967594688 2.1439751375702997827
56400 1.9224230300680804628 1.9728924431914900417
56500 1.9584480977587510608 1.1419735984511500959
56600 2.0141082167601518371 1.617832307223129984
56700 2.0069278154607186337 1.3812154289453699718
56800 2.0349485622601739543 1.6132743936900300064
56900 1.9813335962068068241 1.4333499749364300158
57000 2.0181592319913308486 2.0082280869763300402
57100 1.93462803671704342 2.1004052079969799394
57200 1.8827188773965752855 2.08182056082346012
57300 1.939725161349731497 1.8906788865354100526
57400 1.9437152559036832145 2.257571847704189949
57500 1.9849929761785234383 2.5482736482659400501
57600 2.0516629636171583861 3.2701776743846200368
57700 2.0859355776084620437 3.6058623821433100076
57800 2.0758690298869511004 2.9328032818579701235
57900 2.0560859672058140468 2.0650804782868101839
58000 2.0281250227683100817 2.2726509322145700409
58100 2.0238753108616109877 1.7769590178401599712
58200 1.9748709820085375011 1.4761642116116999723
58300 1.9358849461327660713 1.0356412525864200358
58400 1.9501039827784678593 2.0580604390029799688
58500 1.9678991781228685198 2.3236732958570400775
58600 1.9864605685533200941 1.8613134839773299856
58700 1.9972449751084686564 2.1847384108268599334
58800 1.9154886357392566509 2.2111531492511100616
58900 1.928489609734405974 1.7324114393282099567
59000 1.940887051595487911 2.7586834830240900551
59100 2.0096315490966896178 3.9900630721067797957
59200 1.9638021521758393106 3.4633898819525401613
59300 1.9137387268490797521 2.8715634807022998309
59400 1.9119041737372328704 2.76398330981746021
59500 1.9031621556118274441 2.6997085604398898262
59600 1.919146110754374801 3.3227971803355500491
59700 1.9150904200762450813 3.9276007089199098665
59800 1.9313409226931463891 3.9471718364947698809
59900 1.982029005129128052 4.3270297231143803884
60000 2.0497676936022251049 4.4128722345282795914
60100 2.0692507131468005355 4.7107756928762398729
60200 2.0301712211975835309 4.7424096264755304375
60300 1.971500040003429266 4.5541858843422300396
60400 1.9630075530520914029 4.2499947396952899581
60500 1.9787966027735977015 3.9078200461789900366
60600 1.9775288990235628805 3.7868116373410098952
60700 2.0308070389354258012 3.502435183264560159
60800 2.0059238860340871113 3.5423412650969501314
60900 2.0122727959281054844 2.6884658818858397922
61000 2.0375228397562161753 2.823849945340569878
61100 2.0750643554304071259 3.6279667205154400023
61200 2.0040539203049214656 3.4000321048556600978
61300 2.0347582369502608124 3.4615493077154702029
61400 1.9531197305657326257 3.4601838972792600124
61500 1.941684873836809988 2.55260099802679985
61600 1.930190073109500748 2.8759347954530900537
61700 1.9444460794066567022 3.497097118247539882
61800 1.9594011158404582851 3.4653054878446298837
61900 1.959242591563663316 3.2976092370705401002
62000 1.9322954231948148429 3.6296018695710401403
62100 1.9537634587433878597 3.3837935653716701978
62200 1.9649698346151314166 3.5916625755355902072
62300 1.926346554528663324 2.7406076458158201703
62400 1.9781648245450087487 2.8552869310364998867
62500 1.9954937540593560286 3.0197311207494599294
62600 1.9565165480898818462 2.95527502126798991
62700 2.016076995622948953 3.3839889172624300073
62800 1.9904338933324960959 3.6431836122534297928
62900 1.980241154946221549 2.4878434817035799398
63000 1.9181593331075021958 1.4787110529270000026
63100 1.9594663847343098961 1.9275663421383899543
63200 2.0064962019993011211 1.0839173117617399988
63300 1.9406528212796925192 1.0358720705658299721
63400 1.9567454921032791937 1.3658659897393299332
63500 1.981347000570719219 1.6685562231695600932
63600 1.9145222814666891242 1.307975003853129925
63700 1.9307711363852846365 1.7305982857586899026
63800 1.9554457350506719848 1.6962334285674700585
63900 2.0426542296899707907 1.6517856734146700859
64000 2.0711199804121687151 1.9655709025847301064
64100 2.0110191583655057102 2.0032469481273400547
64200 1.9577426074031751835 1.3773973047023400085
64300 1.9430915402095647604 1.7150414519256300672
64400 1.9583699869709263464 1.9738636105141900146
64500 2.045035848291419267 2.1030273796778100603
64600 1.9514246643374713042 1.6559181939520299931
64700 2.013047053516395124 1.9231147376040600427
64800 2.0427061709252685162 2.738185864357570054
64900 2.0576668912854230165 2.7512061160786398517
65000 2.0787977403272179799 2.4184907126387500398
65100 2.0693248306011926552 2.2800132634021199607
65200 2.0867942730787514272 2.5292638914925498206
65300 2.0521318469375375848 2.5836073777687000863
65400 2.0570275104112818454 3.1302933497798401952
65500 2.0127699052774206123 2.7344951201846199318
65600 2.0033972010967193711 3.2956196411309601757
65700 1.9953521146085393401 3.2204335740587199943
65800 1.9855662187068576774 3.3170285323671802047
65900 1.9877497659002396624 3.9374454260759401691
66000 2.0014735220943848937 4.2107750828458296866
66100 2.0442316733650085503 3.9947532542769601527
66200 2.0648742752976394499 3.8718856196982600615
66300 2.0653247751475549698 3.3936040467155099698
66400 2.0170179746979828295 3.3298135379135600509
66500 2.0210647704162734151 3.2961929228538200398
66600 2.1143634930270978067 2.9259514806434099299
66700 2.047742400651854755 2.5221581450119501255
66800 2.0214054825854623765 2.0928958769815197982
66900 2.0422894733171359505 2.3525131211738199433
67000 2.0813334778545700132 3.1667867788467600754
67100 2.0054503508448942029 3.5690309661228898364
67200 2.0315369306220047996 3.0904961940818798105
67300 2.0716415823769551707 2.525807335644750129
67400 2.0838730290185694116 1.9520934214770400139
67500 2.1055078163764271437 2.2848572963122499857
67600 2.04105742872057494 1.9771069271131000988
67700 2.0316194832434608664 2.3910009351388499255
67800 2.108742822607746259 3.3100944892530699271
67900 2.0291453648594899306 3.1032483289707499807
68000 2.0676327866893968732 2.7330307497386101545
68100 2.050988603599789073 2.9725473269117399511
68200 2.0873266942748878172 3.3024295082166399418
68300 2.0900229754927517334 3.6075694709788002079
68400 2.0639464029737637496 3.1565411259531601651
68500 2.0667573553700391287 2.9523427659451098037
68600 2.050627928404344491 3.0553004277270101596
68700 2.0013736347037109908 3.7467824115380699013
68800 1.9896367886495525124 3.9899538532088500986
68900 1.9447412598417062046 3.5503592093097902094
69000 1.9305828310440067419 3.1932252545916801623
69100 1.9227072299869265581 2.7479038851769201912
69200 1.8557199337917604787 2.8460358408929700147
69300 1.9040376827989418107 3.7262058473813999271
69400 1.887236347589210439 4.5320058847098003696
69500 1.8994778989444929262 4.5951618011560499966
69600 1.8775140088553037288 5.1354693181491697374
69700 1.9102172608383520824 4.9710157420883103185
69800 1.9351354870818802123 4.6082751744791901061
69900 1.9177527720357301355 5.2796986410254103106
70000 1.9084385160475583199 5.0998679057452198649
70100 1.9054727408880418604 4.855890260377529799
70200 1.856404614959010102 4.6621355652127496327
70300 1.8405817079179527251 3.7660262306337402016
70400 1.9051563358287133543 3.5452408095255698584
70500 1.9777323565576447884 3.7933151183925399863
70600 1.9553392586008251364 3.4248805223515899065
70700 1.8895313091823553453 2.9091642672991397944
70800 1.9375987442164528396 3.2041790628657098594
70900 1.9151879080673324118 2.7744630085161401389
71000 1.9015526428380253865 2.4859462360886301902
71100 1.8386407932388102449 2.0670902035577700673
71200 1.8540589628523094223 1.5012267005345900639
71300 1.8700412814225075842 1.3352919991785099363
71400 1.9492569717843417632 1.2329687133963000978
71500 1.9674626750835051414 1.4126317779986399259
71600 1.9797715320836981601 1.4407726822122899346
71700 1.9492085483298382531 1.6745916108926299781
71800 1.9525419579428822114 1.9541024107636100204
71900 1.9284256271867488142 2.0899239952201198456
72000 1.939782980051470318 3.1336347809528302122
72100 1.9621818594026811944 3.8058007341700101911
72200 1.9521279385147236596 4.0557161267297496821
72300 1.9533941111384496292 3.4104539459398299783
72400 2.0114570850924655687 3.6072377968851698782
72500 1.9838465774523401652 4.2748037683742996506
72600 1.9717671426726748329 4.117953759981189954
72700 1.9442238886938669751 4.803595440392210314
72800 1.8962193598845533682 4.1300071710916199663
72900 1.9010215732687663071 3.6814667327759598159
73000 1.9733908167082272467 3.4786479650058099722
73100 1.9771316852509963624 4.1014973964995098399
73200 1.9393152653836416288 3.9537219608451201758
73300 1.8527046817925405531 3.2189739173917399917
73400 1.8872154481074512322 1.721383937848959933
73500 1.9156549196528736001 2.8696404096375198733
73600 1.958198658309944884 3.2950500032064700129
73700 1.8450793060784940192 3.3846005883051999419
73800 1.9397805481284806639 2.9602552332759000109
73900 1.8663507005981210263 3.3495651833711401757
74000 1.8732292091559217262 3.0476233875357201519
74100 1.8949143601786584412 2.766839039398059974
74200 1.9256588534740546326 2.6095419250659399601
74300 1.9249112139803594701 2.3450831265925500269
74400 1.8604767984815051562 2.1484290623660098341
74500 1.8964507284149549893 2.3893272829984502081
74600 1.8807605456435969593 2.0188405282059100898
74700 1.8797938539147880377 2.397673617154350012
74800 1.9545027114004542845 2.9632216238973900779
74900 1.9753223221663374076 2.4531580681680997813
75000 1.9316736355779156042 3.0091273988248499194
75100 1.9422108978408265667 3.2127214952882399146
75200 1.9296988495398774699 3.341580753709469942
75300 1.9154488088465830842 3.3190898262410200026
75400 1.9258692366710510324 3.2846691216865200325
75500 1.9439832381976769327 4.0954521151956395641
75600 1.9847430107176298186 4.5032694698175097514
75700 1.9656493377661736766 4.0908335033364400246
75800 1.9307744735120979662 4.51728738505102978
75900 1.8877456356064170606 4.2465563991650299158
76000 1.9043563913656593733 3.9596903835583798781
76100 1.9088516330521236863 4.3111710949159496309
76200 1.9173774875626536929 4.0878012477804901437
76300 1.9281214203320584666 4.4972537177638303163
76400 1.9061903489805902545 4.1678036617779996575
76500 1.9345900499577735054 4.2260505009862399106
76600 2.0551657851745441796 4.5802434846323096806
76700 2.0429808299813112527 4.3428697071364403826
76800 1.98944781439065288 3.5200906240399598701
76900 2.0549073395815384835 3.1759550256441801963
77000 2.0199723897393151439 3.0542422687792698532
77100 2.0613200870288603817 2.8233959495707900977
77200 2.0019711108709552505 2.9816708823217599189
77300 2.0320912889502880105 3.4738909077617998733
77400 1.987703923190028199 3.6035406696667098281
77500 1.9623142474679764469 3.5021848158061001932
77600 1.9653539444398948621 4.2968100678179901308
77700 1.9456964458873113877 4.2193267752266701009
77800 1.9534439494127406878 4.1946663580533396498
77900 1.9503175573937132636 3.6790845766070701117
78000 1.9419624798277375088 4.26675539263326975
78100 2.042737590721431129 4.3932264731525201285
78200 1.9494263474457735885 4.0149811314857899447
78300 1.9719851393949248131 3.6753026127899901532
78400 1.9468910250356017411 3.2111026301321001775
78500 1.9854317781733878956 3.911500846135799847
78600 2.0304007715797158795 3.9984189405899601688
78700 2.0367857933305395512 4.2251983459745803273
78800 2.061895212693724222 4.4760670348114803829
78900 2.0258058244805310366 4.0234766674890902749
79000 2.005365291272115158 3.7975082435367299993
79100 2.0087464554168548148 3.7573399930592499274
79200 1.9957423907474802771 4.0797053109636198798
79300 2.0563869061693842433 3.6917627230206400135
79400 2.0592656289248680856 3.8327022294412000925
79500 1.960672621020042028 4.0828420043621598268
79600 1.918150491380595124 4.8251803485372697367
79700 1.9188555208105368965 4.8601807186825398688
79800 1.9393494303235285781 4.8022504398645899926
79900 1.9420244687628853697 4.9652025641270700618
80000 2.0051179137316927914 4.8943212868816701189
80100 2.019758806379003957 4.5095767237818700224
80200 2.0044498096492335826 3.789679961454980095
80300 1.9367518656988227388 4.0701304867125296383
80400 2.0048079597438963617 3.8204465913133200949
80500 2.0470866975822659128 4.0716460416085196172
80600 2.0648633691497302323 4.3310073271202096379
80700 2.0988189241678516517 3.7974596642501698973
80800 2.0885308125657631173 3.0962957942620601415
80900 2.060020607986706942 3.4606668682997399067
81000 2.0090459458995559849 3.8764622397987600344
81100 1.9749149434004953374 3.8810775423017700447
81200 2.0003961366424456436 4.3305315589791195663
81300 1.9744722804611356537 4.5081336311759798718
81400 2.0083124433528514174 4.3576258366290803181
81500 2.054967763802810321 5.3336545658395300151
81600 2.0518309149204809749 5.7412673604341604161
81700 2.0101496588745471072 5.7047108818103398065
81800 1.9145303223577627705 5.0149954805133996061
81900 1.8762220379498264489 5.0382867830245103846
82000 1.9242125859629102269 5.1375095275801800909
82100 1.9278723325726547788 4.7243980738009199172
82200 1.9743226533005746592 4.5170315763595798586
82300 1.9659401850534958811 4.9964799059824995808
82400 1.9679432884584260322 5.1412225819648798009
82500 1.9961230701999925774 5.2220865013494401907
82600 2.0535659299244546361 5.122612321597450169
82700 1.990177790189161966 4.8725084758992496248
82800 1.9884553378114506739 5.3646908453010597739
82900 1.9355794690201368891 4.6945749862452004209
83000 1.9344480732967856973 4.1094067302858698909
83100 1.9100412033020099933 3.7436125467233001274
83200 1.9079755139777896389 3.8788630978215099532
83300 1.8735940272115820804 3.2221537784923799386
83400 1.8771631213081463319 3.1425562358251899475
83500 1.8888503971071148868 3.3755353776183101289
83600 1.8719426845054718545 3.2836296703256198093
83700 1.9127510466590638138 3.2299215968383401254
83800 1.915056649535276545 3.4790949967793598496
83900 1.9791559868136396894 3.1818114147702400984
84000 1.8911733553418710319 3.050269553852610116
84100 1.864268361127415119 3.3044669509631101612
84200 1.8851626103286298619 4.1381281400010596627
84300 1.8815378168458505304 4.3573954615649101996
84400 1.9715090256095659793 4.3429891713208501614
84500 1.9379236051696142606 4.1655168447692396683
84600 1.9371814931921906844 4.0703064775743600379
84700 1.9304242167741181291 3.7230975659565999081
84800 1.959062936721288839 2.854043094731100183
84900 1.9210064617687803157 2.3729625212694198666
85000 1.8649956087338346311 2.5757035422737302177
85100 1.9355952134537135478 3.0178453529047701842
85200 1.897300224032379079 2.743369947144029819
85300 1.9164771853460105255 3.1287293532195401546
85400 1.9495258712527292477 3.3737639867585600406
85500 2.0019934178042819717 3.1888409299663598162
85600 1.9564328346376591572 2.9096422520482598806
85700 1.998336264898632697 3.3758210318052199739
85800 1.966713505337430945 4.7557802430132101179
85900 2.0238120823015881555 5.1732810387630800975
86000 2.0443010904204639289 4.6728957056728503971
86100 2.0351260566523565743 4.1747170091776997225
86200 1.9337899424041642416 3.9403450723299098257
86300 1.8805800839590687268 4.1198277132011398294
86400 1.9009448991396415973 3.7079371644384901963
86500 1.8792166052470313797 3.7068253784181801613
86600 1.9080428570583061187 4.497147617800710151
86700 1.9015052926364628405 4.7362761391627099528
86800 1.8410949459232703873 4.5216177064136502395
86900 1.8763455616861901554 4.1197395073728797499
87000 1.8606340251200759184 4.8607671457965198059
87100 1.9245365118309962771 4.8335510106347996384
87200 1.9644402013345887426 4.8618033381102199186
87300 1.8466717011391016179 4.2075814896143901578
87400 1.9916624623601053568 4.2232983403830601787
87500 1.9984887047948363126 4.1789879085153396332
87600 1.9609917529055662655 4.7091499602319402129
87700 1.9903994056531217893 4.9864994523829100359
87800 1.9471572396476044542 4.2657477442249600585
87900 1.9475881964563883653 4.5306937569052703196
88000 1.9898464866777514359 4.9391429241403903561
88100 1.925625381357677357 5.1387956880426903794
88200 1.9004807747393479556 5.3494116422470003869
88300 2.0088661657541853067 4.5481782196341002944
88400 1.9576019358656444602 5.1533594106235103283
88500 2.0417977152647952543 5.4642074741998003518
88600 1.993816904855633787 4.4806376953696700483
88700 1.9613571433868157712 3.9819147022673000436
88800 1.9747082645682358937 3.7274655405966399258
88900 1.9653835807483912568 3.3655039543297000648
89000 1.9496800666214746389 2.7967207128363900104
89100 1.9358974227943206436 3.094408814949820119
89200 1.9087528305536405338 2.7910090858218801202
89300 1.8749342841458001008 2.4763058553968702036
89400 1.8979941078407289723 2.2440476925524999174
89500 1.9049813112390332481 2.4607011562962202156
89600 1.9324710194425498422 2.9587398359709697893
89700 1.9486797357504845873 4.0648299865625503458
89800 1.9546279686071361681 4.14902457996465035
89900 1.9872614845762572866 4.024627409394789801
90000 1.9654533662734920973 3.8105838167417798168
90100 1.9905503043843735256 2.8248863737549698705
90200 1.94095193118648357 3.6177343743830800982
90300 1.969285663189115354 3.6677745656984801492
90400 1.967897348202191532 3.8501365780490401924
90500 1.8709347115401659956 4.2547485526020896174
90600 1.8768393801374918528 5.0460426071996700159
90700 1.8795169263827697925 5.1420801514528999832
90800 1.892885603580337639 4.3885092432746697355
90900 1.8625334438399667736 4.1232037454266903254
91000 1.9025728882274497433 4.4776064782055495783
91100 1.9010191013299568841 4.7379335870800902697
91200 1.976996546768186036 4.3570676350213100037
91300 2.0100560281902177806 3.8721269145824899205
91400 2.0383852246427114352 3.9380109901247402071
91500 2.0391131699352156303 3.4582425806740197949
91600 2.0170024724083135403 3.3920294506769201881
91700 1.9880204137152830413 2.9509388726505201284
91800 1.9741114268081791927 2.5035879347118701332
91900 1.923168271000802898 2.2562545007714098766
92000 1.9205848358523700536 2.127197641392600147
92100 1.9923463387648807643 2.6294104915972797976
92200 1.9533383721631729646 3.0984725734406599607
92300 1.9514494664292734161 2.6293178629940801017
92400 1.9355589422368455477 3.0552860433542701202
92500 1.9166678991286925093 2.8516409469282701927
92600 1.9035407856252151149 3.7418504498357898491
92700 1.9300018104277938402 3.8825774566331898718
92800 1.938412183488850804 3.8427167995229098985
92900 1.9440408554566643851 3.7150974552358300151
93000 1.9152634914985235959 4.2307362612689098924
93100 1.861029746462397938 4.1439246250601202703
93200 1.8833931646358486045 4.3856557816156103158
93300 1.8870367002163772607 4.7251176652089199592
93400 1.9254974487557061646 4.9091208144445896977
93500 1.9353892590976193855 4.6907064421322601788
93600 1.8809413922637887584 3.7320905797655599123
93700 1.9176437686736591548 3.0404421830897399026
93800 1.8935231835008405898 3.2639169826776299743
93900 1.8975934978597093217 3.4109564193073298455
94000 1.8779453271617330135 2.7133576833611399159
94100 1.9306741028162446305 4.0509100313069703603
94200 2.0210350842552227135 4.1851877582969203573
94300 1.9783025499538464675 4.2830919416939803313
94400 1.9937455938077204287 4.550147994740830093
94500 2.0125234746179505585 4.9549237506915702056
94600 2.0317531526846690504 5.1752507614533200808
94700 2.0324743518069516846 4.9494341191440298644
94800 1.9691111045347557962 4.6817366096241999074
94900 1.9158918836661122942 4.3493392165256201665
95000 1.881998903020463132 4.0266425167789101636
95100 1.916402354764062288 3.4784975377480100711
95200 1.8633287793153767709 3.7653690131755399584
95300 1.8596692028264318886 3.7976763146991601161
95400 1.8873267521222165666 3.490585214571389816
95500 1.8781285423987668093 2.9758170391142200195
95600 1.8902490757071626071 2.8613918960658999424
95700 1.8456154107773321549 3.1177850777840800944
95800 1.9425789843209402274 3.5669352237629201596
95900 1.9803876756765117495 3.7854048593048599258
96000 1.9126715844433543889 3.4632755738225999842
96100 1.8966466379466693226 3.3530920683328298004
96200 1.8958159113469887913 3.0692157347896000807
96300 1.8685534068042732869 2.8133380884739298544
96400 1.9338119445637151905 3.2818988538021001133
96500 1.9318050244923725689 3.549445365985219869
96600 1.8619974033517112666 3.5897385646434698536
96700 1.8746253032321120724 3.4147952481921799439
96800 1.8596921223976770055 3.9719507474349797782
96900 1.8335672774607438829 4.6146046582944597603
97000 1.9094843223347983674 4.5983278200616499731
97100 1.8643898921555743797 3.5270945684104901829
97200 1.8622758080055954455 3.9229668067136600484
97300 1.918955397439661148 3.8566787876181898298
97400 1.9216417085251891184 3.7114121474354400121
97500 1.9433262853101129775 4.1169427633844604131
97600 1.9423480295698409837 4.4309509023354101132
97700 1.9411076828311497611 3.6358631910613201654
97800 1.9601399889254924602 3.6456053139240998107
97900 1.978485113109268223 3.5516573886144300332
98000 1.9113066464773194042 2.9795349429340500791
98100 1.8707348961194358861 2.8364048482158099596
98200 1.9520017552347455059 3.7573358150168600922
98300 1.9354688081436712821 3.6709142106772798542
98400 1.9794352750071122493 3.323215472821630101
98500 1.955115975605403289 3.5331067948563101844
98600 1.9768206479216388072 3.3386198279017000878
98700 1.9262918935413246846 3.465244568600390096
98800 1.9790572198961806638 3.6978990820637100967
98900 1.9394136745215899698 3.8107276824252398484
99000 1.9161360943077183627 3.7450633914469300123
99100 1.928449220401089903 3.5309249513523801589
99200 1.9460515720425495267 3.0618191179445100047
99300 1.9072955702013385526 2.9722594629871901262
99400 1.8787021170909194989 3.6272588635601201723
99500 1.900035016526978815 3.2657427845144400003
99600 1.8897174284366042851 3.0057185511837500869
99700 1.9522192190584706228 3.26678714049772978
99800 1.9101882667692924311 3.6603666862779800084
99900 1.9086003232799573226 3.5913747403141500492
100000 1.9140143547211379005 3.4018431902448797999
