Step Rg Re
0 14.40017761974459809 48.903622879126800171
100 14.391178300850130611 48.64570085958600032
200 14.223959362739805101 47.279541262936298551
300 13.92238752783126543 45.993875248184302507
400 13.512621878625399319 44.132194433144796619
500 13.016453509717292647 42.19019062463839731
600 12.468312524891469906 40.007597361217300147
700 11.89023191668912105 37.475397816035396659
800 11.292458682777779089 35.03549138342690128
900 10.671266963784358239 32.611677809511000703
1000 10.036003300812575745 30.23672256872200137
1100 9.3824211884715058574 27.537768451903101408
1200 8.7188139108562818791 24.806867378498200338
1300 8.0395178541783636206 22.450173438670400827
1400 7.3602402295673243771 20.199537075004901254
1500 6.6849342797655770809 18.338835918433399996
1600 6.0043406019547980179 16.112348003100500193
1700 5.3516119592289790319 13.871350721877400147
1800 4.7180230977993948827 11.55525067618519941
1900 4.1158014942638496692 9.2775023975830901435
2000 3.5682075206216170571 6.8716202308017999556
2100 3.0750579711659056237 4.7158044152361897616
2200 2.6784467670213869539 3.0403799802342201808
2300 2.3968403293848261626 1.4875795488219600848
2400 2.2579789752159182825 1.7622933625724699347
2500 2.316365014791932353 2.2740241234551898941
2600 2.3219097840498132967 2.5368900142432599942
2700 2.305641779739489472 3.2951428821454697982
2800 2.2654067363323551199 4.1605019028519496516
2900 2.2291068466035461881 4.1721343930126897348
3000 2.341930190251028332 4.5981930947429399126
3100 2.3921766646520694621 3.6262644906034098291
3200 2.4088718923507057568 3.6981930281151500495
3300 2.3442303053130473245 2.7234076363597798931
3400 2.2486237312757366702 2.9008279998858399473
3500 2.2681592734821647284 2.8282565407653299516
3600 2.2866271190849101203 3.1928663248624000737
3700 2.3374758058131521743 3.4198958616927899179
3800 2.3451271213975384278 3.5931611821332700707
3900 2.3219465013012596799 3.4931730991631000371
4000 2.300921647147173843 3.6881797588472400307
4100 2.3453173251939642974 5.1929365878821798219
4200 2.3937338206219656023 5.8514189495599095991
4300 2.461086371605853973 5.7831945341357302581
4400 2.5190208005166221383 6.5898810143810298001
4500 2.6048775519580034121 7.0455344044033196838
4600 2.7012853671580261405 7.6978655903327304344
4700 2.7055702948254189977 7.8778350244875099406
4800 2.713773265067772833 7.2121090756751602413
4900 2.7093953535960895174 7.3888880896831299339
5000 2.6700651690328585097 7.2209642418036903422
5100 2.6700163143809190203 6.5693840902130000714
5200 2.6754284566691906022 5.3838123266153603552
5300 2.6644001287804148781 4.4062787612867699849
5400 2.6484381298649615211 3.2593218251143700748
5500 2.6181383158838040792 2.8627324126447097896
5600 2.6443332615496824012 2.594392924704440162
5700 2.7290798357561545373 3.3774469294013300669
5800 2.8165252738515955677 4.0783114349460003467
5900 2.9060150323396145566 4.29983775422342962
6000 2.9536683910413024101 4.3929280756276902764
6100 3.0147531986708018259 4.3474860473955496687
6200 3.1011017574225179239 4.0550836485632499873
6300 3.2740094212802222096 4.2125746219280202354
6400 3.4200918860133326938 4.4562999844453896614
6500 3.5363558855420049731 5.2068562138333902567
6600 3.5642488320555432146 5.8810684396428696274
6700 3.5642247643292503945 5.9172606731709400663
6800 3.5222349161586228306 5.8445826327699297309
6900 3.4477459284748217527 5.5628074056409202441
7000 3.3585587404089545238 4.6394344643488398816
7100 3.3085018625482756072 3.7509289526897902078
7200 3.2617132652424207784 3.3461502884111800071
7300 3.2496280179011671763 3.1083981048250199919
7400 3.2366452023561098628 3.5859419109719201657
7500 3.2332465502623541909 3.623763231946400154
7600 3.2054977728333819975 4.0680141029335903369
7700 3.2603589078564962911 4.4019273180787799049
7800 3.2563270230881129486 4.7956462910075501327
7900 3.2661734996004083698 5.8603975535029997346
8000 3.2909021996972782631 6.2653958581411801632
8100 3.2499696960630202192 5.7260418632044896015
8200 3.1413921634470405309 5.0086156478210499543
8300 3.0194064747915696501 5.0588130983906696159
8400 2.9384693973686708546 5.1324817722748097282
8500 2.8208685129949033765 4.6517936071712799873
8600 2.8030151842421942021 3.9667604058728898053
8700 2.7348979461707765282 3.2947044199686201793
8800 2.7019090133572527535 3.395482003057340048
8900 2.647201117247522717 3.1198461777910599935
9000 2.5612591909589088601 3.7965705126306099615
9100 2.4378374057189815538 4.6072582418437404428
9200 2.5025837109646422718 5.0471060117991202176
9300 2.5430532448659857181 4.6478315164775700907
9400 2.5055096684962849807 3.6409989204354498149
9500 2.4823649347755711858 3.1471009195227099831
9600 2.5360614975896722534 3.7539072742980699182
9700 2.5632793395919173385 3.769045047180480168
9800 2.5659786984373340601 3.9711889499879298171
9900 2.5703537158245377547 4.3327270044992598486
10000 2.6623121575823378571 4.6768540453026501424
10100 2.7562664729678600928 4.7675485885234598626
10200 2.7884873492874553413 4.6045380731813096986
10300 2.7790977251100970058 4.0996607818123198541
10400 2.6936569998198818254 2.7916588910397299728
10500 2.7115911960485639121 1.9461072663867700072
10600 2.719861006540925441 1.052530431501270014
10700 2.675817417907888629 1.4163091021766600619
10800 2.5373606108068162968 1.8082423747410298898
10900 2.4064609217731338653 2.846118154982059778
11000 2.3966481262356600368 3.1724398306136900594
11100 2.436220293267612913 2.379380929185860083
11200 2.3825227153269907809 2.5329660839164200858
11300 2.3628381538661558103 1.8754180356344201108
11400 2.3378446314787462157 2.2594998312151202136
11500 2.2508558051041154258 2.5507067653572499388
11600 2.264815913829481886 4.1554781357260504038
11700 2.3269200236917004787 4.3039936026319702833
11800 2.3945166749977553344 4.1925803391659002273
11900 2.4527732881673878218 4.7694669855770399636
12000 2.5367584570800802979 5.183997806984970147
12100 2.5632969785673798135 5.0325416303377004112
12200 2.552565563681609806 4.6660447462939096397
12300 2.5487608617549257772 4.1599580451397502046
12400 2.5618348731332822865 4.4397356748299499074
12500 2.5544575927250305902 3.7954961158510998054
12600 2.5882688423766366803 3.2541798632201701658
12700 2.6793554740770626488 3.2044377221231199471
12800 2.7373431038256059722 3.8550668191012698038
12900 2.7126517203525177813 4.6690723181448499091
13000 2.7320000908965531572 5.2783982901059003368
13100 2.7604923014564994865 5.4313831422691798423
13200 2.784697644253829818 5.2345543397145197773
13300 2.8699897447764626257 4.7880310070881195728
13400 2.9311026133829742868 3.2539858449300598231
13500 2.9439036659072446156 2.5243951138351001795
13600 2.959400376016628087 3.1155984414995501197
13700 2.9657649596249151536 3.4300182669266998658
13800 2.9542039179759176371 4.0150945520826102353
13900 2.9573223640078807328 4.2736804630049602949
14000 2.9269222175006235354 4.9087475113350897971
14100 2.8724423056704257995 5.4385752046193198694
14200 2.779044863897372597 4.8305822271633998
14300 2.7047574244825409728 3.8362985283987498519
14400 2.7159041728420074691 3.1002632475883000751
14500 2.7721420784608903354 3.7850906856039898685
14600 2.8591186320747401517 3.8297236347036900384
14700 2.9720829012507001821 4.2541299065325501871
14800 3.1419713128243316191 5.1901066522883896326
14900 3.269074386661805498 6.6128148461711804273
15000 3.3693741762077333846 7.6675372316340499879
15100 3.3917403380608659447 9.247735093550680574
15200 3.409531731452824399 10.448662274802000383
15300 3.3945353639098798659 11.554522656554999216
15400 3.3996615379573875693 12.143374593541899742
15500 3.3804334939402380655 11.607724965295700414
15600 3.3538982532352377142 11.324257141257399795
15700 3.3167389213467459719 10.852419216778500299
15800 3.2538628662935988878 9.7787077374993103263
15900 3.2188852047895712971 8.6839141570270701465
16000 3.2482552457254221245 9.0224866063890907242
16100 3.2077144892956330757 8.6720070529557791161
16200 3.2160468731354354688 9.0779513474650705973
16300 3.2359629485721872477 8.834187811656070366
16400 3.2587740804145206575 8.6514355745878095405
16500 3.3020164574196955165 7.8589343759680803103
16600 3.3841312539009789084 8.1347975197361304112
16700 3.4418707269923363157 7.5441439808029100433
16800 3.4618588597784158978 6.0075718227319496734
16900 3.5021857707206263122 4.9202800154286103762
17000 3.5108474372903382132 4.3022539731443201205
17100 3.5064144624070165968 4.3645635512245402055
17200 3.4712197773063691031 5.3558674472685599
17300 3.4541947097845318027 6.4126620382662302688
17400 3.4614840014459296036 6.8777813565750101077
17500 3.4479131698506066961 6.6009182262096102178
17600 3.3821125094679893586 5.8599250523559698323
17700 3.3858341773050040224 5.1407037951365097683
17800 3.3752573247290933445 5.607944919685290408
17900 3.3376360705933492135 6.5935568406529103669
18000 3.3026818948242331331 7.0868547651052997693
18100 3.2452161925178204527 6.6136364046587603482
18200 3.1875248224410843711 6.4576054364831998456
18300 3.1277890901995495376 6.2979310081254595843
18400 3.0217339190249368208 6.1943166940465799186
18500 2.9474716341372468875 6.8803403031999001982
18600 2.8612576254641202134 7.5252030956410997931
18700 2.7944380412532883184 7.8936149636902497306
18800 2.7658802754057645323 7.4031516941872599347
18900 2.7287886059637846969 6.5559193494461203144
19000 2.7762669051023145528 7.3585570565520903585
19100 2.8440005013148734747 7.5441781550684501312
19200 2.8430798209565208978 7.7005974076537500039
19300 2.9425625833584283519 7.6694346886640003547
19400 3.0691912650426806941 7.8349819747002200643
19500 3.23393796557197577 7.4448300374180398364
19600 3.3863783403583376241 7.2513252266764398613
19700 3.5068983999340241908 7.3686877139410702497
19800 3.5545656273867303199 7.2764289700096203006
19900 3.6824932200948947703 7.4418501427285397298
20000 3.7377343847436872437 6.9993558677284095637
20100 3.7733625650817965713 6.2009250171096201854
20200 3.7261754241705720148 6.4274457848215895694
20300 3.6503166488095764031 7.1010337875616498238
20400 3.5801135244319852724 7.2928894497120504425
20500 3.5294706563683759803 7.3592105448117104416
20600 3.4927201396880271922 7.3893043750327800367
20700 3.4533450984684201934 6.3985860945604695615
20800 3.3778630299912082435 5.7926822697685897978
20900 3.338414669190290951 5.4879286132259199604
21000 3.3356472030945387708 5.8552307730462702651
21100 3.4223054341447145532 6.0624536025801702976
21200 3.3990832309031127068 6.5212577062208696432
21300 3.3616648030654823209 6.9007276448671799329
21400 3.4005337183545285562 6.5588849273297498144
21500 3.3734591272054057498 6.2984802936572004128
21600 3.370236163630579096 5.9590885812716001269
21700 3.3441372370913371448 5.8798769921019999884
21800 3.3254837769945511106 6.2350418751442902021
21900 3.2650691990449742796 7.0175860493922304073
22000 3.1995628263213973241 6.548306406142820002
22100 3.1481993989869128114 5.7240783048595602622
22200 3.0635767943930232171 6.3556261975359999994
22300 2.9984571931799903766 6.5629883274707996321
22400 2.947005251833638706 6.3065895037149299895
22500 2.8611734391549874523 6.2280238229975202202
22600 2.8542274659732957964 6.4736299353248201172
22700 2.9108997498038085006 7.2374752017117796044
22800 2.9077905690489496138 7.6950569084113498164
22900 2.8578562048621534153 7.6523379372197704029
23000 2.8837148289270926327 7.1988192480743702362
23100 2.9145490144833563484 6.1960680884529404366
23200 2.9201896308612642628 6.1521142627147495929
23300 2.8320591033829303207 6.2756480290206395622
23400 2.7418841919577783273 6.4188885737778802465
23500 2.6273143833274628101 5.6739257531756104314
23600 2.5759154299971567248 5.231857582427100084
23700 2.5712420678603020718 5.0723874306923697475
23800 2.5858480613643339829 5.2683101860065297828
23900 2.641061077620911135 5.778911801960910033
24000 2.7597445780484020084 4.9194976865848003555
24100 2.7633507187954737816 4.4964393446555703804
24200 2.7864086576246385185 4.5666304285654497619
24300 2.820852237898550996 5.1350594414406698363
24400 2.7987715773373511574 4.7568838149299104145
24500 2.764111684609695363 4.3014582576875897146
24600 2.6364004554483400078 3.5202118041817000993
24700 2.6057812465616971842 2.6501199772428498669
24800 2.5196725389368097581 0.9922297088839270307
24900 2.5349506625203739318 1.6316222642966700107
25000 2.6298233219433382324 1.9203079850972499809
25100 2.7264922061040350876 1.3808005097890398982
25200 2.7735423542619677129 1.234704838026970064
25300 2.7573225898027757808 1.471229118858230045
25400 2.6765899010729965468 1.9000893071960700542
25500 2.6515967484452591663 2.4204900574719800943
25600 2.6653474273409427653 2.4387063167905398409
25700 2.6917203062665060465 2.0606561222279400347
25800 2.641585211732977001 2.251713195481840124
25900 2.5958796943645445765 2.355036731001939998
26000 2.5739669902421260517 2.5631706101958098287
26100 2.5307992771448981628 2.0838435118799201184
26200 2.4359115689939461191 1.4346066074619199249
26300 2.2422904864559285443 1.0841403014622699175
26400 2.157998325074441226 1.9816505208884600542
26500 2.1936124162799646165 3.2416932538778198136
26600 2.2509535339784658703 3.6953562295465398613
26700 2.2687584848581336949 3.6424742700881100887
26800 2.2935289127268454479 3.3199996855022599895
26900 2.3231596713663118514 3.4976947046675501696
27000 2.3406912914919297819 3.9924260212051998487
27100 2.3800849057238271378 4.5951216527970801806
27200 2.3854230081587690648 5.3590777738403803099
27300 2.4592087003238574106 6.2231290336465203694
27400 2.5331000563080556809 6.4942438637692596615
27500 2.6378373762982771922 6.5620076531334197156
27600 2.6690675899060498644 7.4188574067740695739
27700 2.6809161582086917797 7.7880070651659103476
27800 2.6573918049045586187 7.8827109501001402236
27900 2.6729742327728973628 7.907603533436810217
28000 2.7063732617993654372 7.7944477915100902621
28100 2.7392550448074799441 7.6158898259681295784
28200 2.7864357315519354685 7.3140309337521598465
28300 2.8268911424650178255 7.3900468249397199827
28400 2.7807112836804743772 7.4303020041881495672
28500 2.7077657578397795746 7.1140682013894798175
28600 2.6552803699201956711 7.2138989570362497261
28700 2.5919050791300901615 6.5274546918613998159
28800 2.4995105134477109132 4.7714160693311402639
28900 2.449283054002473925 3.5089158111229998838
29000 2.4862834170611138873 3.8267382300745600432
29100 2.5213314456121524998 4.7920619968084796625
29200 2.5571335727338215804 5.3565251654537195947
29300 2.588563889587946143 6.1461136270849197061
29400 2.602912587502326236 5.8984311554259498678
29500 2.6395767708524879858 5.6532139354197203929
29600 2.6331675940589875928 5.3566988152324501726
29700 2.6113713341758018061 5.4591632668989999999
29800 2.6522728985662307188 5.5822162078435599852
29900 2.6462106704684158487 5.7046359600466303164
30000 2.6762340606862391468 5.6387740234844603293
30100 2.7076842757435759523 5.8609129102574000214
30200 2.7491368347267841621 5.7280411557537700418
30300 2.7927695009974824458 5.9363022040050603678
30400 2.8058458166368325237 5.82189188889737963
30500 2.7765454018384323476 5.6262099539088703537
30600 2.7517001013791504427 5.3281694980668499184
30700 2.7273962527891697505 5.5287917777147104204
30800 2.7203034834497130667 5.7307498302584196637
30900 2.6475137524663798771 6.066472425896970222
31000 2.5260437563573248099 5.6027665502308101608
31100 2.3729087119314700161 5.0794602415689800168
31200 2.301079903180736963 5.1469924037985999021
31300 2.1881120217320377819 4.6407006352575299601
31400 2.1068658675123548285 4.7591346331821897664
31500 2.1332352103472813631 5.0290790822750999212
31600 2.2583880845054356001 5.7079586829515100987
31700 2.4090611950144493747 6.3068930546203203491
31800 2.4652238515741888847 6.2202479480790904276
31900 2.4633327691838573514 6.0196986270642200978
32000 2.4134627925892342404 5.5307314506192302161
32100 2.3107597321525052969 4.9909723515219601708
32200 2.300128469655383423 4.4911123796655800788
32300 2.2855519275247995203 4.5984458501780300921
32400 2.2744484097004349366 4.6341637732701199681
32500 2.2363274454258519341 5.0580481966967996144
32600 2.2862883511568838912 5.6967158146025598242
32700 2.3466795867320890956 6.4480192573474797157
32800 2.2750362493225884108 6.0966174945633495597
32900 2.1981655013029564039 5.3505756201132301797
33000 2.2296505218164961448 5.7329787860036498515
33100 2.3397479543963863868 6.3259278836373002974
33200 2.3244265773633419059 6.4921449603830998498
33300 2.299162000204089118 6.2963665567259097244
33400 2.3060479966934464002 6.5851624501683900803
33500 2.3279789567078870149 6.2696681006583903084
33600 2.3410394209821077105 6.0806156679987903857
33700 2.3951496539215213488 6.0596520411555703234
33800 2.466165719156544256 6.0257067207081602689
33900 2.5533270606203868347 6.1862039365741301467
34000 2.6695629721344484864 6.2925271904436304027
34100 2.7625586482747497286 6.2903600033268602942
34200 2.8091880454122395427 7.3258245866866298357
34300 2.8023084688424630961 8.2833707202999491415
34400 2.8132175255135987157 9.0314425968628295749
34500 2.8154523249086795822 9.2302731814765603957
34600 2.8054252230530707379 9.2237397928707807182
34700 2.8198026669776052877 8.589463304163029278
34800 2.798848738287214033 7.4996797011119902265
34900 2.8042062657812341087 7.3324871821171901942
35000 2.8043511632212956286 7.7392093303599596155
35100 2.8259847306192162897 8.6491840900364493905
35200 2.8174498511656485 9.1838207655981900501
35300 2.8980612103390344103 8.8896181158866092176
35400 2.9425335657164577441 9.0576076330379908796
35500 2.9955323799150592734 9.4708753406391501528
35600 3.0554259764788409548 9.3760758950730007655
35700 3.0858683310069414674 9.1573900231478493339
35800 3.0946314845390490156 8.9301530305802891974
35900 3.1723996306899526765 8.8694761562596795557
36000 3.2108174125069850469 8.7673826097735396701
36100 3.1949354170397801234 9.233796202895039329
36200 3.2069330273587026703 10.070783735734400111
36300 3.242954625594398621 11.033805631834200156
36400 3.2594000044936377591 11.276978387789499791
36500 3.2288602736784519642 11.331121928431899804
36600 3.1773299694385790382 10.727673094539399656
36700 3.1416554456290932684 9.82583592373546999
36800 3.0825891886461675995 9.4009424354634791854
36900 3.1084503316819094287 9.9956288387968701414
37000 3.0952083767796874092 10.258357024929500412
37100 3.1078855369853108925 10.072304849947899541
37200 3.0901276372156343264 9.9767148263805900399
37300 3.0389431161410671578 10.195320498493400052
37400 3.0117645905628163128 10.470250021935299856
37500 3.0112296759734538121 10.26311099107859981
37600 2.9559574303653524119 9.9502142519055905012
37700 2.9050644457572851742 9.3675175864090203248
37800 2.8656227734192571965 9.7412839798389203594
37900 2.8069017051387836759 10.440230039312199395
38000 2.7728107815585927298 10.457954373014599625
38100 2.7564177350280010259 10.127856365654999138
38200 2.7548036366989925305 9.8942941998900302281
38300 2.7955480300030979279 10.136842942360699382
38400 2.8144765265221201034 10.55694057569670008
38500 2.84340847799188845 10.386397160331300782
38600 2.8425868074565299182 9.9438803139166207501
38700 2.8013385750613242209 9.649322917232860064
38800 2.7253879908108280539 8.9604739318299504447
38900 2.6430980875861185275 8.0571246186024794156
39000 2.6358044104591136225 7.3741043490409596828
39100 2.6490544993050169076 7.8752432076833303043
39200 2.6972340788828805813 8.6670955401899405501
39300 2.6519409433044174307 8.5520505555339791925
39400 2.6371517564903461661 8.3800263585073100359
39500 2.5773908101711313634 7.9997733206772299042
39600 2.5551393026819964049 8.2069268724153001671
39700 2.5903932280288817225 7.5616863360649002601
39800 2.5728978706081266914 6.6825700239719898477
39900 2.6367511936005829654 6.6579434208720096322
40000 2.7233264815994822072 6.6535053296056698713
40100 2.7130864715803619802 6.660051506373179997
40200 2.7030446365582210255 6.2768315547510402652
40300 2.7079681725482016574 5.3896174608605100786
40400 2.6889520400541107037 4.5792461552246201961
40500 2.6916036476137770173 4.5679071076518198424
40600 2.6351638132835555339 4.751225508126579733
40700 2.5939909285459399335 5.9603412275530596176
40800 2.4965085836657743279 6.6087216453596102639
40900 2.3839065397789096501 7.0242012326315901305
41000 2.2948327563669859153 6.8406764186691999541
41100 2.3110133118339626357 6.7221790705734800753
41200 2.352478755174851166 6.3605565646022101944
41300 2.3740606548414420196 6.1365407726038698755
41400 2.442879047637692036 6.2247877537167504158
41500 2.4831324356801256492 6.0112650328265502253
41600 2.4920079413251312594 5.599586873257970332
41700 2.5270870788888317726 6.3915435002180203128
41800 2.5490533237138786049 6.5185571132882298429
41900 2.6048434107103481949 6.511499274460829767
42000 2.6433471588285479825 6.3752707404309099104
42100 2.5925015509067748098 5.9912428700523596703
42200 2.5003298449225179745 5.0491013974089700156
42300 2.4581426355459257138 4.5037585734077403288
42400 2.4278842345981046513 4.0439313801665299763
42500 2.4134099820727685781 3.4845887799135399909
42600 2.2800495911461036158 3.1998452672990498336
42700 2.2539909579446386623 3.8091485916534799649
42800 2.2784549275255958634 3.5574978745424798987
42900 2.299932028857999633 2.9504594414981699657
43000 2.2951305244428059638 2.2681176395113697986
43100 2.2308557832350559558 2.9801066279887500343
43200 2.2477562343973649384 3.0114480415710898065
43300 2.2518780256463788447 2.5816148368190701134
43400 2.1902521875463563106 2.8917619953385300668
43500 2.1435372627724516015 2.2905277824792098507
43600 2.1677338986950687172 2.4154470760896300519
43700 2.1985465714983365437 2.3768075947518498836
43800 2.2340250351628490044 2.5961573221736999884
43900 2.2015690892179775595 2.4443726570177499724
44000 2.2890512092963519741 2.8270252658721202188
44100 2.3473116568270628868 4.1733985147846404118
44200 2.3938535162774479126 4.8678310009201704034
44300 2.3815841779371775822 5.3510291270904799532
44400 2.3413099458747854698 6.2765258671584902572
44500 2.3190890555294521036 6.2388237206499503884
44600 2.2946862749987650965 6.122618147003289657
44700 2.3426240914918232683 6.4055731430751503552
44800 2.4252727384701486812 5.8218360865857698982
44900 2.5119355114272994278 5.4249853966334296018
45000 2.5143598634098514033 5.5216420692833496631
45100 2.5985463101570904776 5.9760837062376603868
45200 2.5937552520676638856 6.1848524021834396791
45300 2.6122133824040307815 6.1006520903590404359
45400 2.6784287950981826576 6.0439357669729698586
45500 2.7411727495957456391 6.1204083221653098335
45600 2.7186359559412949238 6.0998530513310100787
45700 2.6967871006651451538 6.1849236367347399934
45800 2.7202518277498590749 5.9235921166040501618
45900 2.6972726402940483403 5.5291505990654297165
46000 2.6927590893921573567 4.9783573783228201037
46100 2.6629832750797612917 4.2555888574443097028
46200 2.691191261571125537 4.3918543037657595818
46300 2.7898791547988337491 4.2569556910883799006
46400 2.8182871417984109996 4.9326285510731997519
46500 2.8139827100869019283 4.4592543728188100971
46600 2.8128491947541269802 4.146986682784439715
46700 2.7734997329035664393 3.5940705159167101179
46800 2.7949171578492788548 3.7376960039368301025
46900 2.8139396969819649996 4.2659861264432299421
47000 2.7868332079561888293 4.4163158940230902161
47100 2.725629941733873185 4.5014221953750102045
47200 2.606079978716790535 4.9118075528279998565
47300 2.6385692750228817438 5.2795237963411496551
47400 2.6567451545918210343 5.3833321001544298667
47500 2.673698144094466933 5.5429139022446101137
47600 2.6252346556131840316 5.8114548914771297916
47700 2.5722119859237739803 6.2857833134187899304
47800 2.6582022162043861258 6.7142655300059503887
47900 2.7466294359434244576 6.688851856642710203
48000 2.7878062633088185329 6.4197504019757296589
48100 2.811867760896775259 6.5696772782120396172
48200 2.8536713146858829759 6.589601851950869893
48300 2.9460330758004205087 6.1634505114943101134
48400 3.0474038371476659393 5.8672850289427902482
48500 3.0762037536461819265 7.1540643543197202092
48600 3.1311958613663612994 8.0497576487187796346
48700 3.1554815710152555042 7.8436390059064295954
48800 3.2342227433610353238 8.2385530594676303906
48900 3.2537913992972620214 8.3893993436856106882
49000 3.2762192609644293917 8.6421609381372697101
49100 3.3127052128128249286 8.4512236774120506055
49200 3.3722772603192061602 8.2179159304796396412
49300 3.4334323517575144891 7.958183872433700401
49400 3.4735153268719627384 8.1623402880676891868
49500 3.5260847801250583267 8.3948797921126097066
49600 3.5570899608192547703 8.5579808372591603671
49700 3.5972273482875740669 7.8438096674559600885
49800 3.6104387085250060352 7.2826233077643900415
49900 3.7038623674809736386 7.7733753997572998529
50000 3.7981310621097144065 8.3026328255955501589
50100 3.9494251705153162746 8.7379258316096102277
50200 4.0478743776668606458 9.2087878429589302698
50300 4.140369215819763582 10.22045895746339994
50400 4.2101085259887929269 10.984495686395799652
50500 4.2445132196723909246 10.421954200943300606
50600 4.2971449212798296102 9.1727131416420704113
50700 4.3561149533042335946 8.1820150405889506828
50800 4.4105630826821480284 8.1741909849709397662
50900 4.4582554624756429718 9.206088702497270404
51000 4.4863570386733115924 10.028753563678300509
51100 4.4903388344017294287 10.111823477158500495
51200 4.5019403966115518756 10.273950652203199141
51300 4.4777049981442846871 11.409151160056099528
51400 4.460156815917249773 11.391719223194400001
51500 4.4495042170077185872 11.747614721949499739
51600 4.3980621218985378462 11.3578969758910997
51700 4.400696530128713313 10.915974034559599914
51800 4.3866285538900191554 11.049826001121600072
51900 4.3504144493657106452 10.763086385670000311
52000 4.3038290117097686149 10.2958529498556004
52100 4.2166649943673162326 10.132970839919799744
52200 4.1078883957999527965 10.091102037920800072
52300 4.0162583041665467221 10.305738059929799633
52400 3.8910316386728656113 10.057023546152999316
52500 3.7964395976680491707 9.7877259383962993411
52600 3.7073172264687501709 8.7351354472048505784
52700 3.642097813376840687 8.5351502773724092776
52800 3.5524705271528129735 7.7117243484999900005
52900 3.4673932636934989837 6.7263687512645802258
53000 3.3976717383177423848 5.6996691684615798934
53100 3.300912620876471415 5.9252614649377699507
53200 3.2008158683669019062 6.5252642199557202574
53300 3.1038564657875000741 7.6911823096661002808
53400 2.9975474399347548093 7.6571640638749203234
53500 2.892425837719078352 8.1871100837637396097
53600 2.8744696446711195392 8.3946331744360893623
53700 2.7892805547134478239 8.3478581021449294042
53800 2.7449080166221424548 7.8802154236496200213
53900 2.7474904975918290617 7.6316696093783100707
54000 2.7210839366313068766 7.5868281881958097301
54100 2.7255286340919946397 7.7200024852431701206
54200 2.6863862904863582415 7.2187983256249399489
54300 2.6472205344499299962 6.2896763598438196752
54400 2.6032675270579908045 5.6134820526117499284
54500 2.5359840839499723231 5.3919900372228504182
54600 2.4306873419868333386 5.0385891439850896134
54700 2.3993098125800225162 4.4991970695207799125
54800 2.3815684771063643232 4.5284985347053900995
54900 2.345623504537272197 4.4092644089229597881
55000 2.3617241830688437965 4.1327344659745204325
55100 2.4208888814131648282 4.201185727100440026
55200 2.3829514343427145029 4.4676551518060501067
55300 2.3215420533081112531 4.3018106624562504336
55400 2.3565942711447771529 4.5514668685730104158
55500 2.3831013415311761428 4.4117426417687397588
55600 2.3778957298680225563 3.9017251773248999847
55700 2.3078054368565572574 3.9289976042526899569
55800 2.2414536174455088613 3.7606070870859200639
55900 2.2697530052686363256 4.5170187126410201728
56000 2.300241960151501619 5.0875582192751700461
56100 2.3531831545968420194 5.0152029850331096839
56200 2.3460867148303026219 5.7337915107921499924
56300 2.3557270839021104969 5.7306190292326704139
56400 2.3774988132050438594 6.0435280655604302069
56500 2.3343147504726924346 5.9967213520486097877
56600 2.353598605863405524 6.9484462968509799197
56700 2.3425901409064797676 6.7669369814358502069
56800 2.3130154590162197437 5.5239849880650000458
56900 2.2891881795288604451 4.6744856398253702423
57000 2.1821776980538074575 4.78446223899808043
57100 2.2206955797235026218 5.0154756549011896283
57200 2.28406293954246431 4.7371598675099999554
57300 2.3962216527204609484 4.3462441298690102087
57400 2.5441568780425076746 4.1765563477756302291
57500 2.5945281361392904529 4.9178246075767297896
57600 2.6096562537529770509 5.7312413209612698139
57700 2.5988001271128444714 6.5254053430039595796
57800 2.6763454269037314504 7.5600081622433101813
57900 2.7710118066248594637 8.1038949879312607294
58000 2.7442474016119788871 7.8752349309491798124
58100 2.7420191620660245846 6.9676024926864199571
58200 2.7789212980188784385 5.830054554622569718
58300 2.7723390081150940389 5.3769573079549601857
58400 2.6922494629031223923 5.1414102382932895807
58500 2.6476282642068666995 5.4051125697656798863
58600 2.6664574673224326062 5.948749154935869754
58700 2.615209315109731758 6.9622084281188501009
58800 2.5779165520206963613 7.0374569506196698043
58900 2.6658839879525846328 7.1059169695672599332
59000 2.7983736020719338633 7.8064325618463596967
59100 2.8787650479078599197 8.2084418013570008554
59200 2.9689611913730251658 8.422852606130980746
59300 2.9802285237473666868 8.5132744487731493166
59400 2.9826161225689884482 8.4909143208235100531
59500 2.9170809460672075808 8.6445076343592592849
59600 2.8667869967222650018 8.3961218452095991438
59700 2.8059448250050551543 7.9169619570576097445
59800 2.753817645994619312 7.469825096402639808
59900 2.6641236504479617331 7.036081500242840292
60000 2.56869808178786041 6.5531847043076103532
60100 2.540354166179895401 6.6691118769158297397
60200 2.467205606859486533 6.1977439816192099187
60300 2.3720930402752928856 5.4839938768062497232
60400 2.4168025557309529283 5.4118861206652599805
60500 2.4961982616361835241 5.0876584664024298021
60600 2.5706857331880641482 5.9018784165447799595
60700 2.6331005750620182226 6.7210665478310502863
60800 2.6951674074436753337 7.3907402765395602273
60900 2.7343317419566344206 7.3416859006826298284
61000 2.7738454066513238416 7.5074329997563795658
61100 2.7718215480829102582 7.0789406049151697431
61200 2.7133261905453904816 6.9741967095283499134
61300 2.6751637236503968964 7.3716959894247002794
61400 2.6843645826142346067 8.7424093566433906943
61500 2.7095464718172008745 9.4183368347424707423
61600 2.7282389606960149031 9.4467419450615803811
61700 2.7088884736673164433 9.6848454462984800983
61800 2.713831374050586831 9.6426698568792996724
61900 2.5839737626109102742 9.0662655655187993631
62000 2.4271123588076375377 7.6420380861049101995
62100 2.3105105803829308897 6.310445389834230312
62200 2.1106066346660079525 6.1320999276670296041
62300 2.024207806010240418 5.139996381126810121
62400 2.0838223237771074103 3.8677159458073400167
62500 2.1489040767916676167 4.0287310816963302074
62600 2.1751392211190703208 4.4248713159741601686
62700 2.2041623845698117279 4.3138456865460996781
62800 2.1011553263920292878 4.0438373910119898014
62900 2.1330864354908887215 3.4331975346645400293
63000 2.190631852628762033 2.1930015241908198398
63100 2.1822614136448343913 2.3860948338188001649
63200 2.2240902947911291854 2.7190097938159101254
63300 2.2743169380978169869 3.3863084161030401198
63400 2.2645243695591217303 3.4592762799213798708
63500 2.2325701939726609879 3.758171941437959962
63600 2.289032081192747814 5.1107871372739896998
63700 2.3177215038575562644 6.528886613140530315
63800 2.3012349212047773506 6.7128233420454899161
63900 2.2879293917419465387 6.8603962353293503895
64000 2.252915957282893622 6.7972337169988401584
64100 2.2242835485943115437 6.1476921907124095767
64200 2.2407558887759910782 5.9892635599367398669
64300 2.2429070560206341156 6.8014466105663498041
64400 2.2325674880077372997 6.7956503210269199045
64500 2.2987291444812760766 6.5482536677876304054
64600 2.3742827953510219352 7.8434736766931001384
64700 2.4179652147696106823 7.7722776717471502295
64800 2.5366411544542915024 7.232081357893640039
64900 2.662202236542853484 6.3532520024559202554
65000 2.7417214497730757472 5.6656325862536700555
65100 2.7661841608588333408 4.9791492620748902809
65200 2.8287453519778438249 4.5622171694439197509
65300 2.9409430239697402776 4.9186375489302003317
65400 3.0714674777840262898 5.2780359838770998238
65500 3.13041848024971614 6.0105972290128404367
65600 3.1810335681608590264 6.2994215952438299411
65700 3.2382953071741860107 6.439646316737549725
65800 3.2664270317339649807 6.4771588613061599204
65900 3.2823512528075662331 7.1042651013090702961
66000 3.2982096398281774974 7.4979978660514898792
66100 3.2789376632464857231 7.7478871375238300701
66200 3.208179052751818805 8.3846579975810797691
66300 3.1500152382420347763 8.2625323446877203537
66400 3.0912250506359550961 8.3096108477644197166
66500 3.0359577757569442547 8.3126543168370901071
66600 2.9865789016062795902 8.3009065932343002459
66700 2.9661190749872559103 8.4068522687117095415
66800 3.0118394810409894191 8.1187892076782492978
66900 3.0668160683083458551 7.9921716147653398821
67000 3.103710535426078998 7.9100627381233801216
67100 3.0420897960428336937 7.6377495901327803196
67200 3.0419282125341897682 6.9266952460900403921
67300 3.0849803585500223946 7.0499252254053796918
67400 3.1200722525726320988 7.0037473299960497641
67500 3.1401206209698266925 7.1136080580686895658
67600 3.1875191254238370853 6.7748201227939297553
67700 3.2313721794528440512 5.9666401000710900249
67800 3.2147169948279725737 5.6255527967481002705
67900 3.1240005236186010329 5.9376577087629103247
68000 3.0452987623815155338 6.7338867926154302168
68100 3.0324744143606845448 7.1365547255167802732
68200 3.0206044336485655677 7.0540157559686500477
68300 2.9595315415493939071 6.8820865282326195711
68400 2.8647302257617810461 7.2366028908571395917
68500 2.8380723413467006111 7.4500301253968403969
68600 2.827534868310330296 7.4763435927498695932
68700 2.8303852870152192978 7.3052649170557799607
68800 2.7803976941995829364 7.0403203727678498325
68900 2.7555116304463491694 7.1821494919901196496
69000 2.6898203193587453264 6.7110820763973499936
69100 2.5998191637793031106 5.6641242372235796054
69200 2.5967427270079994628 5.5367195914178202187
69300 2.5840391313233177506 5.5607884788216601635
69400 2.4670790542008065316 4.6104590310512199025
69500 2.3853974873127814504 4.2648611954911901378
69600 2.3958071642320568628 4.3850333959429503849
69700 2.4127805946408873439 4.4315341453549699224
69800 2.4365573639701678665 4.2099810557701102809
69900 2.4619789694124114554 4.4708536436529602298
70000 2.4638301814259797595 4.5721100594058396993
70100 2.4450486531239405963 4.7354588422013996762
70200 2.4071983185677994221 3.8364954470745300519
70300 2.3623081159721386335 3.0281362236670799071
70400 2.3489768584287293862 2.4759205314903600659
70500 2.3683533902878135535 2.4807940567030799528
70600 2.3630521634617140947 3.0096658713574901967
70700 2.422189490763480002 3.6458931561943499489
70800 2.4280294002589597468 4.0298758707715203187
70900 2.3319725324050040172 4.4988255079838896933
71000 2.3317677732015331671 4.2839755008808202419
71100 2.4588182888705589768 3.8296002997677400792
71200 2.52427635997600186 3.2400725180053999708
71300 2.5882317190270778262 3.3813870758169000119
71400 2.5344557250766883705 3.9873924895267101043
71500 2.5492748078817712987 4.2501269001867401087
71600 2.6775421434064412551 4.4413517148232504184
71700 2.7087517841250394746 3.7145837044836800267
71800 2.6309986056408058985 3.009509088441340019
71900 2.6090833073883485937 3.1474283057215299841
72000 2.5988307021951002618 3.2993543434840200135
72100 2.6021117153551442946 3.4084899332265701233
72200 2.6117873652949041841 2.9647729502118598255
72300 2.5577203712375329303 2.3202874762056597824
72400 2.5276022617371074475 2.6205805543405999991
72500 2.5364095136533282293 2.77345574885310997
72600 2.6069452712174929765 2.9988252123358698498
72700 2.6381625658183023297 3.2086902468607099159
72800 2.6061350617728735735 3.1639119465642799867
72900 2.6194257960049824874 2.6082594880365799206
73000 2.6123862522838114941 1.4495928102944199978
73100 2.5891712396242301253 1.3430260011562500377
73200 2.5724419919898044995 1.9660275395385400365
73300 2.5074095298090184336 2.1346631540017098061
73400 2.5254204295347708609 2.0809945598433299274
73500 2.5435898777419589933 2.1031803349884801158
73600 2.5383473313355304768 3.2773280867482101897
73700 2.5509085131637130317 3.874734699118400183
73800 2.5317806844424759483 4.4378854898130901674
73900 2.5550328300394817838 4.9678650830203396893
74000 2.5315981297278296047 5.1358271487625000162
74100 2.4463035751213029201 4.7558896023309600309
74200 2.3876562671314145447 4.5055176178570501833
74300 2.3278585657910779716 4.3827679993742298947
74400 2.2794224854096354349 4.5878894506363403494
74500 2.2825373354087656885 5.2755430435190096006
74600 2.2791905887208963044 4.5958533170342397156
74700 2.2389079333516503922 4.3882520789865502309
74800 2.2827717049750386735 4.746904751106620246
74900 2.3274790489297472185 5.1045650121481997985
75000 2.3614387458539956022 5.8367449077782902478
75100 2.4344562507128331141 6.2970468685850899959
75200 2.5445295833845378297 6.240948001834079939
75300 2.5905146031632702019 5.6491843931006702206
75400 2.632969992621467803 5.0244551801195296292
75500 2.6504853348971626481 5.2026670701636401617
75600 2.6780465261129529075 5.8889671399179999156
75700 2.6486753018334532328 6.4913701276870900969
75800 2.5986864891762020413 6.0860746319229797052
75900 2.5153924226368062911 5.9416323404471000913
76000 2.4720876248055736468 5.9375963792725796608
76100 2.4550078220400775031 6.0080291829252203684
76200 2.400258498863080181 6.0706746423518396227
76300 2.3475619318859521911 5.9130102596242197777
76400 2.262301503082742915 5.1982141491839000125
76500 2.2382923153999372268 4.7293866070946597446
76600 2.2504594551086021248 4.6828470811559403941
76700 2.2231840125862745161 4.7098892519958797109
76800 2.2249120922508383025 4.5964323732801899425
76900 2.1426418419311099584 3.8482874032334000169
77000 2.0447247382338162858 3.5220454815309798491
77100 2.1446416250269950687 3.2663486058094401976
77200 2.1765882507622476005 3.2834177942948099549
77300 2.203856981305928997 3.0798626039430399004
77400 2.2765306054298091176 3.5448247664886500807
77500 2.2553515837076241191 4.4160467641465803723
77600 2.2797949457331601053 4.8382328918043704391
77700 2.2291909377223197986 4.6385119719157801299
77800 2.1265218649112016536 4.217828484632289765
77900 2.1645258570205894166 3.4776971413399500044
78000 2.1322779065969763579 3.2292013842082800679
78100 2.2235391302952516313 5.1945933801485999481
78200 2.3537028621476787649 5.4419248038734302497
78300 2.4025503916399428839 5.6793133412150700323
78400 2.3784975066183449144 5.834995856602479769
78500 2.4524829330686923612 5.9605551477310001474
78600 2.5199617734856034623 6.4219468519702100906
78700 2.5435798452704285744 6.0385001579478503331
78800 2.5674173968259927925 6.1187101789848004074
78900 2.5736659856989714257 5.9704041826795597458
79000 2.594975340673653541 5.4316002509870200399
79100 2.5852042098006893234 5.3348253462021704152
79200 2.5599619502122288317 4.8586466407509796284
79300 2.5285948039066878934 4.6274237809671001642
79400 2.5137727972561605405 4.8051668384743804197
79500 2.4826339612724446226 4.9191537951846395771
79600 2.4790136901562749294 5.6204528705135796685
79700 2.4672380510918081598 5.7423882274242803447
79800 2.4749697464570692418 6.3434761198172804342
79900 2.4145789512799358256 6.7794762231847096601
80000 2.3860058055867661153 6.5249211983952797311
80100 2.3950137469233214738 6.6284566107933198253
80200 2.3654521155793899467 6.1407132534956403447
80300 2.3903545056334265517 6.1547396888861003461
80400 2.3874374129536750644 5.9656933067307802432
80500 2.427142532832293309 5.2667105089068098067
80600 2.467942217073928024 4.5282405967065297858
80700 2.4965788830550761368 5.0673242905587896345
80800 2.5525200640984904155 5.7321798136306902904
80900 2.5459917294902401075 5.7027780898511304386
81000 2.5437093986094376774 5.3898559562698702408
81100 2.5590660046721183107 5.2812186953445703352
81200 2.5582623103225303751 5.691097951780999864
81300 2.5646664958857563477 6.4520318768940603249
81400 2.5855185126812902929 6.4598548900078602841
81500 2.4758855256621825625 6.6286421131520603112
81600 2.4080293809821124995 6.3412254203725897383
81700 2.3940988146182662355 6.1267750875095501328
81800 2.3650419109615357094 5.5034871717495601473
81900 2.2352430291868903289 4.4503574341381897383
82000 2.0997727822639800088 4.3001086724979202813
82100 2.2112423646096948104 4.3870367919826600556
82200 2.3425008389289736499 4.9464481856467701348
82300 2.3599001837465136688 5.1155408694321398144
82400 2.2527396947240054814 5.0634083251673303039
82500 2.1468293513773151204 5.2856367258035303891
82600 2.1908117403957318992 4.7739160591189095939
82700 2.1647302544375586209 4.2914809874867101414
82800 2.1056715193102379935 4.0109785700463600477
82900 1.9865103098986782726 4.0324781195396903755
83000 1.9867867338925095932 3.7483849725253302054
83100 2.0452847490499679317 3.2431105250958798258
83200 2.107876465148571743 2.8104997710988999238
83300 2.1338833095519182947 2.431421439467759793
83400 2.2679888283847913222 2.5873038236294201297
83500 2.3597148402091621122 4.2648638582638502825
83600 2.3016325528677201717 5.0964777923677804239
83700 2.2336375374204671118 5.4467896440494296684
83800 2.2031149754621077719 5.4357174784031698778
83900 2.220963647662895557 4.8817029118946102528
84000 2.3034163408963443942 3.8420449266520400045
84100 2.3675256439162275512 3.6900317707680900803
84200 2.410792698175922677 4.3247863714156498105
84300 2.4743890958731671326 4.9107630416205703128
84400 2.4646569316710569275 6.2059750662440995583
84500 2.3682843218346416592 6.4393681818559098673
84600 2.3302894015397241922 5.9924072927535503297
84700 2.3725328944239709728 5.1284312705390702192
84800 2.3878374194077740533 4.5109885313013302621
84900 2.3740047344648163019 3.7233769917099599489
85000 2.2658405612445613464 2.8281986994948100644
85100 2.0880683631619243457 3.1484550550723500173
85200 2.0395690153312950876 2.4367615274122500502
85300 2.0839878362395150013 2.7322225659572900724
85400 2.1494101937710157202 2.5542676100564500885
85500 2.2220622492742028165 2.6752610484345500375
85600 2.2139343185810629322 2.1637931835493500188
85700 2.2923575101374109586 1.2130861924945199881
85800 2.3482387175903207677 1.4281548444742899751
85900 2.3648525085196054896 1.7570180032363000855
86000 2.3506988449518999573 1.8778419609024799009
86100 2.3310255991720492119 1.6870285185827300634
86200 2.2470819556153673879 1.6969587853712100323
86300 2.1771800658791105043 2.0808040966202301369
86400 2.2061551294104195797 2.5455794895738899086
86500 2.2610388810079884436 2.9884594000227999722
86600 2.3324579836840428904 3.7801930648804198398
86700 2.346097359090317358 4.1192235628124400648
86800 2.2543696286019709873 3.6919603070998401328
86900 2.2367930215207256772 3.9480461075400898885
87000 2.3152761888160120485 3.9744014609490601053
87100 2.2598086378987578549 4.004679770437319597
87200 2.2258466096465681083 3.3977742613233399283
87300 2.2509133936260048436 3.5652955799719001639
87400 2.3120072438687579996 4.5345962657136196228
87500 2.3419573593957920821 5.8713111736439502764
87600 2.4536155820350544765 5.3440964005347195709
87700 2.5093556535346888126 5.586517598755859737
87800 2.5594209993748120446 6.0871027845204297435
87900 2.6370350296805282753 6.8292556480580799416
88000 2.704138647115630345 7.9728237084725197548
88100 2.7465654060272304271 9.4303024198733993444
88200 2.8599229586077505871 9.5501087241167095243
88300 2.9957369380980694018 9.7577463257292205157
88400 3.0544551589512773937 9.7862071865183697383
88500 3.0941682542317194837 9.6084604729904494747
88600 3.0585431260026361144 8.9892224901606407883
88700 2.9844743676189433579 8.173651453387680732
88800 2.9620372478348087064 7.8473801022228597546
88900 2.8863550435104419201 8.052603408268959484
89000 2.838691694874786009 8.1619212426694502938
89100 2.8240395353360114861 8.5846624382103495776
89200 2.8463305752088663425 8.2885539195201598517
89300 2.8657732142226124417 7.8636459674144898457
89400 2.8611600917056425608 7.595418271093049789
89500 2.8996252299516513951 7.4529534072504297626
89600 2.9056968381217931352 7.9720953918421102458
89700 2.9150305625154544487 8.3290119376705202825
89800 2.9761217294688706581 9.2328260016681795719
89900 2.9948803649307831343 9.3411890583453800474
90000 3.0305523462391765754 8.8978723221652895603
90100 3.0651475463166462099 9.7292387130570592291
90200 3.060028046019949155 10.326823380253200568
90300 3.0932915797990694351 9.9337982827782802531
90400 3.1055959862237734193 10.813276440656100164
90500 3.0975673424472298656 10.612641726389899333
90600 3.0854750154474532842 10.713290659419300255
90700 2.981144818935619778 9.7239040795931206418
90800 2.8302683049915118296 8.9456015469373504345
90900 2.6922469594367837153 8.1339942655068391275
91000 2.6404404372503753606 7.2727910215210700429
91100 2.5724397620209900062 6.2420526650181402673
91200 2.5239992997592652912 5.461680539137839574
91300 2.4372652543730688457 5.1320673202633804166
91400 2.4036694310642530148 4.7288653493644403625
91500 2.3174383146811838863 3.6864033811684899788
91600 2.2779444375926423128 2.9821347614893598532
91700 2.272029732582503847 2.929014609971739791
91800 2.278558203092456047 3.8181340674893200493
91900 2.2390058447420413401 3.5971829533377901456
92000 2.2403818515435900416 3.6302151401601099323
92100 2.326615655964110907 3.8674973283214502118
92200 2.3746103523659827239 3.705145656040190083
92300 2.4155999914257915151 4.5048804736937295701
92400 2.4710236574222537165 5.2327967425820096636
92500 2.44718843211331194 5.3410041345776901878
92600 2.4863434399770181216 5.8581759201577900953
92700 2.5751353610204352762 5.970967123348369654
92800 2.6525405822559409152 6.2648767344947202673
92900 2.6981566145514523924 6.7819457131427096641
93000 2.7029739015367848509 7.3183532917232199111
93100 2.7123909905624103978 7.5988424724327003901
93200 2.7674307249866036962 7.6187543135885702483
93300 2.8339979981807399412 8.386330868305419628
93400 2.8351378607376966912 9.2943261899982392293
93500 2.8511972028497090115 10.069191805520599559
93600 2.8011418851703622224 10.317091096292999808
93700 2.761665973519021211 9.6453436281804094676
93800 2.6607323630373400647 9.1348960528097702394
93900 2.5924234101551459908 8.8935808685097708093
94000 2.5297134612162941458 8.9028590620151799584
94100 2.574589835299414986 9.2720794372653791982
94200 2.6278066551116969762 8.9402233718749695157
94300 2.6605778217972946287 8.3684191804258496461
94400 2.6042644252560185336 8.2204490935575691424
94500 2.5495940112969872615 7.869548762083789839
94600 2.4280813210790439527 7.0167008017778602635
94700 2.3430868247127984993 5.5651212086560901682
94800 2.2856604214869089553 5.0605640127329198918
94900 2.2401144734003901604 4.8734168236669104246
95000 2.1433714271202002344 4.8524100218682297836
95100 2.166376589168035327 4.7686495660463403823
95200 2.1878523175753299412 4.480673520125430187
95300 2.2584552239239892302 4.4600134807521802927
95400 2.3325381553512660737 4.9007028135459096418
95500 2.4784863071211735708 4.882707095518640017
95600 2.5515470742739467802 4.8068403414001501517
95700 2.5151022319216154166 4.7393777919993995695
95800 2.5805405584356373438 4.9556614584704004045
95900 2.6912188559557295164 5.0816702230898300741
96000 2.8179201853536963718 5.2066453248965895995
96100 2.8392347513723623642 5.4534795105051196984
96200 2.8036794212629554401 5.4622901926065603462
96300 2.7343143135101577457 5.3785382513909896218
96400 2.6746204149633769909 5.4888401116572502758
96500 2.6841489014042481109 5.8587773952263697552
96600 2.7083175614414609633 6.0613727788159001975
96700 2.6547891789270039453 5.8320361449824096312
96800 2.6572994860129073302 5.298623107367959939
96900 2.6939863680615090402 4.7367477680446503641
97000 2.6805805500979129619 4.3595697475947501331
97100 2.6434375556156921583 4.2172314205735501602
97200 2.5796212841630721258 3.7925728349417497931
97300 2.5686590813762024688 3.7833992562567297924
97400 2.4487085948547200331 4.4993313213750196766
97500 2.4272147353788233737 4.7262743271012404023
97600 2.3741907578706529236 4.8174760261071396528
97700 2.3706090329616200663 5.3438570152109603484
97800 2.2619985336290007183 5.1154766775887603458
97900 2.1469352167041888535 5.0127258128070604215
98000 2.1095522441410188286 4.7508595402177196121
98100 2.1715153027539124686 5.7745794391154303682
98200 2.1747940623442794106 5.0039470935517202932
98300 2.1765276379915601268 4.9239674064108900353
98400 2.2127036978764591524 5.2733275549127602844
98500 2.2814936254573954244 6.2292552709473296702
98600 2.3106289981764378538 6.6411127778169500857
98700 2.3315490819901145692 6.1740872647990698852
98800 2.3564361940134777029 5.8206200852964302683
98900 2.3878413600231294112 5.6865081483914599048
99000 2.4189261461672564302 6.7711300929705098284
99100 2.4068545782905692576 7.4383351276664102514
99200 2.4442897258901883362 7.8249818599859102264
99300 2.4536779186424291233 7.6451185665277998638
99400 2.455620914798941179 7.5538638662195998208
99500 2.4638517213176482912 8.0414793032419495944
99600 2.4362387140371168925 7.5976046215961501318
99700 2.3870212039132665538 5.5663024767292101913
99800 2.3129592522732855819 4.8470076673423498903
99900 2.327160182251365228 4.8107768208329000359
100000 2.3153555826322427258 5.219010773990730101
