Step Rg Re
0 14.391429451868193112 48.87611596900219979
100 14.382505504493972026 48.615641288699002587
200 14.215242443375256443 47.235770003916201176
300 13.913158400139243653 45.876062557568602074
400 13.502444193042059339 44.07164878840119826
500 13.002743328695617109 42.116031491717698998
600 12.450440931381491438 39.976667062463199898
700 11.870040152138104261 37.350236910472503382
800 11.268286646577596599 35.207155509462097598
900 10.638240963912119597 32.705445345286499048
1000 9.987090170145901169 29.912167279586501678
1100 9.3177411126208831149 27.422990749325098392
1200 8.6269704472559389785 24.772182165039900781
1300 7.9372450327376116164 22.15568446922110013
1400 7.2461288920391337953 20.305951926245299433
1500 6.5591733699026280036 18.599545747505299431
1600 5.8753034970175042062 16.710907655894398971
1700 5.2333297349622247552 14.784782091874999921
1800 4.5958425711338879438 12.462985480852200482
1900 4.0056407689641382319 10.625687258960200055
2000 3.4971171614556944007 8.0509394095905104649
2100 3.01849781098519232 6.0784927850670298355
2200 2.5363552036275409662 4.0851874119983300204
2300 2.1043355653132662653 2.189460290889610139
2400 1.9932176255011815336 2.900274618612929789
2500 2.1290207635250615326 4.1940302276747001287
2600 2.2366363364803611979 4.756765984619380383
2700 2.3221799013626411856 5.3366874334723899409
2800 2.4263353036900490167 5.9455426652046696745
2900 2.476476295538811101 5.1726413745802704014
3000 2.4831555472335162804 4.5425426575077398894
3100 2.4516163158200714456 4.109999000267380076
3200 2.3916214815702625529 3.4855515240098697838
3300 2.379635031700701564 3.1752821733712299768
3400 2.3998993170581104373 2.7001925580619201561
3500 2.4292118598912590954 2.4761228067749598836
3600 2.4398477076736213576 2.3836604726437098378
3700 2.400168792048215316 2.0812735861882698529
3800 2.4948158206188892905 2.3060104394949001438
3900 2.4917160823251514046 2.8027825379386102078
4000 2.4259187245182545212 2.7519271299948799836
4100 2.3876226037118839507 3.7690178538572300937
4200 2.3179157962197467491 3.9370091350828397836
4300 2.339291650143841661 2.8971439528698201826
4400 2.3399533406719350559 3.2360544254918499618
4500 2.303109918301274206 4.6516787377611397147
4600 2.2873434797855245471 5.0451140918438399652
4700 2.1837648378810690097 5.072792405419259687
4800 2.2436228757672900258 5.2403194480450503434
4900 2.336062306042535841 5.8078635597345300567
5000 2.3936134198704821507 6.1764387707207699663
5100 2.4565060880156659451 5.7648480545770901529
5200 2.4706615660568029824 6.0228990493346303836
5300 2.4542344007553396068 5.0503941754655397034
5400 2.4207356609612720177 5.0064112947740300186
5500 2.3943735653107678374 5.4371631900384098657
5600 2.3927796327313970437 4.4309267744909197617
5700 2.3285685556471609203 3.4574956596930799257
5800 2.2952120648257365865 3.8506763949538798109
5900 2.2455103555510125268 4.1298111197991298482
6000 2.2858841601251356224 4.2050207855090500075
6100 2.3318354275566095524 4.4357254908450203246
6200 2.3512228255806082444 4.6886478741925703417
6300 2.4093367047165124006 5.5338031699972400901
6400 2.4229148557491360094 5.6462546449134496385
6500 2.3825405396866399244 5.4262896695465796526
6600 2.4290837550167858616 5.1797020209885999975
6700 2.4806666910648504931 5.101697372595229929
6800 2.4534280044907958995 5.6686249114976003938
6900 2.4118068771778200521 6.1096957979848003362
7000 2.3744645708041147714 5.8846672217348396927
7100 2.3531862289823974876 5.8363961032279698671
7200 2.3558606336479690491 5.506397593320439654
7300 2.3445965833888458008 5.1066081875507203236
7400 2.3492932176322862681 4.7069186174566404191
7500 2.4092491975051721909 5.2847572822619204302
7600 2.510786390462610207 5.8284780490640599737
7700 2.5730011321837400473 6.0011212681934802404
7800 2.5601132254340330796 4.9137451911347200806
7900 2.4772847263358688252 4.3291552138591296028
8000 2.4034478099040983423 3.4295611165048800473
8100 2.3614034991521672957 3.380466030620079998
8200 2.3078472922565627101 2.9903769651757898806
8300 2.2408423883742991656 2.8962449618384900063
8400 2.2162326573960671183 3.3809586947697001236
8500 2.2896776422311049259 3.4379506924654101852
8600 2.3205031363631900554 4.1428132488415601031
8700 2.2954679191738418531 4.502641469822430409
8800 2.2234088858532734534 3.7108452452063698246
8900 2.2012572881396481606 3.8060533380353001043
9000 2.2458621047557678629 3.181120473164229967
9100 2.1471882468417260448 3.5262061973406502169
9200 2.1683752927995163517 4.2013196502305003577
9300 2.2099954525722691479 4.6307762089195003696
9400 2.1843801372739757305 4.7625889294981398336
9500 2.2811176343817520795 4.1451895825720201927
9600 2.2935994261671948102 4.3778642579035995652
9700 2.2680104648786914012 4.760177098817290009
9800 2.2962310624120840785 5.4737761411836700631
9900 2.3607052347252359681 5.9652469711825997223
10000 2.2943588326894341911 6.1413584440894197769
10100 2.2918457805933041271 6.4916178170501899203
10200 2.2898934543226712179 6.3819170408921896964
10300 2.3366757382916980568 6.0997372519359496224
10400 2.3302765385096946282 5.8279274423760298873
10500 2.3610636230524111312 6.4366077818414799694
10600 2.329638981213569604 6.8260835771104195757
10700 2.3603694019650700575 6.8762246076254998073
10800 2.4173491598700653782 6.8327556850917003928
10900 2.5434156238677290141 6.8286422725241600062
11000 2.7630943059655752592 6.5972199959575696937
11100 2.9096847011521806969 6.3721841466655098074
11200 2.9399851092205837588 6.0441060107868098683
11300 2.9322183234044527644 5.5245930138988201819
11400 2.8728286828910110096 5.6179582832676704385
11500 2.7972517054958809801 5.5405622886956500395
11600 2.7134516259889580603 5.1291446326007203993
11700 2.6292712337027372982 5.0504863877891503776
11800 2.5138256243314018867 6.2925967905398998425
11900 2.4640100800962820848 6.7466331439940203651
12000 2.4486193472015611583 7.7088327726308296661
12100 2.4161522823647287872 7.5265269829844703153
12200 2.4708865815534242216 6.062214255129029894
12300 2.5436343074859983915 5.4359464228073104408
12400 2.5608998339800401745 5.9530248478812799462
12500 2.6163031991057583703 6.0578156300770000797
12600 2.6295631956415270736 6.2798754501334803635
12700 2.4790090147184900005 7.1180077833478101468
12800 2.4089273202450445233 7.7319663949119998847
12900 2.3508793922250141861 7.7469231062429502188
13000 2.3510501127087808371 8.0319953404387405271
13100 2.4082053763433877158 8.7249517905717706157
13200 2.4511676398871977689 9.0872802019267204798
13300 2.5026094779839249682 9.0837321434109892238
13400 2.5788007595264335059 8.6662078745997703777
13500 2.6191470559388490003 8.3112207837235008157
13600 2.6674669530499759418 8.0519642830783002552
13700 2.7501494906960433084 8.2218901374553308159
13800 2.8139987667397723392 8.4934363061393796102
13900 2.9718461307551971018 8.7983888495667805785
14000 3.0566434502800139406 9.3282295739842098214
14100 3.071283679234262376 9.8835611956826099345
14200 3.0423027858540194757 9.43038323946771051
14300 2.9851610761031848185 9.2251698528871095561
14400 2.9235689099680883807 8.479801942981419316
14500 2.8139602836768782268 7.5118655047853604145
14600 2.7204054711647027709 6.6788039032942503326
14700 2.6340096423901786515 5.8798620601547098019
14800 2.4889191768246550218 5.4674546350061596911
14900 2.4239368702919485976 4.1899873126735300843
15000 2.3250259105831356798 2.7087863054654399697
15100 2.2408076550099167434 2.1364139835810798118
15200 2.2069137238345462038 1.9714591578973099661
15300 2.1794995658528004689 1.864504697784300058
15400 2.2428928712684523816 1.6143122840011399077
15500 2.2660568379258023697 2.0229721321753300067
15600 2.3268330326778157158 3.5211725519606398294
15700 2.3431144733440603112 4.2530791597977302132
15800 2.3366358738085204472 5.3463833947994601203
15900 2.4261205683333533223 6.3944208825660195927
16000 2.5563171087662857062 7.0217245781085804168
16100 2.530158961611711721 6.9567620072153300015
16200 2.4259456107480326104 6.4823151353905901217
16300 2.4464999856209899143 5.9324894154545297908
16400 2.5006537995164976884 6.4415566667229695597
16500 2.5512278151092178113 6.0485101785378301287
16600 2.5171529898182063434 5.6793191594076999351
16700 2.4766753447679339395 6.1025516398366397297
16800 2.453160879138272854 5.3645868962712599526
16900 2.3813881900552056337 5.3515379817060200196
17000 2.4425828262548878733 6.1102875053856298138
17100 2.4268438750476937216 5.5827530248527299506
17200 2.3844756571881196017 4.2639169653885202749
17300 2.3182113626555649333 3.7409616127391300822
17400 2.2686601865782929366 3.9433491167535601463
17500 2.2035796080383738271 4.1065116741290603741
17600 2.1271317943717780174 3.2627281728509900383
17700 2.1649670008872070603 2.9614918643049499281
17800 2.1734981419007257664 2.5949567581969898988
17900 2.0960480899514584152 2.241356421021889922
18000 2.1203457340454501256 2.9844776427446100264
18100 2.1380805246020400112 3.6881439254967198771
18200 2.2186838129791430774 3.6233191565530198375
18300 2.3118024985257705772 3.3652196202654600654
18400 2.4122138542647668658 3.6507973559690398702
18500 2.4863366687316350578 4.0436486009921601692
18600 2.5363147189249684033 4.6476391995418202541
18700 2.5616247217465044628 4.4978273754965396591
18800 2.5502662152619994806 4.1363741362067196761
18900 2.6894997132845244181 4.1726018291592703591
19000 2.7888643120944616172 3.8286857965365101997
19100 2.9096514403708626517 4.0181411358665402034
19200 2.9746048876872386302 4.067001539621440287
19300 2.9522541284002850048 3.5330119082467299485
19400 2.8174978961203498429 3.1628219437376601242
19500 2.6803804856957609282 2.3933550472367102202
19600 2.6015199947905407463 1.6414712055176698957
19700 2.4993116056261137636 1.1945028866658400357
19800 2.3849492276277350911 2.1341243441106598766
19900 2.2928815838273255423 1.9933492320285999266
20000 2.2540795740783119427 1.8189232741663901027
20100 2.2735075761076966039 2.3808729045777599076
20200 2.2668776515218906908 2.8685382161592998251
20300 2.1838436868227590892 2.6817426090965001961
20400 2.1521804136367932436 3.2121053516496198554
20500 2.0392875917901966965 3.3728658228862200552
20600 2.0272108722310826501 3.8044543751333201875
20700 2.0161557293933807244 3.5516275601652398386
20800 2.0688494115297682008 2.6122334897404702048
20900 2.0467728122225588017 2.5503431021209999052
21000 2.1153204092412405402 3.5760341849510202117
21100 2.2326120178705721742 4.2743636661655202147
21200 2.2068709950169584921 4.4868318247616203465
21300 2.1552205950440534998 4.3110715529975598415
21400 2.2438985116804186504 3.9933530498513998275
21500 2.1967070109020023772 3.6542157358027900216
21600 2.1286531610047227936 4.4083718224789700812
21700 2.1822439097492436488 5.5405482912626098368
21800 2.202128793110162075 6.0395226325821997904
21900 2.142294411981283897 4.2968038243273598553
22000 2.1915983127669553809 3.8055938567140898954
22100 2.0846797381337163202 3.3437816679297398537
22200 2.16457161768714057 3.4257663041004700055
22300 2.1354578729040625262 2.9125158368749199944
22400 2.0854057165844381849 3.0343078503420199965
22500 2.1318030924366535572 4.0598578493572503589
22600 2.2107785265979913447 4.7657498270416303043
22700 2.2619037764730753892 4.9036105843722497255
22800 2.3097511009355353728 5.5788852576359202473
22900 2.2215822984282973529 6.0041431805990601589
23000 2.2023342903770468659 5.7885331161697397562
23100 2.1988065966304906063 5.0942355405702297588
23200 2.2361904814679718356 4.6356982034323399589
23300 2.231881829824671204 4.7174833323614597802
23400 2.2687292623399040181 4.9427806465888002307
23500 2.2250951359800574814 4.9321979108411202475
23600 2.2633030787183687771 4.7222211197344901024
23700 2.3351568728070577485 5.1902767389845800849
23800 2.4119384969242974037 5.6876431093899704194
23900 2.4647750317221950311 5.6504729559540702866
24000 2.4523389446600263319 4.9436672620843600257
24100 2.4224520652569196955 4.2855652644361503789
24200 2.4332303002537609693 4.0051323790850696938
24300 2.4094461019775632593 3.5010781131896400176
24400 2.3636307395088604899 2.6384701812717699099
24500 2.3570733575941265059 3.0748190475168302171
24600 2.3331931222507305002 2.6823477933215600366
24700 2.3228429535927030969 2.8240830202554398909
24800 2.3525951096393837858 3.0558128869826299834
24900 2.33705287215260471 3.603700563148569902
25000 2.289487298383798386 3.9493431759918298241
25100 2.2224661498271633953 4.3707482547205698253
25200 2.2378800700012737579 4.3728345309721001755
25300 2.21863713762024517 3.844679171507099813
25400 2.1849747189953436788 2.9632586127948998822
25500 2.1387184862274337682 2.9226565579044598842
25600 2.172883403971753502 2.6334577721551299945
25700 2.1856609273371274682 2.4277161237228002122
25800 2.2635379770669108446 3.4569611762941701016
25900 2.2632963885772436896 4.6578596935843297189
26000 2.2376478946120523794 5.2512767974049703312
26100 2.281524964296286484 5.2604976694751401922
26200 2.2975307861612903615 4.3647730132855295793
26300 2.2703587210437135013 3.6591941939315000276
26400 2.251815227707864242 3.452252530260650154
26500 2.2028810773054114946 3.0677456489789398653
26600 2.1375421717368094932 2.9811547953377499631
26700 2.1667041533835629252 2.9945043974502700834
26800 2.0938528962525264632 3.2108732176582202023
26900 2.1026493486442396907 3.127212132233000208
27000 2.1501605625887272311 2.855331744341070177
27100 2.1662709134843329828 2.0095481736544598128
27200 2.2289735650735980066 3.2312581861609901424
27300 2.2293636009884507665 3.4475041298778599241
27400 2.2085105859222053937 2.8498709563548398904
27500 2.1607514311483622116 2.3486209467011600616
27600 2.1883250920933972061 1.7278306781029999506
27700 2.2231239273128911016 2.3296684038525499183
27800 2.1474861799482698466 2.9135131861334397918
27900 2.2151756773562509828 3.16482270829173995
28000 2.2101996931210474706 2.0521846225656301677
28100 2.1716248089976151192 2.2264242654366102059
28200 2.2941064474587502531 2.7698219929736698219
28300 2.3317317275533988585 2.4690138460745298943
28400 2.150924393321358874 2.0984162163121098388
28500 2.1283339197230795037 2.2044442546217801748
28600 2.1471019317219703915 1.767760533455690064
28700 2.2929638706499546608 1.8654389462749298989
28800 2.4034050200620935556 1.9433895217037600034
28900 2.4353220336086738307 2.0167273944701999966
29000 2.4405954974178203365 2.103221416146940026
29100 2.4712170810586489011 2.6368528402214401751
29200 2.4169057261441966311 2.9482290420126799901
29300 2.3987765590685543593 3.1922453908407999457
29400 2.3889692144439060861 3.893940753254970133
29500 2.3397594669753738472 3.2487003044047702005
29600 2.3114667114807829762 2.4560191634096999458
29700 2.3349569076916560917 2.2842402047442398327
29800 2.3606873190661481487 1.9041741159777900716
29900 2.3875481758268835009 2.423444326453719988
30000 2.4096186207612935171 2.4717943958833599183
30100 2.4916593888077183117 1.4198809065464599311
30200 2.5382766150983364639 1.1213088317369599434
30300 2.525245226475334448 1.7166717136874098948
30400 2.4926692302492736708 1.7436530222037500693
30500 2.4215539452165160128 2.4129080187143499003
30600 2.4990373690309879429 1.852281728591179899
30700 2.4511629416182687535 2.4989989577601900983
30800 2.3687080015474273331 2.7130125072327699876
30900 2.4010617082576186654 3.1105176849967102193
31000 2.3598793219130964616 2.6381652551411898244
31100 2.2954295963260791247 2.6952638145174199202
31200 2.2475752643859046032 3.3663654257373001322
31300 2.1955017827733085412 4.2280674798278097271
31400 2.2553001991101937485 4.4261675756674101478
31500 2.2563029544816224359 4.2604040699440997031
31600 2.2209434489020165593 5.2467780946158102395
31700 2.2285181866385275207 5.4520683581170299448
31800 2.2638663137938626058 5.8507545697103999771
31900 2.2963701182721942828 6.7511254592516696249
32000 2.2737388188388685251 6.6535660197477497491
32100 2.2381372804787158515 5.7465826953017202783
32200 2.2363452044291092236 5.2458607879896099746
32300 2.1713939721910535674 4.7356668854511196898
32400 2.167578435054392294 4.3471064541330397546
32500 2.2414309039313180527 3.6332557259792901405
32600 2.2484533110237023834 2.9137297310984200394
32700 2.2524535661861539992 2.2376042442018899692
32800 2.2190127532682590861 2.4280820360518098333
32900 2.1720107249545579364 2.9990994683198199944
33000 2.1828157340898211025 3.1938675441960597823
33100 2.1407673763787746779 3.598001245230959988
33200 2.0643807299409311362 3.8970907315775398239
33300 1.9971334971570156025 3.834427658053289889
33400 2.01665863425913372 3.2605076145212601446
33500 2.0169205033200756638 2.5078846594003700865
33600 2.0320408781468173309 2.0826514060786198712
33700 2.1339303611094195823 2.6238440021075999375
33800 2.0577627253403818486 2.7805511346630900071
33900 2.0298820751148900499 1.8390406734947000178
34000 2.0178069163812653031 2.8287619170215201336
34100 2.0537738331522512603 4.0430258876665696732
34200 2.1196017185221069923 4.2729237377347102367
34300 2.1315682612054005496 3.9175378243172698234
34400 2.1144638553184327279 4.2052720507129102145
34500 2.1030063465132204925 4.5985108428959700078
34600 2.1320164154278353763 4.6863601481082302058
34700 2.1578915469269808192 5.2828466087593497491
34800 2.11874327134427487 5.9259075834596899313
34900 2.1421717811998632897 5.8522443056530804029
35000 2.1266433225002483454 5.7872314971761502633
35100 2.1461571816810516289 5.3466306443619799893
35200 2.1691505373572326221 5.7576927069241099488
35300 2.1756382605260742302 5.8173469970283200325
35400 2.2180418445857772447 5.7669859371281102511
35500 2.2477183077888081009 6.1250885417434597358
35600 2.1625347509581320793 6.1614579687646298112
35700 2.1032001687274850532 5.9527456911882596913
35800 2.1757200415119051229 5.8899257925364203459
35900 2.1431465689427207089 5.8793364478633796111
36000 2.1393230513222514233 5.9041357175940003543
36100 2.1497199320165543135 5.2665468657042699974
36200 2.0877291117954475119 4.1604927746758200158
36300 2.0786990676342997908 4.6740359214777003061
36400 2.0587988584286875948 4.7139767876732801
36500 2.0585809977122275782 4.8951785220064296666
36600 2.0821961872719905173 4.3819308133324401666
36700 2.0106608024910030963 4.5005641020637003891
36800 2.0610266717151861648 4.2046649820462196345
36900 2.118797971348894027 3.8806180625369401938
37000 2.2076642098362051492 4.8146317595089502817
37100 2.2246546491045129379 4.7447422562723700068
37200 2.2511972557298882691 4.7764963475325998843
37300 2.2274374055727514943 4.1880894048707597577
37400 2.139387819457319484 3.2134038858980700226
37500 2.150638857534172832 3.1697014823341498335
37600 2.1617616588649148923 2.5184652933916500395
37700 2.1796057713519991772 2.4608616811653498679
37800 2.1121941365686076608 3.2209259145215698439
37900 2.1922662012816069854 3.8930102450527499514
38000 2.2809384640506480402 3.6890935791718399983
38100 2.2706356669650604729 3.8937054781231199563
38200 2.1921332809378180073 3.9786347950379199467
38300 2.069453548291844136 4.1245243559744002582
38400 1.9986651346733093071 3.2308678744640499936
38500 2.0110199767655383418 3.7468572359883101086
38600 2.0251088843257307737 4.4490697704486503739
38700 2.0827698665471503503 4.6749244439150103858
38800 2.0841009551530667032 3.924781909313789896
38900 2.095529825752338926 3.8626890462587399888
39000 2.0724762404886614142 4.0290381554364698147
39100 2.0714131811362173075 3.9783317747820299282
39200 2.130743070869466127 3.1128174966221600073
39300 2.1925269555637258989 2.5972317955819801405
39400 2.1719384506723962147 2.975650078955359934
39500 2.1594462554523858877 3.0320423921948398416
39600 2.1121477344288615008 2.7479910485848000334
39700 2.1487847254238472416 3.0841116522986800064
39800 2.1115063876413633359 2.8231316977548002178
39900 2.0980566661355508629 2.091918646750229982
40000 2.1343115909856749113 1.4497132285200100554
40100 2.2515715788607892911 0.9666505922961240449
40200 2.3056032150029612815 1.9239300575080000577
40300 2.377950312564219626 2.1652698334136499803
40400 2.3473846194386220887 2.3430554548091100386
40500 2.3201219259936793904 2.3205944023773401597
40600 2.312600599005159463 2.9764287807096700966
40700 2.2692105155053710064 3.8613703028213000046
40800 2.3064315793026270995 4.3208361465864602025
40900 2.3333035135697799412 4.7647632591247397471
41000 2.2718592443084237864 4.5610502848907499285
41100 2.2416817346147941414 3.8049940139512798964
41200 2.2475976448114041162 3.2121905956400000903
41300 2.2205494206128308932 3.5411837163557500219
41400 2.1728944325393335646 3.3935700791370901896
41500 2.0652515045322203946 3.8695657981621400801
41600 2.0946283556217601962 3.958322922833299895
41700 2.1816639277039922007 3.9941191064453298587
41800 2.2117696710565044604 5.0261190651897598158
41900 2.2387360991271649802 5.8646172123132300769
42000 2.2151617696391885382 5.3743787891097802856
42100 2.1902640918060778397 4.6530499356153800505
42200 2.1563997971969959266 4.1247744515838400403
42300 2.1529543545486267142 4.1053195259765296043
42400 2.1022694751838093552 4.0326578072328302937
42500 2.0762741875303554195 3.2454286200226598602
42600 2.0116783114868055371 3.9152167189070001818
42700 2.0904110891505762737 4.2321728571268195651
42800 2.1098384501296454374 4.9491672377139099837
42900 2.1494515497326678322 5.0045921983329000327
43000 2.129229710162910294 5.5941002721112100815
43100 2.0854125834163719233 5.4494628928924804256
43200 2.0179020947755210713 4.7668202364908003332
43300 2.1090487878270507416 4.1785399563325098526
43400 2.1195156438022113576 3.7400657577093401329
43500 2.1412240323340201442 2.7354602322966301564
43600 2.1004204400364718808 1.5964200335974501055
43700 2.1415023988780248487 1.7692948396733298999
43800 2.1541999826271647223 2.532427760152209828
43900 2.2439696760317393576 2.6652131068064202069
44000 2.1825666772576020058 2.0728021997671199905
44100 2.2143220363920237403 2.1598501419040299076
44200 2.231506442675844859 2.0663534307113899935
44300 2.1564708898554862948 2.2917695274905698355
44400 2.1654332046293811587 2.4571802167899798874
44500 2.184470911317069941 2.7405800298105100765
44600 2.1551275499138786707 2.5666852116738998468
44700 2.165723900910884403 2.7547110710049000915
44800 2.1380860224911955036 2.209233699413239993
44900 2.1088179013662342598 2.2756122044882700628
45000 2.2165260224128409128 1.849737018165859892
45100 2.2746757133396822148 2.1312910655550600936
45200 2.2447503477494192836 2.5761880901938201127
45300 2.1651751542633457248 2.5904229276669701321
45400 2.1734657102940997397 3.5345264900889401538
45500 2.1385388144172088332 3.3883111220233201877
45600 2.2053188102470486776 2.0720693693316598605
45700 2.3564513715802837268 2.7539813085347599753
45800 2.432378896735934326 3.4910652902985099821
45900 2.4096960445473420975 3.9793476593771099914
46000 2.4372400749312546075 4.0390688182946998808
46100 2.4099448687055886609 4.1841249312680899308
46200 2.3111008987519028324 4.6344051510179502529
46300 2.3017278711737176877 4.5654118109803603076
46400 2.331999606166541561 4.8535189641558798002
46500 2.3781350509234826518 5.2487530456768398679
46600 2.3591254730300108555 5.4309874005513103512
46700 2.3681060085230090095 5.6898684722709598205
46800 2.3598892830337607762 5.7765697491370096017
46900 2.3525801731604785161 5.9564880019639501185
47000 2.4219078975334680237 6.1979463663892397918
47100 2.3874739011256265186 6.4461429078755099198
47200 2.3237707245770971021 6.5941647102479397091
47300 2.3346363418390678746 6.4787856225248701136
47400 2.3429039897104595447 5.6804728712311698402
47500 2.4202232810192780832 5.0243821405848896333
47600 2.4239009042542720707 5.087867617353500016
47700 2.3105947554834722624 5.2408319473738798067
47800 2.2635317106059447134 5.2923180819779895856
47900 2.201737543853865553 5.3890102615871002811
48000 2.2410431941926969301 5.171769547619150309
48100 2.1833959476386746168 4.737888675141720185
48200 2.1472916582585801493 4.7991940532898702543
48300 2.0810804945885128525 4.990608941804180354
48400 1.9984113044155717986 4.6578972824287001586
48500 2.0862970590061320486 4.4182150590950204361
48600 2.1044151934604435894 4.0944399367430701631
48700 2.0684620115571412668 3.9834487364884001437
48800 2.0839976716638752841 4.2841159077491504092
48900 2.1138755821823393966 4.495789823737609936
49000 2.0963604644347069161 4.1262037420959396528
49100 2.0438781209249023973 3.5636016455265400182
49200 1.9940444796697309737 3.6753208956184799661
49300 2.1455128855757301665 3.7710908826354199164
49400 2.1381357944756649303 2.9830005125504199803
49500 2.1500217418668183811 3.1371249729683499119
49600 2.0938848094435069669 3.1603247943271801645
49700 2.094809420216374285 3.7655207724140700165
49800 2.0597006028621986928 4.3220600155363797512
49900 2.0550927789845863103 3.6817492619236400486
50000 2.0812672463738466355 3.3948466232291698574
50100 2.0239689673649210455 3.9321067914263099219
50200 2.1225268325399198055 4.3124087317164798705
50300 2.1713221607169761462 5.2607831786173395727
50400 2.1500199865121731868 5.8686647874692097204
50500 2.1816910167941250265 6.110160511416379947
50600 2.1378464331786450892 5.6868723028115999441
50700 2.1670507492130073324 5.379439969084909734
50800 2.0952020169025029617 5.8710323933143699904
50900 2.0881874677084932834 5.9254477779846803642
51000 2.1139753383295603051 5.5308221315991703548
51100 2.0936704508097481181 4.400871392906349655
51200 2.0960907167049209754 3.9194778660724498565
51300 2.12176676846454626 3.0751075542544898944
51400 2.0674129581358502428 2.8751873993800201035
51500 2.0534161646431656756 3.021652179372639857
51600 2.0821089062763431521 2.6832676737666099065
51700 2.150397645063670371 2.4413246178428797961
51800 2.1344041488135223616 2.9481778980162300918
51900 2.139825035836510736 3.1205639440957502195
52000 2.2476832112674900443 3.203210090200649951
52100 2.2751907937315212216 2.8380970815921697792
52200 2.2640225799663111772 3.0258362400799398984
52300 2.1476963102219719381 3.353849899649429922
52400 2.1861308466851467891 4.4362226147089600659
52500 2.1623207473560377423 5.3563179533401701349
52600 2.1530491705224634735 5.3644474076983899025
52700 2.1012508063387334012 4.994046278550110074
52800 2.0846926863387693629 5.3616008843739297873
52900 2.0565435900415502957 5.8627920446456300851
53000 2.0704874736726948115 4.6795010849050298063
53100 2.0839692928762465485 3.394556536243780176
53200 2.0398962343605862024 2.4886301039621701037
53300 2.045964783179659463 2.0402722973652300809
53400 2.0766770570778141369 2.9215470420542399843
53500 1.9771946127840751561 3.417980551723999838
53600 2.0313610550821867839 3.151976084140769796
53700 2.0203126744178669938 2.7343732544471999191
53800 1.9976011513655025364 3.0725516855592700516
53900 2.0639761752288015018 2.8156977189631500202
54000 2.0756598168554538653 2.712694980536979994
54100 1.9727874991176281849 2.737606303380370143
54200 2.0426980601290907202 2.9425100569874000911
54300 2.0154462487617355038 3.1922563094657898652
54400 2.0401040360759186143 3.1377068867713000522
54500 2.0221594060869843013 2.8080519251940598835
54600 2.0284583115043490764 3.0615212823872601788
54700 1.9906262943682770938 3.3942792287920298122
54800 1.9322447102521569384 3.0221099287324699745
54900 1.9707641696145352661 2.6165548168392898098
55000 2.0553997262825611791 2.8738548201140998728
55100 2.1151124936329863679 3.7029174651951399788
55200 2.0509082171913424197 4.1141653936526703106
55300 2.0224165457687113268 3.2967160620513000779
55400 2.0651666809557864823 3.044475324972200081
55500 1.9687595834732811717 3.2489608384042698574
55600 2.0201645431766848127 3.7170490411330998626
55700 2.0260399796417321028 3.646787240238460015
55800 2.0584563532670325792 3.1995663872242499082
55900 2.0709725432852663651 3.1562545311225398414
56000 2.0896380638628824222 3.4646105868544201378
56100 2.0464846261746671985 3.6204867084009801914
56200 2.0058116822032410198 4.513960830578650274
56300 2.116504016617247963 4.891936689382029968
56400 2.2027873764357144282 4.6492915546364201873
56500 2.1967837905368097218 3.8394488531840997858
56600 2.2055064706742699698 3.9429457343413800707
56700 2.2187842123559802232 3.3361707359679297902
56800 2.2114050191501806175 2.4302161481150799105
56900 2.1596547410792310551 2.3582731418892799446
57000 2.0686669812031328597 2.1513199026063500874
57100 1.9891212527788091347 2.4753262122954700075
57200 2.0512956545788618712 2.9993064696805098457
57300 2.030701937390404499 3.3163144411592702099
57400 2.0747810027453033044 3.3416022886972398531
57500 2.1469591910728524908 2.9015682131642699382
57600 2.1802980001681535605 2.6452480313837698489
57700 2.1787437273458518661 1.9615830035349099969
57800 2.1745307085405549685 1.0695472438261199866
57900 2.0949627202695233485 1.3281792666113398926
58000 2.0054176722639920349 1.2909117429815599731
58100 1.9425245928153811459 1.4391295455590000785
58200 1.9888170231586597136 1.9378640187281299667
58300 1.9778682031812822029 2.6800243017098099862
58400 2.0002608847844087769 2.7475104983238698431
58500 2.0031922258352539146 2.1714768030064699467
58600 1.9777077372801563637 1.1280750297623900469
58700 2.0039879524675749956 1.4831078137483200141
58800 2.0875432792502213175 1.9865838545489500344
58900 2.0757916133728171459 2.7535529563245702001
59000 2.1169602088402408313 3.2025425877458801871
59100 2.099104754251606586 2.8640280993208397931
59200 2.0668690465037227177 2.1538516589453999828
59300 1.969812605049913401 2.1246879927273401023
59400 1.997460436522086491 2.0758380198653898496
59500 2.0458093033919331205 2.1396207018392701116
59600 2.1542261423976887258 2.3936896119670501015
59700 2.0740715500739352883 2.1582637375697499849
59800 1.9881841200441638939 2.082944028251549895
59900 2.0085939646471775433 1.7522256550215100646
60000 1.9245533653692210585 2.3143005034213501858
60100 1.9981742964546358454 2.764319511461729828
60200 1.9796684007543992045 3.2715473296691301996
60300 2.0545310478899421192 3.8772781387114498841
60400 1.9898501583609358168 4.5918498485228198547
60500 2.0561811731856649565 4.6196314003171901064
60600 2.0193198695512784013 4.5308465316465502681
60700 2.0161793021586587038 4.5546295845223800924
60800 1.9906100157801516204 4.8722778506874400151
60900 2.0214425274200227278 4.9144688807237502104
61000 2.0408328155263619763 4.5889501316334602166
61100 1.9872080191942707028 4.1854976798627099299
61200 1.9214013972936689889 3.3697529202288301065
61300 1.9659356699362082743 2.9914794319424902191
61400 1.9541792627165563978 2.7028283268730302069
61500 1.9877977529338670681 3.2395124535988100156
61600 2.0512800248875735498 3.4669220292471201184
61700 2.0042245660958375453 3.0169295073384700956
61800 1.9785855599494734935 3.1782522751582797937
61900 2.0469529523542768779 3.3700720983206799986
62000 2.0715606009787914665 3.1347933273014501054
62100 2.1064212705115505919 2.6813009401955798516
62200 2.076463586660844296 2.4280625219504798906
62300 2.0523478525305987041 2.0754284305880399408
62400 1.9948388096193505614 1.8444385322452199194
62500 2.0709368464276818322 1.8352439214588700533
62600 2.1265243729793823491 2.508310113622670201
62700 2.1309218457709930838 2.5751734683408198379
62800 2.1826793543086928651 2.2860914070973001877
62900 2.1575968388446149504 2.1916639999298399566
63000 2.0867364068786931064 1.9907670633602800869
63100 2.124119534828036393 1.423124788454340095
63200 2.016028160922707535 1.4921023649185900517
63300 1.9486829515816057601 1.9587625340454499767
63400 1.957857207773872954 1.98788213110228007
63500 2.0106044115219670054 2.1522476476504901477
63600 2.0179278581091195655 1.9538481717061899623
63700 2.025456477989425963 1.7602010193193000642
63800 2.0653417059017522561 1.8346133646227500424
63900 2.0908655977302554874 1.2934917266974499395
64000 2.0757505256977926145 2.2557942669959900606
64100 2.0603161188224032863 2.7492279890620099359
64200 2.0185904595870818312 2.6666842096988601085
64300 2.0180922651255572831 2.4274658329906499965
64400 1.9677631578970604664 2.4915070118742801419
64500 2.0194642165851783844 1.9419411931084900047
64600 1.9802087846158824558 1.9894384534395599395
64700 1.9599491814266845058 2.9991941130752701739
64800 2.0097439986537493084 4.2182044538838301406
64900 2.0438219984724792511 4.9495675156139196105
65000 2.0468643501865275702 5.1056087553943800827
65100 2.0794287035584884116 4.9825291315454496299
65200 2.1730933723677376967 4.871094965936509702
65300 2.2235053208562947091 5.3673180773951303379
65400 2.3219229928075155733 5.4965372912255103799
65500 2.4157511686657144878 5.6161068674075496077
65600 2.4582406503928906361 5.5717313977853599738
65700 2.5021739832763958411 5.8046499895275003311
65800 2.4988935946530275167 5.7012332994781100837
65900 2.5148932309240028538 5.7071717000406101405
66000 2.533246240810530292 5.8388193546375797283
66100 2.5325188057212173476 5.9384940446229501632
66200 2.5115317224869411206 5.6305271379717902747
66300 2.4940756339052656543 5.8335521240912395768
66400 2.4879805110662633894 5.6562775887481704373
66500 2.4418262802682151325 5.8312063445144604046
66600 2.3703033299617684015 5.6277765083109896338
66700 2.2494449071686717367 5.46167984283161978
66800 2.1534010416510227515 4.5843706949623701519
66900 2.1698389083320765991 3.4447683684198300291
67000 2.1072954083240182932 3.3558785690059500517
67100 2.120223957043267049 3.0955483287003899839
67200 2.1045537934819318338 3.3978802145156299375
67300 2.1239239379924099715 3.4403136298520200498
67400 2.0926023000318219047 3.6539151212622700271
67500 2.1012524184966197005 3.6728799582868498774
67600 2.0815233689698615649 3.4108681193472500937
67700 2.023753541404232692 4.1821449734662801134
67800 1.9410527553319585348 3.3989252032387100577
67900 1.9346123434178108536 3.2989772266101500264
68000 2.0127501859598431189 3.8157203580992598013
68100 2.0570530174652703614 4.0850201293469101671
68200 2.0710198936233537026 3.9919537532101800892
68300 2.0615862992726348146 3.0671586261784100635
68400 2.0898656047461647844 3.1355839519678001537
68500 1.9814772014730535066 3.3250456098294098872
68600 1.9851893110888330085 3.2069766100986401014
68700 2.0204528970090893658 3.4782307874904199174
68800 1.953359589303695687 3.7573349695398099435
68900 2.0010387876240329774 3.62750791276921003
69000 2.0052279963130610341 2.8668378698294798568
69100 1.9806341634327007117 2.5883009727281898193
69200 2.0889788890555469614 2.0220466322292800498
69300 2.095667092263705289 2.0727720571096099889
69400 2.1210379002715953334 3.0390037477886000516
69500 2.1147005527212536791 3.7024915606926498413
69600 2.0704028007910446618 3.7178289216247999427
69700 2.1276905379351220837 4.2882427262470699247
69800 2.1392108968171572592 5.6398527624637502242
69900 2.1341072787076509343 6.3684537825833702485
70000 2.1860515445854336036 6.3569432884372396586
70100 2.1682426650279098546 6.53779393577467971
70200 2.2281499480713855554 6.6785674068656799562
70300 2.2728159665230438513 6.8542088373128695622
70400 2.3023546694885901331 7.4089882611900197418
70500 2.3142316912378260163 7.1496766751231701775
70600 2.3359529282518973758 6.019492486992949587
70700 2.3172208797753715004 5.3832461634397397177
70800 2.2620651726596952003 4.6370928837925395882
70900 2.1059754005558790624 3.9548061632156699119
71000 2.1196941854587869614 3.8462342797977999709
71100 2.0889599488684673645 3.7903338683730400938
71200 2.0945198742829367333 4.7134889080515396387
71300 2.1015198987387679885 5.3439854985821098055
71400 2.0941641816027418699 5.8818066808294799941
71500 2.0923515854917185131 5.4829776111555297291
71600 2.1059246873445323089 4.5834354485839003956
71700 2.1063050566570127309 3.3366224348288300305
71800 2.0925716221026684494 3.4938965816805298559
71900 1.9918055204267370861 3.8114482115533401263
72000 1.9794746677961412296 3.6404114963899001367
72100 1.9785111536777644226 3.1557889049304699292
72200 1.9781493819250925981 3.7020259940748201366
72300 2.0349055204742385605 3.4418486889575499177
72400 2.0107725010602455207 3.5351442636807299813
72500 2.0692983907842714686 3.7040368795871199126
72600 1.9934114257609294452 3.0391295040787098536
72700 1.9709690497618479466 3.9634604099952199796
72800 1.8902002956053844951 4.2656318900064400523
72900 1.9598546878766422985 4.0563289655726295635
73000 1.9072364656910332226 3.9477097296864100961
73100 1.9571569469697238652 3.7774001587860799312
73200 2.0311854034204204211 3.7268730431004502002
73300 2.0214707526813784355 4.4654490912561799476
73400 1.9757668480298498093 3.791192517859220068
73500 1.9333706451585759289 3.6318923507552001162
73600 1.9675866420656433764 3.8613165285828698892
73700 1.9519417245428802854 3.5649569758032297884
73800 1.9280452580171174581 4.3814174627991500088
73900 2.0313968369358872401 4.7465207385435199683
74000 1.9846397824083550354 4.8239260204888401162
74100 2.0420288503652850309 4.4238538201995796229
74200 2.0273466499026762122 4.5571868557399897171
74300 2.0974996810463846231 4.2499552055233298375
74400 1.9599341473638300926 3.7466948944794999932
74500 1.9766947930674088063 2.4752100514700798861
74600 1.9821324558779522818 2.0562308772489799047
74700 2.0134832285106893934 1.2422200387478499195
74800 2.0126739341876853651 1.4106037949695300338
74900 1.9410644799574687802 1.9153959620114100471
75000 1.9005629919587878618 1.9244891200042499868
75100 1.9972216788319228087 2.362166460836140125
75200 2.0383825999949607422 2.2766700067921199491
75300 2.0937904038240127136 2.8746433297467000045
75400 2.0253962232403699417 3.4480307087271397926
75500 2.068864146294575157 3.2539095133304098972
75600 2.082986694679757278 3.2739898577830301996
75700 2.0498585172527552523 2.7592563924381501295
75800 2.0888693659559680604 3.3176596670217399776
75900 2.0914322586048821329 3.4361621236542201352
76000 2.0566035988053723571 2.4106311299491101074
76100 1.9873029706850355858 1.7781871066525301028
76200 2.0380001070589441881 1.960432496965839988
76300 2.0152808583520753771 2.8452126365495100657
76400 2.1092482722334624512 3.1983023436574598009
76500 2.0800287430762920415 4.1841282454367902943
76600 2.028371491530207571 4.4543804232991801584
76700 2.0246183656293244013 4.8907570820998103045
76800 2.0523293466078271763 5.1085667166907402503
76900 2.0096929236062264224 4.6474862057091304024
77000 1.988324186263158877 3.9314089401929699363
77100 2.0782885014549434821 4.631926774409030223
77200 2.0828825181035686143 5.0306414652161803858
77300 2.0742036639389396235 5.4243559252696496031
77400 2.0807852092374559128 4.8751782676582902099
77500 2.0598359356259514641 4.7830417683080401758
77600 2.082037571927144004 5.1965158540078100202
77700 2.1882414256436000244 6.0635819913158304217
77800 2.2647988559588325685 6.726222316127079992
77900 2.2662625736314740976 6.8699468087211696954
78000 2.323683417926735828 7.1286541124454103624
78100 2.3475857392218015818 7.2483867861548096911
78200 2.4059105690784461373 7.7009844703749203987
78300 2.3405144299411322351 7.8571316552959196144
78400 2.240475185257124302 7.9059390985641400107
78500 2.263859573413597559 8.7108169022940202808
78600 2.2135790917172686321 8.4926289852358394228
78700 2.1618236421315568663 7.6950159710735901442
78800 2.1054014093826087795 6.9946622353361798119
78900 2.0500676823814427685 6.0197864438185701985
79000 2.1172609681903509227 5.5842372977540701839
79100 2.1095128716017099713 5.0248436734857202524
79200 2.0497065422208406993 5.2312390663954699832
79300 2.0346234843988466601 5.1597245819451398319
79400 2.0307989895929319246 4.9448207333078197934
79500 2.0496189586589070863 4.8238298102384602473
79600 2.0305763211050251726 4.644285488150850405
79700 1.9256185650825994315 4.9313803375981200006
79800 1.9529813470836976386 5.1270322731964999008
79900 1.9634865448155258694 4.9376757476014798698
80000 2.0223030510884836275 5.2388529833286598958
80100 2.0064937195746392895 5.8327919395086098575
80200 2.0279682864995378644 6.0147452867937003518
80300 1.9944112757450906948 5.4975116379760597951
80400 2.050199345093455694 4.6105587947616504252
80500 2.0868705170062571419 4.6347101066057199148
80600 2.0550289449131922126 4.7375174592128903583
80700 2.0531617971559219527 4.6611562674129496386
80800 2.0142741707251294869 4.9896838482069103549
80900 1.9622451961576767854 4.6621123667365500509
81000 2.019291409312674368 4.5823174503834396276
81100 2.0654880557332857549 3.9940126831182301004
81200 1.9670757513661139004 4.2728394988133002741
81300 1.9252675223272199823 4.6379891536385002837
81400 1.949840459406561699 4.9134578798869101846
81500 1.9937470725797579174 4.8516069264649601678
81600 2.0514253266475179771 4.705386546671119774
81700 2.0438473413502973308 4.1537480126048000884
81800 2.0510379277858699076 4.2225806042017097752
81900 2.0214368872723045278 4.2339493378745496344
82000 2.0075636264234768547 3.7432434747790201968
82100 1.9971506767675686334 3.4934332560493901454
82200 2.0670699588391996393 3.6587751308834599584
82300 2.0039334124527972136 3.7193793583396499436
82400 1.9995221789651194122 3.4203169628643999012
82500 1.977862079982064758 3.5193068029856200418
82600 2.0201484127167810279 3.8146746918268599202
82700 1.9463984182954590096 3.6423599773729198326
82800 1.9662155851393550154 4.1798096630678500674
82900 2.0045821954608276094 4.5719771232643600101
83000 2.0306927249811628222 4.828255882190489956
83100 1.9999029063806641471 4.9788584823735497764
83200 2.0425722722325039271 4.7577759573497200307
83300 2.1054460678501869531 5.1288358430683702593
83400 2.1155316127375360935 4.7499210265451603519
83500 2.1171182399790793305 4.3358885422829995804
83600 2.1590785308931943476 4.6918544389392202731
83700 2.1451473016911535296 4.5716549597548601369
83800 2.1253897838372486362 5.1592002393440603569
83900 2.1221890667025493649 5.129929522115480367
84000 2.1053697639178428069 5.7733996182591695856
84100 2.0544252859187945859 6.3079118551139101712
84200 2.0371198697936323541 5.7822289061625395945
84300 1.9674944638586158163 5.1794585491328604121
84400 1.9020230468750864983 4.5667313547323598044
84500 1.9275426405239792782 4.6144639247203800281
84600 1.9454759435879611651 4.4684347556128400925
84700 1.9262847049503633023 4.1800672925372204247
84800 2.0070546855170392497 3.8397464742645301961
84900 2.006118801554559461 4.132081909807889808
85000 1.9959197237620300847 4.1382228319491796142
85100 2.0261451044213711903 4.0816099288630498521
85200 2.071447255775403562 4.7354332172100699339
85300 2.0340175072076771556 4.6320061644989598548
85400 1.9758675989450387167 4.5906568777545198046
85500 1.9941226553635764684 5.0874146329095397689
85600 1.9828077215225066166 5.0692141925410396652
85700 1.9788823559865211799 4.967910598271950029
85800 1.9981587796326953921 5.2221110997229995832
85900 1.9445488449514596319 4.6430298487993804102
86000 1.986270412073594116 4.302306404124699668
86100 2.0103793319916771765 4.1777525080344597441
86200 1.945707363181319316 4.0009765956414602428
86300 1.9933686896874358574 4.7175436767889502576
86400 2.0408363606099366727 5.2597428715019303169
86500 2.0382940827461544231 4.903932711623750329
86600 2.0584543098678089734 4.509850490467740336
86700 2.0917061787091624225 4.006979178233000205
86800 2.0574728479147292859 3.876973788435219781
86900 2.0753625954319177005 3.8321448238757898075
87000 1.9835069316163920217 4.3802812007541502837
87100 2.0365996877030796419 5.2328461163097097497
87200 2.1077718630457367155 5.4060346791661597621
87300 2.0547326780953603098 5.1872399342445696391
87400 1.9862975867166843269 5.0442755226635798138
87500 1.9664997549417286837 4.7152382025671304433
87600 1.919832694254455685 4.6712631604540399977
87700 1.9912467451636954863 4.43842642659722042
87800 1.9998889408829989556 5.0088501308574402415
87900 1.9897743693561014133 4.8517349119018700065
88000 2.0491200113232705959 5.4870363050567503294
88100 1.9989291856122644031 5.3500884629718301611
88200 2.0331003125619364624 5.1667590312909501549
88300 2.1013602105739259684 4.753374196755689951
88400 2.1171380034430429262 4.8089210482192301654
88500 2.0951530749833677802 5.1802994392814802893
88600 2.1506409550993037527 5.1643360281524497424
88700 2.1216648087757450369 4.5250241251195300052
88800 2.0907900675476063235 4.3797677997207600242
88900 2.1152518155999753269 4.7092624501207103194
89000 2.0681968776231083318 4.9749134047144796256
89100 1.9868236942895332042 5.0783749823206703056
89200 2.0368221169803941706 5.410836660051449698
89300 2.0347414784907638108 5.6579829607884697396
89400 2.0553883183918135735 4.8669200555898397553
89500 2.1144489325251689671 5.3233180733597595946
89600 2.0643828554948622234 5.2712894210626499714
89700 2.0480394612068510973 4.6478696337798304228
89800 2.0678218031942612321 4.2159648035051295878
89900 2.0385396403380018349 4.4090488378792702662
90000 2.0175247812390169067 3.8049778810888899017
90100 2.0393607626520537934 3.2207958710772599531
90200 1.9954272529717993478 3.193094927557610152
90300 1.975749186795274559 3.5777525383056398844
90400 1.926340301200559546 3.8059175827652200752
90500 1.940925649445080392 4.0471386862871199241
90600 1.981434543120246472 4.0839239094054100576
90700 1.9966004776126946574 3.3643368942004499011
90800 2.0294153618862287303 4.2672193791860300038
90900 2.0314840628104997577 4.2319862969254300467
91000 2.0649870774764980119 4.2709509381328496502
91100 2.0692624132101835599 5.4922545298922402779
91200 2.0963881238106494287 5.4146135177393803772
91300 2.1443135860867741371 5.4747665070734603532
91400 2.1130786078120022964 5.2821020689793902747
91500 2.1116296727774908071 5.4136350722701997995
91600 2.0661222708219217914 5.1662634306727701627
91700 2.0342487375872262412 3.4830826941563799437
91800 2.0291978149157223754 3.1124673915189902118
91900 2.1418950716740554618 3.2062612297599000222
92000 2.1251834897783465905 2.699720954304650089
92100 2.1196446955959435954 2.3351309578237802178
92200 2.1134659692012118803 1.7277543749934900497
92300 2.0543591486634533716 2.958184712907419911
92400 2.0461724854489116154 3.3322072536114899499
92500 2.0245049686139515721 3.3952425297798400905
92600 2.0697418190980547692 2.8460194231312700985
92700 2.084682972655115929 1.6558662097904699451
92800 2.068369265559073078 1.2456108058706900632
92900 2.0444740115518746926 1.6670779194470599638
93000 2.0991898574783949272 2.0213271073104399633
93100 2.0645280726246060254 2.180598368467249859
93200 2.0046645593750569425 2.9535010739939400182
93300 2.0317729995808400112 3.1095941148113799279
93400 1.9980379311961398159 2.8459546679312102135
93500 2.0201503695702256458 3.1005580964764201113
93600 1.9808880117190301728 2.5770386515056697974
93700 2.0852973844240971779 3.3402799516922700995
93800 2.1975512068294427159 3.2470508372564199639
93900 2.1871989158659133068 3.6657052313463500681
94000 2.0531273106911394066 3.708332459008079951
94100 2.0602340578314137787 3.2996271949498701126
94200 2.0476349775760316341 3.5728040754489898134
94300 2.0437539486376254949 3.1859353324973298527
94400 1.9895657314745809341 3.1256710339554700795
94500 1.9662262498467413252 4.0417802996624603296
94600 1.9491902065770876362 4.359014048399830088
94700 2.0902294143503019619 4.6919040194647596564
94800 2.1360078182136028602 5.2232305655778104025
94900 2.1310343057904685971 5.2836137103454001718
95000 2.0817799638600575918 5.1836514648298104291
95100 2.0744447582108076489 4.9729012130953895721
95200 2.1081436284238597167 5.27600657939134976
95300 2.0132077456920236536 4.6571875923180803269
95400 1.9994285114606544784 3.8048155042177400631
95500 2.0039618913106047593 3.8827116840802697872
95600 1.9594587092859316879 4.6498664275665095857
95700 1.9587898586937388945 4.7381129033966296049
95800 2.0670417535293763578 5.1139213848645601601
95900 2.1398163778774703658 5.1497874665865097654
96000 2.1253328783703939742 4.3357275650986402127
96100 2.1093324354434739298 3.5136193666110902001
96200 2.1462545077403505367 3.2962047940145802194
96300 2.1874689946292882325 4.4496958418663599133
96400 2.2205338954739266555 5.3673761620798297045
96500 2.141303451997836671 4.8284527378923502994
96600 2.1570412170129014129 4.9672434670261198519
96700 2.1107031292051061655 4.8148668800767095988
96800 2.0278483683548902405 4.8019490508297000275
96900 2.0230994376660667022 4.6863307458182701382
97000 2.0348327644989661067 4.678374405888550136
97100 2.007431171004424808 4.6066555504860700054
97200 2.1000749605799047259 4.3789606861007497329
97300 2.1451724220123957743 4.5062472678958496175
97400 2.1541832855976332795 4.9577802276734601605
97500 2.1454688660835929959 4.7472419066466802207
97600 2.1274075151996232336 4.7352947243447101044
97700 2.0590287575573555934 4.4034258835353199402
97800 2.0764430105639122282 3.8037674729028001508
97900 2.1282992962288207472 3.9641022099761800135
98000 2.0983793677410793599 3.7906697592466698232
98100 2.154134568007261219 3.7790903022976198855
98200 2.1076378220766489591 2.7817029585370698364
98300 2.0701632400290099767 2.9428327705838999151
98400 2.0710565458845406894 3.3585695184115498257
98500 2.0249610991860502729 3.5179424030323200867
98600 2.0717649550621883847 3.8482407529252902201
98700 2.0848205108517863238 4.2565838020597901448
98800 2.1316826640838639761 4.3139198526308497605
98900 2.1597351585110451389 4.9307043904235596798
99000 2.1211721349418972693 3.9373335896032299885
99100 2.025920097899757355 3.9167924242712301997
99200 1.9213241026668843592 4.1655366184897903992
99300 1.8959727371244770033 3.7219040964686400663
99400 1.9899456519645111197 3.4130347122951101291
99500 2.010707904784037936 3.28605946966540996
99600 1.9792985144465555791 2.8581526256317402179
99700 2.0707848642058057642 3.4571541827914300526
99800 2.0874903769962758204 3.4396006850714497816
99900 2.0813984855681049169 3.8006536589389998682
100000 1.9803004703063342706 3.8764063197261400262
