Step Rg Re
0 14.371712915481595019 48.80279809466100005
100 14.360793479894969238 48.519498250119099225
200 14.187917050187756729 47.022909115412296899
300 13.874124845820615448 45.022114328716902776
400 13.446332048501588474 43.29914123434750195
500 12.914789753002732908 40.911963101121301634
600 12.326250847920004361 38.527524088227202981
700 11.69251701246549402 35.562053443902797767
800 11.035305119422458731 33.177997267820501293
900 10.340587899476425093 30.768454241861199705
1000 9.6129621431379472796 27.7018555869133003
1100 8.8398851707760854879 24.772354013179199939
1200 8.0285490809689594727 21.84933569916680085
1300 7.2005817134949552383 19.006196959192099172
1400 6.3644238215312336493 16.824734499718900338
1500 5.5086357360284061713 14.602544250620699273
1600 4.6066913082995259998 12.733207585877199364
1700 3.737363459315423686 9.8820063354793905575
1800 3.0194191768206484205 6.8783631577896198195
1900 2.4731372574572851875 5.5871471207742295917
2000 2.1254017633660620135 4.0872209388343199166
2100 2.0414422177002173875 3.4192366469751798164
2200 2.094798447025570276 3.3470500798013698152
2300 2.0652434656337832486 3.0787086664693901206
2400 2.0896913798167107146 4.0109351673775002212
2500 2.1228775203835379415 4.4239004364791902901
2600 2.0542358027827392064 4.7634275131054000241
2700 2.0461095984533743675 5.8204533410381698033
2800 2.0734328262696366529 4.8108095777780199853
2900 2.1078988454774303385 3.6328014190457298405
3000 2.2303980068930426839 3.1900837239158201797
3100 2.2899916482145368235 4.056272301947609904
3200 2.3015992708640560238 4.4094946652092703587
3300 2.2112252620279138071 3.145868328440560191
3400 2.0867250800771826036 4.0740937998693897981
3500 2.0727842844640065323 4.207051544955289657
3600 2.0626282952309544783 4.6302854312586800845
3700 2.025170556532529087 4.0547349145559801187
3800 2.1644145247910606678 4.5315850063561100569
3900 2.1778323872318674503 5.1480506980376699033
4000 2.2405801765326032182 4.9919877231543399176
4100 2.1955731801422109228 4.8183064682309195703
4200 2.1435233016017605223 4.0089961687671795687
4300 2.1665860377689476479 4.5720310332685398791
4400 2.18295371533722804 4.2248088054206798247
4500 2.2781817736814748976 3.5119041260108798674
4600 2.2716209513898260042 3.2954477870740701562
4700 2.3363363646852546296 1.7365050235000900614
4800 2.3389228429799584497 2.0010643133411298855
4900 2.3917408866963700831 3.8624767618937498881
5000 2.3539576319075083966 4.900838870672649783
5100 2.269390570665836826 4.3094037721878999392
5200 2.1898145842353553547 4.1890701396794103317
5300 2.1710177849526099969 3.6944733595045100571
5400 2.3613198461771416348 5.6042485806181696617
5500 2.5302307844395448555 5.7121482041536904006
5600 2.5268680893331310067 5.9850045660455499785
5700 2.3557025357661047771 5.6152902588584598931
5800 2.2540586780955722546 5.2403970458221795781
5900 2.1422263379991610677 4.0863531682080695973
6000 2.1388003762634273386 4.0651476027142496861
6100 2.0879463651786558387 3.8423264698123298366
6200 2.1031710705529023109 4.320368283729600023
6300 2.0410896290650790696 4.2330540204014699412
6400 2.0299558748605561753 4.3061501017040697548
6500 1.9849330025377487363 4.1797727656355698755
6600 2.0998075304485404047 4.0573322998883796231
6700 2.2899034859133391429 4.489220073380590037
6800 2.4404289088972173083 4.4349796280288602546
6900 2.4014887384023961836 4.18648101849643961
7000 2.3932665550436746926 3.1724693713406502127
7100 2.3809878298090354498 3.1797846749163798385
7200 2.4346818194368489152 3.2743153063751297971
7300 2.4296541816527539304 3.8587040071869398439
7400 2.3482697329783994711 3.0851743743104598217
7500 2.2574106102868385371 3.5381979888915697785
7600 2.2895358049182212845 3.7004983291694899528
7700 2.2091559788633672312 3.519586086549900017
7800 2.1517814253640641375 2.5828392084262898898
7900 2.1344307711443644138 3.0949796578183801365
8000 2.1674610635138562564 2.492685124205820113
8100 2.2553516464721905521 2.4514965772734300664
8200 2.2943400077860234276 3.3640496742400598507
8300 2.4141458850512971246 3.2017875261382697794
8400 2.3643175970126555363 2.2079627868147300163
8500 2.4047712769100093588 3.0111939999563199777
8600 2.2424034512368615779 2.135577074990049784
8700 2.0678845981540079357 3.1759641788087900061
8800 2.0358198793651705039 2.8801281560587401742
8900 2.0023407029969422233 2.2458839762179798605
9000 2.1276496438227123775 2.6965298525485801306
9100 2.1840248161853126341 3.1959463772326199837
9200 2.1280612402123835203 4.0651254974561403799
9300 2.0950322467251587533 4.4868471246456502755
9400 2.1217929459362658839 5.9644402570495396176
9500 2.210756754870248475 5.4520499304595402279
9600 2.2641049775199628691 4.9848998920700600124
9700 2.3485242972065969447 5.2778735081182599487
9800 2.3051541655232306027 5.7963541898610797531
9900 2.3976868219865576926 6.0421110432486804243
10000 2.3238079509924003396 6.0042897574985696352
10100 2.2267325367552892601 5.1046294837226602326
10200 2.1457386384948646807 5.679019405468560322
10300 2.2068803490591730743 5.3750724874275199738
10400 2.3146896209874214811 4.3190842564122196023
10500 2.2256784655947501328 4.2498624323698299676
10600 2.1747336924299944805 3.5946443177304798766
10700 2.0629812229983692795 3.9847193592667902173
10800 2.0620302278158546549 4.3537090661387800594
10900 2.0786890176187888812 4.3311738261920496029
11000 2.0210662912896646404 3.7027284898857599771
11100 2.1049922799894211778 4.257940543640059694
11200 2.1243541862179275981 5.0188853287845400786
11300 2.0980491061647543738 5.3047781127344499907
11400 2.1110139148031477063 5.5858520157649600435
11500 2.1167112884828389596 5.6742609802580696865
11600 2.1608307534624309199 6.3040117530625003894
11700 2.1387598600198689525 6.4004187273937400704
11800 2.1908782714495798061 4.8126737766041198796
11900 2.0133720954898728372 4.3025692778122097693
12000 2.0457345219932308034 5.2436552360827697328
12100 2.0920198001157910284 6.7088296665785502881
12200 2.1308334726291509043 6.2168669423710500865
12300 2.1176051717320776291 4.8593128127669595884
12400 2.0657743249785300854 4.1440953660029595795
12500 1.8997344613817346293 4.1688340626212401219
12600 2.0034782270533910697 4.4078149493851404017
12700 1.9463754363016081417 2.7468352409586800356
12800 2.0117609284400783665 2.5038623582689498726
12900 2.0274774287673840156 1.4149409221169400031
13000 1.9587836940785701145 1.8022653332283999905
13100 1.9668407691863933895 1.5635501331468000252
13200 1.9797041891140623182 1.7363640994991800248
13300 2.0068885184543225897 2.6584749588533300724
13400 1.967737855428353555 2.7568923563540201904
13500 2.0009014045090078859 2.503248491899470185
13600 2.0619015094419919087 1.8394981187378200982
13700 2.0952535746800573513 2.2640431524117601292
13800 2.1369986561224756372 3.0009519354273401781
13900 2.1530697330138246492 2.892517737043950099
14000 2.0875589304116211053 2.734623152073650143
14100 2.0421929559177525171 3.0249897172945798829
14200 1.9720616934180958957 3.0863081735747202039
14300 2.0001345981828797527 2.6504623497868697868
14400 1.9523496037092109567 2.0881378213707200153
14500 1.9941093747181881657 1.8151684464080899417
14600 1.9349289486685530282 2.1570894774634599145
14700 1.9159906264329333858 2.6988675199045899511
14800 1.9217222197400278816 2.213943031056969879
14900 1.9751863704210321782 2.8517811150865099989
15000 1.9876920008144320917 2.5418339624152999079
15100 1.9120238475926445432 1.8587113323521800012
15200 2.0048976929799402491 2.8425260811970698427
15300 1.9889804026438182571 2.8407835973776998095
15400 1.9596416319156517716 2.3352476818154599414
15500 1.9411371891896327391 2.4177123370572299876
15600 1.9891469510299744083 3.0736955929053499936
15700 1.9863489789835369059 3.623509919937939916
15800 2.1108374787451418264 4.274489073275380413
15900 2.0474501661831285837 3.6133786364980999828
16000 2.0696619240129123796 3.7934343748081800207
16100 1.9433520137051645271 2.9314470005365400596
16200 1.9967502416384825814 1.7589358254626399347
16300 1.9821685084755891193 1.6549104945972898939
16400 1.9619585848476328582 1.351731801730069904
16500 1.9377312771500574407 2.5340661264393298246
16600 1.9316193561813841395 2.7133297306914498925
16700 1.9359295371807858643 2.0462314630885001243
16800 2.0369681779814725608 1.4729892165931399717
16900 2.053421325135332598 1.3382102449668300537
17000 1.997136159863596383 1.2430775944336200922
17100 2.0133571690191880421 1.2823184725347500645
17200 2.0014752936387321114 1.3810318921966000527
17300 1.9548888126932657539 2.0644011984897199241
17400 1.9051456619335602749 1.8199885271753299953
17500 1.9759539490536308648 2.2370321958042298505
17600 2.0455404897496376471 2.4023815136268300563
17700 2.0709825695429913139 3.0085142652189897916
17800 2.0957258782908061434 3.3566420663127400914
17900 2.0464151104861154629 2.5338517479455000547
18000 2.0927103690917348011 2.5310621646735800283
18100 1.9734642838717697533 2.4898282976591099569
18200 2.1099464346767908829 2.7332801455631501319
18300 2.0856654683943505191 3.1688611867295097824
18400 2.1160683008616865131 3.7753954813142001079
18500 2.1886761973047335061 4.6545003284784902675
18600 2.1747725005081561811 4.5976928008342401455
18700 2.1623409595244749148 4.7054796042788797905
18800 2.2381862090050264058 5.7985764763618696804
18900 2.2318290208978304179 5.7855096663853098349
19000 2.2117732019253573128 6.0255261138821198941
19100 2.2202780379576889658 6.3138531963591502105
19200 2.2876159784224241456 6.6775941194448300564
19300 2.2928121275863451167 6.7776295721514401293
19400 2.2876593790214343471 6.5246333678746601947
19500 2.235047610780219518 6.7353645594391595708
19600 2.2197234872754241231 6.3175611830474895925
19700 2.1554991878653235737 5.8365919714408303065
19800 2.0655560899438283329 5.4313088392245996161
19900 2.1125834486711898563 4.5935572383278495678
20000 2.1065553733998974018 3.9937327350122000524
20100 2.2008389446992708827 3.2524839692180798068
20200 2.1072247604654781306 3.0830080579976502086
20300 2.0044279128579098881 3.0115286087395198855
20400 1.9792883382552675098 3.1349780692146400618
20500 1.9428260069381610986 2.771970356560029991
20600 1.9460558217873371589 2.4132766580547899693
20700 1.9173072005373750226 2.2386347920457798644
20800 1.9455374734368597878 2.7788351431604398911
20900 2.0924563804240090548 4.0426694076376996634
21000 2.1249829088805021193 3.8741370453177101929
21100 2.1991751936875760798 3.645899514948300002
21200 2.1061491257682689593 3.8601000666170701692
21300 2.0797421349342450902 3.4706644615836799161
21400 2.0819835505479851179 2.5567791648715099129
21500 2.0828148276451079468 3.2497556023664100344
21600 2.0271858601464218808 3.2249092212227998822
21700 2.0806454205620679154 2.8072544214655801298
21800 2.0994773240011084248 3.7087548159480299148
21900 2.1513616601748006829 3.4607327247178898411
22000 2.0992660692808295941 3.7110065489881898237
22100 2.015019945073537766 4.098726473576830287
22200 1.9075664207380671478 3.7458063243754500249
22300 1.9750793541174689327 3.2454651415590300978
22400 1.9504831393829844544 2.4017409864339800407
22500 1.8654212125306532943 2.2005073458572499412
22600 1.890923039542711459 3.1673530117638097892
22700 1.9042944316105823166 3.2456087992878699389
22800 1.9392349321560329312 3.7280215977241399905
22900 1.9598505743092464737 5.5242378221249301973
23000 1.9951442807305803662 5.5885135618042003358
23100 2.0340436467881772842 5.3304244556585897996
23200 1.9914194100263065135 5.1390968349211103572
23300 2.060666878614084041 4.704396032173000286
23400 2.0702567807635037234 4.8171946880876603814
23500 2.1119895734050668779 5.671799540076129631
23600 2.0961319473847312977 6.0326050164744700055
23700 2.019597878222149312 5.7846587496694601427
23800 1.9803080983838137197 4.9473663551587696574
23900 2.0132881836178762036 5.121830528841719854
24000 1.9987091025232441854 5.3085247312420795751
24100 2.0111935075179525612 5.1070468467703502569
24200 2.021172509712335863 5.2341835767581104122
24300 2.040187444095672209 5.4652019051393097016
24400 2.0033818786483834629 5.5738044382897298235
24500 1.9211733454845194569 5.6648714120080700951
24600 1.9875117643391613242 5.9669961321118796249
24700 2.0078432739860141432 6.1862061405607198239
24800 1.9983965430284424958 6.2117614466643900073
24900 1.9108642596361615773 5.216323495278340161
25000 1.8762636210017611393 3.7761579462208798574
25100 1.9110099837501044462 2.8955713753743901329
25200 1.9566041845535044885 2.6245653872883800695
25300 1.9717874593721698151 2.8680077977513400711
25400 2.0202264839055863455 2.3896583901112000703
25500 2.0563311482200252733 2.2988728397813997795
25600 2.0759290828607075419 2.3589637859443302048
25700 2.1396094519794415234 2.8499341336017400828
25800 2.0712014418086597267 2.7467708491330697917
25900 1.8994793595456431756 2.8176586712193700812
26000 1.9418342004841862014 1.8093645983200798977
26100 1.921336878360507372 2.0169262108672700862
26200 1.9937763858287131935 2.9605891658600000937
26300 2.0152550169981759964 2.4842750382866198855
26400 1.94010281308465804 1.4421754650128200126
26500 1.899864531691181524 1.7990981116227600101
26600 1.8765095573867920375 2.7125277840180501698
26700 1.9035079795380331902 2.5937569308041599214
26800 1.9595252176888142692 2.3177693432991000044
26900 1.9582259324971031944 2.485740220937119993
27000 1.94321454179664177 2.3257657932262199019
27100 1.9592729785512590368 2.6144340441467401881
27200 1.9109050483822245248 2.8294589129949399009
27300 1.8728241428358383125 3.5857918918678199915
27400 1.894184466799590405 3.1081964662482599593
27500 1.913081066294996635 3.3876710440413799752
27600 2.0032354181249916181 4.3500253161208002339
27700 1.950099001283241984 3.3550445651768701083
27800 1.9291216389470435821 3.075265439922060029
27900 1.8959334322396090844 2.6029607377813199776
28000 1.8834421645927017508 3.5099197956116401365
28100 1.9175665626192239799 2.7336842289763700897
28200 1.9044083295637066477 2.018778687349390033
28300 1.9358294389723826878 1.2644308819833500745
28400 1.8997668070420812292 1.1636336689944499767
28500 1.9022572863796114451 1.3052888597160399176
28600 1.9277319764918798839 1.208657441160259971
28700 1.9120191787933662475 1.0677787832030098958
28800 1.8445996304808904842 1.2477815291686700228
28900 1.855474888604500272 1.7764291050906699798
29000 1.8817541373381407865 2.2135593709309899779
29100 1.8595721428101887884 3.5351255231305098725
29200 1.915174256245739004 4.0125112971589995681
29300 1.9245841765606530593 4.1563544992777599063
29400 1.9431120487295103771 4.9736009745591100994
29500 1.951107222216741155 4.8501751153172802944
29600 2.0417482997714775372 4.8194803795935898805
29700 2.0028958730050629988 4.4887869678685499153
29800 1.9748540458211656379 4.6229623478859496188
29900 1.9441901003364203682 4.790240845221999777
30000 1.9649847694947459864 4.7234014960678996076
30100 1.9349703226807422052 4.0780913083861900503
30200 1.8779154422516575185 4.5700009511713099997
30300 1.9134232089892886375 3.5956310991861299975
30400 1.9106139984743548688 2.1774771436105901934
30500 1.9380426094413698568 1.3454214250257299224
30600 1.9178018038703896764 1.2440192583999198916
30700 1.8721366984189922178 2.1923983924447698612
30800 1.8650964944753469776 1.6197895964775499422
30900 1.8844726527095156943 1.2378913279269601055
31000 1.9250132359461096243 1.034919071459140083
31100 1.9721750604252352712 1.98421126801245995
31200 2.0052452926481145745 2.3818341220301899597
31300 1.9618934011070769952 2.011832051512549846
31400 1.9628722968330987175 2.338636110075179797
31500 1.9559103810299862669 1.9172172271086000972
31600 1.926882406251362978 2.7740848926909298378
31700 1.8570631351714792512 2.6593998721619001024
31800 1.8937889436523274167 3.7030197956272199455
31900 1.9506917350346437701 4.5550545891380203045
32000 1.9143611873645063337 4.1474794362078704069
32100 1.9311507933413907256 3.6911884340333398491
32200 1.8907113676614206721 4.0089604971112100529
32300 1.8812793266570748685 3.8718732225016099235
32400 1.878718361983795937 2.8548467768439698133
32500 1.8846107078208440555 2.9125823370362700082
32600 1.9050413491100535168 3.4304667572284999189
32700 1.8565127998718846669 3.6791994799627700807
32800 1.8493638627561899135 3.4509458297861201892
32900 1.8608989413726328976 2.9472551238817801256
33000 1.8545885597614022444 3.1622146272290301283
33100 1.8340768768766015917 3.1625501095507297933
33200 1.8454251240782373333 3.2737654120742698538
33300 1.827047728138580851 3.7593025085276701169
33400 1.8597869446459647236 3.1825216158492399821
33500 1.8717418826983740487 2.9387724903643701602
33600 1.9536591199077983916 3.4221164902428600207
33700 1.8692696340085785955 3.8852348011652200199
33800 1.8472863594048605229 3.7945965711618101501
33900 1.8605311989602086875 3.5538330249207699119
34000 1.8160546385657940771 3.5614667744914298986
34100 1.8440266042174300321 3.2171349105952300462
34200 1.856234657985400105 3.5012632606843601124
34300 1.8766106413722016821 3.124949776607869989
34400 1.9164859909652289804 2.5749799056276199138
34500 1.8963319978665689192 2.8081702563686601337
34600 1.9120953002878358085 3.0633232597704598277
34700 1.8785238495678120429 2.8815032786739500636
34800 1.8780703309597279738 2.6547370905285201381
34900 1.9033932058010560873 2.2928829726720501014
35000 1.8617610833524054215 2.7625513772921701516
35100 1.8949326866788016588 4.8770322634205101053
35200 1.9158659834519529142 4.9961719259686097061
35300 1.9181275992686066534 5.1591056077897503584
35400 1.9737942078855896799 5.2306265262094697732
35500 1.9561408888829157071 4.5474950141999403996
35600 1.8924172017537490564 4.8760326025155098506
35700 1.8890583245148200309 4.4582389320516897513
35800 1.8989340890045156574 4.4602209336035798515
35900 1.9448308788954145054 5.4148352752419803835
36000 1.9572401167401127786 5.2985482055133799051
36100 1.9232634838347879569 4.7222774788926402678
36200 1.8684896316563801566 4.785676115049669832
36300 1.8407266421815116075 4.9396866635110399102
36400 1.9247417012262373337 3.9846542617453999391
36500 1.9249488762303366141 3.3896987143988401847
36600 1.8940403734819117876 3.6137323760150601437
36700 1.898798731629755876 3.3642521224691401827
36800 1.8943011413181689573 3.0903346513464700074
36900 1.8445056554973311425 2.8806313486989898465
37000 1.8589889682306519614 2.8599075622252398965
37100 1.8353780837965820716 2.9504829382877000299
37200 1.8650769510333078394 2.362397756235310009
37300 1.8426826382150593986 2.156695725422069998
37400 1.8772674372723991976 2.2173488688340201591
37500 1.8554909893846871505 3.1998759928114601792
37600 1.8831295325614505476 3.1953552016057300555
37700 1.943491375887443029 2.7366326272476197978
37800 1.927251577445533437 3.083140450036919944
37900 1.8880024170907541148 3.6887003118657499812
38000 1.8419640291442536117 3.2526907640784101794
38100 1.8408865917189434214 3.224216294488599921
38200 1.8712643171418961163 3.8847095324265601413
38300 1.8538282005481843129 3.6800627304431299258
38400 1.9089397049708149989 4.0326476966310398353
38500 1.8537637288814099445 3.6108289350102498183
38600 1.9143449873217415202 3.1469489932362297857
38700 1.9412469448969464914 4.0337386274266702202
38800 1.8901594569528432643 3.45014573909040001
38900 1.8895739782066509616 3.0759632381954200575
39000 1.9243111622904307545 2.5951816179481599356
39100 1.891180583390933867 2.4045558373432598387
39200 1.8682405830286512582 2.4109055793500000497
39300 1.8365352423334644349 2.9115282575057199743
39400 1.8963574810585028807 3.5950718967289900796
39500 1.8683411583314892823 2.8962358306855398027
39600 1.8292567695671206884 2.6669912911266400179
39700 1.7902261351308106363 2.5587910078495799127
39800 1.8531693148577992325 2.8564973350435698407
39900 1.8364500591177044253 2.9420916951413800255
40000 1.8295916900269619809 2.4131419627486700996
40100 1.8766610222824862131 2.2063717152649799935
40200 1.8301227423234467384 2.2257508149927498486
40300 1.8586128621316757581 2.7853029000555098449
40400 1.8722248304340216585 2.556658272825859779
40500 1.8367977270129620671 2.0595765965851300372
40600 1.8358978207484439871 1.6839166199385899869
40700 1.8249937704487435575 2.0228891610596702044
40800 1.8235353921966461765 1.4594473479860499143
40900 1.8682526756864967776 1.8188957945704600228
41000 1.8689869593136183568 1.7966519251549799563
41100 1.9274025607468199262 1.9589033621268199248
41200 1.8342431374000103261 1.0550734203794600585
41300 1.8510090137416568279 2.2017131161152598828
41400 1.9303999319363394083 1.9839854518695800856
41500 1.9485778239147280022 1.0210794569561099099
41600 1.9304577529527628954 1.2884545924279600104
41700 1.9110620169034782112 1.0688520040038800296
41800 1.9135589928405882798 1.155786213417810071
41900 1.8590524319588039859 1.0516076932788600562
42000 1.8851538640381173551 1.6519914186030999481
42100 1.8525179421132342839 1.0794926597365299692
42200 1.835577627192475747 1.1659000108140700203
42300 1.8466381787168313355 0.98392709221841101463
42400 1.8209688708929072654 1.4160094515928101089
42500 1.8222948553029683083 1.130471069436610021
42600 1.8345708811105820857 1.326967003822669966
42700 1.8606529729768854775 1.0726981727781499387
42800 1.8550151384610511496 1.1039590430882699756
42900 1.7866031371097039759 1.128599068114370052
43000 1.8790105706141577713 1.4554486289176100655
43100 1.879325266038879505 2.0884788978715200791
43200 1.9198965491886621493 2.8469197295668799974
43300 1.8600668803641642324 2.873040577750160196
43400 1.8177580182941508458 3.0911222073977397962
43500 1.8743328156179299704 2.670403211567740076
43600 1.9055069135578304174 2.614640538571559869
43700 1.8752182596693678374 2.9140603834473202127
43800 1.8163435344588743092 1.7406394435389000996
43900 1.7958214569804158423 2.1273811168311498321
44000 1.843972303601207452 1.0427891062495200369
44100 1.8244596508520134481 1.0805282223973500244
44200 1.8436889996567864536 1.2898641022469901074
44300 1.8508488972056709176 1.1235027324213799904
44400 1.8401052632800811715 1.2120130394299299947
44500 1.8823733277681162779 1.1626156798779199164
44600 1.8747361782840785693 1.2622258892558699817
44700 1.8428664241452772377 1.2624784644719599935
44800 1.8106483874311070092 1.0726176276137699972
44900 1.8579780829826968436 1.0741164716785200905
45000 1.8204280728759072439 1.2123077074396000352
45100 1.8381421264858530673 1.5021117783131399115
45200 1.8670997198946492901 1.8517645363467400976
45300 1.8548673357348972601 2.1235184741934598485
45400 1.8094274370872052149 2.0172118507508001173
45500 1.7999211164678869945 1.7401421114909700893
45600 1.7848860005483762059 1.8143723673490299575
45700 1.8299890071384539159 2.7262018564369898677
45800 1.802180747104848324 2.4503610125776700279
45900 1.8442366559398477577 2.4251501188254498409
46000 1.8209758087454670505 1.775891208355820039
46100 1.8480104359954214743 1.6206695632256200579
46200 1.8661176945175539377 1.7534698036822100597
46300 1.8856959478944719244 2.1369755661162002092
46400 1.8494641874589914377 2.652204998114159995
46500 1.9017797765859674186 2.7969919762586701317
46600 1.8605760615662900737 2.6811690176932700957
46700 1.827118332224752173 2.1878939200973599455
46800 1.8367085946344783309 2.4216286553333401521
46900 1.8403515084011046188 2.2254857393741200866
47000 1.8734756865095512079 2.371727248447290215
47100 1.850971520288729133 2.3609399917635300881
47200 1.8745581837459894814 2.8433216351899801566
47300 1.819312187398647529 2.6061445979330599698
47400 1.7894697516868216525 2.5278335209133198092
47500 1.8456108624697735721 2.2991263655234899232
47600 1.8180597721963236424 1.743516859405070063
47700 1.8343489993491237655 2.1689566019079999926
47800 1.8491760242526813496 2.0393662168754200792
47900 1.8128153426080813038 2.1222222379279500615
48000 1.8582600661099699657 2.6815181954305598033
48100 1.8692846514032854799 2.7991929596152798077
48200 1.8488741925457381488 3.0319417608401701969
48300 1.8905853160092631615 2.807463256629750159
48400 1.8124911000951180462 3.2340158309208599796
48500 1.8546997319294591389 3.1201066606352498845
48600 1.8476764842377597642 2.8248775635570502196
48700 1.8660081877951972817 3.1171699476633101256
48800 1.8624025860725113013 2.7270275726261199445
48900 1.8529216369901884143 2.6458858190412501976
49000 1.8766891927302111753 3.0872533810260698317
49100 1.8856683164856873347 2.989361127000190077
49200 1.8663782895807705664 2.6004946496155700864
49300 1.8435341725164375859 2.6410671815335597934
49400 1.7852234057658165067 2.7051731667531098147
49500 1.8147860594046369975 2.0556428253678897811
49600 1.8007060456674666149 2.3251938740437601005
49700 1.7747791070480705145 2.4448550691507198174
49800 1.8028657699889363286 3.7840386743252598656
49900 1.8318342996881824547 4.1479385508623103362
50000 1.886128775975461469 3.8073474038868599933
50100 1.8587394475025529328 3.9191777522236299625
50200 1.8588228541603009081 4.1983543062248500632
50300 1.8379751756863957901 4.5548399898911302586
50400 1.8694326709495736605 4.148679814574699698
50500 1.8143632454153055811 4.3586011208416399754
50600 1.8803968157068209344 4.2122822469537899437
50700 1.870781900534353559 4.1770379772426595721
50800 1.8323579770116267262 3.5737737134125397986
50900 1.8187924997979232344 3.0776582936129699419
51000 1.8291774211767399816 3.5002335930424299804
51100 1.8114360524487942428 2.7852162543642298154
51200 1.8277725961248345588 3.2737085210592100637
51300 1.8750931499506073852 3.1169377146626398023
51400 1.8642121393817545627 3.1323634569591498611
51500 1.8372103582861882831 2.9732620588136500217
51600 1.8301939586340787436 2.9840467281124998244
51700 1.8572278383097069465 3.5200996337753900356
51800 1.8207626571905000112 3.6288135617598800131
51900 1.8419475831029541446 3.278108564259360147
52000 1.8373517378889254736 3.402212876126950114
52100 1.8541932057777781306 3.4382553210857600412
52200 1.8353450130127750839 3.8179388458580301169
52300 1.8248616196211853158 3.5010509207468900605
52400 1.8112175858189023536 3.3653873289640499067
52500 1.821974056630213612 3.5207072813821600477
52600 1.814749447303659835 2.5110921748954599941
52700 1.8082923811393927238 2.1100635372097498177
52800 1.8039009631872227057 2.3162487291128202038
52900 1.8199163951037655718 2.4539301296621500725
53000 1.8293044718044233488 3.2219872097281800905
53100 1.8095511093861360585 3.5756019933170501979
53200 1.812953618260356059 3.9334174219645099413
53300 1.8161214563085252838 3.9031183254467300969
53400 1.7950526461161719904 3.1931838533021599247
53500 1.8066794951216229581 3.4489111680667101645
53600 1.7656607671014981076 3.9076094668282799205
53700 1.7784126367309900374 4.1190384847399501567
53800 1.7964750226135854927 4.1544169678235300935
53900 1.8279574185751228388 4.1969281068332602302
54000 1.8340398453121022904 4.139871854467140011
54100 1.8487069681543799593 3.7624160385587099853
54200 1.8143246912126962389 3.8037448086169498573
54300 1.8378183614301679683 3.2977475364979000894
54400 1.8302093347841041915 3.4897258394652399538
54500 1.8119808860561021913 3.235655775411539814
54600 1.8137620680353567781 2.9421277537794501278
54700 1.7857088084828811603 3.02562321571708015
54800 1.7851422587472631776 2.7501548117803000792
54900 1.7908879731063620522 2.6044900705043101397
55000 1.7896115965781687063 2.7014199129596998539
55100 1.7925486937385706199 2.2395666332082400096
55200 1.8160656940349777511 2.9394031406335101586
55300 1.8004886054304309884 2.9491793610443299833
55400 1.7980831305616182814 2.6534621919518599498
55500 1.7872835715103974064 2.8772702643467700234
55600 1.8097150079101154141 3.2515927761882501557
55700 1.8290503272126836798 3.3047083027628700869
55800 1.8095415023366232532 3.7969744509620300121
55900 1.83071050783151823 3.5372471334578201585
56000 1.8655311044444649049 2.7492850816121698898
56100 1.8591453046356041234 2.6148710218005399852
56200 1.8027678313299673185 3.1586303410434100059
56300 1.7876585450151167844 3.3813745131841401736
56400 1.8391046602968592616 3.752429400965230144
56500 1.8217355951009523984 3.8655674697218400659
56600 1.8401504991469035399 3.6179459992220501796
56700 1.821790757195774102 3.6008715287544301731
56800 1.8173594082177264575 3.6718576138250100804
56900 1.8233773038394471833 4.0924094877809702453
57000 1.8364796932022977582 3.3002484774209599472
57100 1.829778292917286775 3.5985409019093399507
57200 1.8352631187240866506 4.4153512522235303095
57300 1.8338582864817858376 3.8256721307829399947
57400 1.8953546102491924952 3.8773881991470799946
57500 1.8515164865334223787 3.7214506933312598846
57600 1.8318215416327106038 3.5090265361223398344
57700 1.8276102674029734985 3.8689895362355799513
57800 1.8235869226789100939 3.7710065619976398388
57900 1.8129088495832197392 3.9231193513620201685
58000 1.7934640987467855844 3.9264589248805901178
58100 1.8298564401355015274 3.7882823646436598608
58200 1.7867762674715228499 3.0024014596314798631
58300 1.8168418670519255187 3.8825455577455798561
58400 1.7870111445748912971 3.5317797397089001343
58500 1.7593242645258777568 3.5656016917071298167
58600 1.8063588980749776258 3.1580988437898698251
58700 1.7830695159252767379 2.6729655354131698353
58800 1.8044226022954428235 3.3400451485788198447
58900 1.8311546721414428962 3.56448712407167001
59000 1.8096213174700757076 3.5042685731487401846
59100 1.7899075457989190863 3.2863129017099099727
59200 1.8300699603432648566 3.492133235407000047
59300 1.8244585857379531646 3.2608701902271501893
59400 1.8567412967695555714 3.4619715634058700893
59500 1.8207816632691056213 3.0523627015749101865
59600 1.8199128123823777869 3.1015718697474201626
59700 1.7934074537382111991 2.7645854094163100356
59800 1.8193632131549759556 2.6731786299663600204
59900 1.8477759977311050132 2.9601018511251799836
60000 1.7818797550005158747 2.7966311260975600383
60100 1.7847668179795259658 2.8077586142241899303
60200 1.8045654591576991699 3.1774165404567700222
60300 1.7950163688537250639 2.7272533780113898949
60400 1.8283217359272025959 3.0379188299636998849
60500 1.864253422346100697 3.2932151673028902117
60600 1.8594228814138467065 3.6717548868316298716
60700 1.8318851382583354326 3.3865970255493897945
60800 1.819194339926998083 3.1712599421635698782
60900 1.8575450651024278947 2.6869244345656300155
61000 1.7852195424673906743 2.7929959176994798575
61100 1.8106601345801611735 2.5814383622164100984
61200 1.7962336582194038392 2.1363806786630799017
61300 1.818188506125512971 2.7531792101726502153
61400 1.8369380697449531059 2.7979810859522498134
61500 1.810987966031045282 2.3699958101564297941
61600 1.7739843429660293594 2.175946322020600121
61700 1.8108303537333714228 2.3052157487665301261
61800 1.8203862551402771874 2.7834769664511900267
61900 1.8140372912773363723 2.4322308399508800747
62000 1.7868545114943699126 2.9041703743442401908
62100 1.7720378801177796291 2.5009502043875100341
62200 1.7843821739893566125 3.3507313637093600889
62300 1.8459081284846607929 3.502741585645900102
62400 1.8280539996980176287 3.7460991805677399391
62500 1.8166175674387787797 3.2675156618078498028
62600 1.8303086037537219521 3.0060506689947499304
62700 1.8183320040501302906 3.2251074358387699093
62800 1.7837477725604460321 3.1364774436013398429
62900 1.808901686716569257 2.5062280628297401996
63000 1.8124642296900834726 2.755615853310419805
63100 1.8296678708491276311 2.5329382456435598492
63200 1.7805552589580682099 2.8430941609647000234
63300 1.8071164727324922072 2.8366418951719500896
63400 1.7982395264326658246 2.6781835564120402005
63500 1.7981956308646482867 2.8021738363247599146
63600 1.803717419127417676 2.8790637524149400583
63700 1.7784616071417604921 2.9780436797822700257
63800 1.7576285392354777937 2.7390383749920301781
63900 1.7938391737993431008 2.7215053395224502175
64000 1.8089887158139446033 3.1730273067119800778
64100 1.7847001207750277096 3.0553302603290699579
64200 1.7766377958556467398 3.1393776450067698569
64300 1.7927625135742935036 2.9276365076012700328
64400 1.7631458973418940861 2.7698145686343900174
64500 1.7673567065191626568 3.0689513131489998266
64600 1.7799450967550791702 3.2608690759888299127
64700 1.790990661208279322 2.8303871724594600323
64800 1.8031742152576064608 2.1882548201682401334
64900 1.7915894040265809561 2.1682203938566000367
65000 1.7718838530678877596 2.5176610531370497981
65100 1.7614154146542007062 2.4998871817604499945
65200 1.7727936215447794854 2.2681112153419298316
65300 1.763415303414654689 2.2473140291526401136
65400 1.7852774033924034836 2.3367955348358400158
65500 1.8073295970726643844 2.57949203673164007
65600 1.7867496040204418062 2.1473557681526300733
65700 1.7996292863830638531 2.6147186779955298164
65800 1.8073453132137400345 2.2992396182877801181
65900 1.7666002172455688157 2.0646035430397802202
66000 1.7773692742417643853 2.0122159949023599168
66100 1.8122678676250663088 1.8831154684266599997
66200 1.811254581749934367 1.9098891902319199421
66300 1.8007411244603124256 1.9825058652355500577
66400 1.8459492997224853372 2.0357864071130200578
66500 1.8731391362726894645 1.9987581528842799372
66600 1.8118438408392563144 1.9080520001188199242
66700 1.8385424012614499656 1.9481608391125000423
66800 1.8230160120962182191 2.3575048988959101948
66900 1.8426953813773292445 1.9937651191864000921
67000 1.8307349594137078963 2.0532562904332198883
67100 1.8163311414787608467 1.9675309449753199953
67200 1.8538678339863861044 2.3403014634220200563
67300 1.8628412847938413677 2.6395819616678100061
67400 1.8530196428153156152 2.4717469121622599459
67500 1.7907690967632572399 2.0338150695846097804
67600 1.796996689020801119 2.3403810394994999378
67700 1.772274782255362835 1.8719284540512299841
67800 1.7784201764586706762 2.0227828023143099578
67900 1.7814753276669454962 2.1530235315698700305
68000 1.7740741538676121358 2.0555779222872501144
68100 1.810257927752289886 2.0062222759433101515
68200 1.8134954445839561732 1.8579382997363900198
68300 1.796777543303234248 2.1221927983175001842
68400 1.7925964131901013232 2.2223043524062697784
68500 1.8610749531467098983 2.5237033673617701446
68600 1.8475370711888081665 2.753594518941380187
68700 1.7958387112851441625 2.4195054491807099772
68800 1.7874348731149627412 2.4776307863432398548
68900 1.8246760687911200982 2.4665737698976299974
69000 1.7646999482560321582 1.7778914538736299011
69100 1.7713796893284232681 2.1276714863106800379
69200 1.7927385710150809395 1.8604511696590000369
69300 1.7808384838992354915 1.755037551481440028
69400 1.8142988732659452999 1.8990302547192901006
69500 1.7825187456750131165 2.3343951818236701179
69600 1.7900633127728464711 1.9849627138957299799
69700 1.7564013747357742901 2.1008091698832500605
69800 1.799636960214188619 2.2077243030705400173
69900 1.8046228797367984686 2.2538977967500701816
70000 1.7622398933823419931 2.7232816577251499623
70100 1.7673300174300552445 2.6694134271946401427
70200 1.7759594417553712375 2.6514993970444500349
70300 1.768608928763308219 2.5349339925307399213
70400 1.7567665991361445244 2.5803117553462500133
70500 1.7619370977464907657 2.7231682725940498102
70600 1.7469842481337072293 2.7405511540574498675
70700 1.7649887153936352213 2.7675351822400799939
70800 1.7707381965826065606 2.3909245502462499466
70900 1.7323721500731519285 2.155915910807309821
71000 1.7609899667995103645 2.456060762377890061
71100 1.8081416059706929556 2.1363154212605199866
71200 1.8159855471917945025 2.1252337534509000427
71300 1.8066697905363073851 2.1666321736992100178
71400 1.7836414029612952525 2.3805762093636100296
71500 1.7831219352486669116 2.5748380483735702207
71600 1.7774067844188761178 2.5236199924709099562
71700 1.7907390458064036398 3.0715126788067101948
71800 1.7559970640725792723 2.6956323885674899898
71900 1.7276711133562290268 2.623384610507879966
72000 1.7681396282918917517 2.4153470649024297856
72100 1.7536487965101679176 2.0444940170346201924
72200 1.7664495199990288832 2.1779042128331300709
72300 1.7829564247925684395 2.6458281562488701333
72400 1.7722225595179019741 2.3198386653473601626
72500 1.7721773089000505408 2.8030591913057301134
72600 1.7599470492565525426 2.6512729965515497987
72700 1.7501348275954151656 2.1084385650398598244
72800 1.770754972848088471 2.2209225703622301751
72900 1.7918749638388142831 2.2780537714570998631
73000 1.7759179394848174649 2.2299340578048298944
73100 1.7873838144185969501 2.0705896364330200754
73200 1.7935303010111067756 2.0668843668305401096
73300 1.7981760166067970452 2.223843541175940075
73400 1.7729024334249690042 1.9785499398293899809
73500 1.8228375246262746856 2.6547761578586399622
73600 1.811955429115162497 2.350922966491369781
73700 1.8373873672204004137 2.1726003831536297994
73800 1.7948140500634086614 2.4669268229368799261
73900 1.7740599307624722591 2.2495743378953698688
74000 1.8337873476260133643 2.7782238139177000136
74100 1.7900509883671806843 2.3974089482720701838
74200 1.7676557071657044151 2.1060928241488898749
74300 1.7740750804381224537 2.0833046144454101523
74400 1.7853176173868749999 2.2905572314723601224
74500 1.7802675504655101069 1.9326174110775000692
74600 1.7679000879328470308 2.2685774485947800549
74700 1.7805800383764160966 2.3386274759278800062
74800 1.7844520692913334869 2.0842074054483301637
74900 1.7630690410200380303 2.0431895833585600464
75000 1.7872131234569130775 2.3636413218846299422
75100 1.7645003746338474571 1.9010081911190299664
75200 1.7866075547105870758 2.0463908619777000375
75300 1.8285559647952160933 2.1738298984998398744
75400 1.7966090896104776053 2.1952951519887000664
75500 1.8043096645761833585 2.1727871834882002133
75600 1.8292712149872074612 2.2951287538233398067
75700 1.8279477988134322786 2.8130750005937699143
75800 1.8039104196124786661 2.7836828538054598781
75900 1.826280196445402737 3.0620404427906500189
76000 1.8176963924606768241 3.1168647927476400561
76100 1.7676700343678681815 3.0562319705912899259
76200 1.8214304478074139215 3.0508020681387000295
76300 1.7964100320657465648 3.2407689022886700947
76400 1.7905363972602270639 3.1764550928748698233
76500 1.7733574190967342776 2.7775874188174598522
76600 1.7974462280039908979 2.7924532357120401826
76700 1.781123558897271586 2.6448913878860800253
76800 1.779218260258756068 2.3603639433199501418
76900 1.781546210279636 2.3931315561120500846
77000 1.7574991248713744962 2.5421112167186898922
77100 1.766417367009151862 2.1605448012095900268
77200 1.7574966448494258042 2.3395126793705998125
77300 1.7602291914087326852 2.5018334374342501292
77400 1.7399870343704182396 2.5301156271840699041
77500 1.7519558578887892697 2.551677852709560046
77600 1.7821010095290441555 2.6532595796143301214
77700 1.7686936381585711686 2.7689584100999300453
77800 1.8083568563712832944 2.8278707917989001075
77900 1.7816844258195878581 2.6753518172626198357
78000 1.7863502377319833148 2.7416691543473299397
78100 1.7804467054960959604 2.3448489397254399513
78200 1.7740026894658424972 2.6704059722659998499
78300 1.7638716407934100783 2.7483864222571798841
78400 1.772774871657127882 2.355658439570509799
78500 1.7928597129317156433 2.3480364903401600429
78600 1.7697467180653287944 1.9334775621737199103
78700 1.7570399678400723253 1.9374957774515999542
78800 1.7732021439587302147 1.9450032397799599249
78900 1.7913714123206876394 1.9614351808480199324
79000 1.7602911580564670757 1.9821135352912799821
79100 1.7978708959106852738 2.1332508717638001272
79200 1.8337485162867492861 1.9668033040159800251
79300 1.8221295085705813133 2.1119453959179601554
79400 1.8001177646042605396 1.8300271144865600803
79500 1.8166010631870188607 2.0040687486177000132
79600 1.7937078639519719037 2.0709205326692901039
79700 1.8014379044309523081 2.392467761669390125
79800 1.8080092335692541372 2.4310203093425499787
79900 1.7801819056631007498 2.2922315885903801203
80000 1.778532925764464645 2.3280307282590197993
80100 1.767784564821339055 2.3801022204997499543
80200 1.7817920008169283452 2.9333784609496897922
80300 1.7467126073734500213 2.8106714270625698937
80400 1.7788611810213312836 2.9797584364024598536
80500 1.7578420052041847654 2.6315856158536199416
80600 1.7512928070092561583 2.7436000773997699653
80700 1.792771703722460197 2.7428019502523000028
80800 1.7850175900807290219 3.0113981467242201262
80900 1.7534597580210871115 2.8145746779078799626
81000 1.748554373195728262 2.8688009063584001268
81100 1.7630085971050741822 2.6075073195649398627
81200 1.7640454621926078271 2.5725612375121098552
81300 1.808360912875030424 3.029573914512099897
81400 1.7833059721457693581 2.9159057021212499983
81500 1.7606464584438081822 2.9828516500208701601
81600 1.7463022807671890746 3.0322881156690097981
81700 1.7709111657105638393 2.6132323485199098201
81800 1.7651872754209021465 2.1592330316131098655
81900 1.7568705476494077544 1.9893837997909000759
82000 1.7619483588934574669 2.2724260584845001887
82100 1.7826870881443535044 2.1713438819520001211
82200 1.784044722157899443 2.2439697323967200404
82300 1.7848611762820265625 1.8631451732241699482
82400 1.7828757353290538568 2.279897599603899927
82500 1.7570058323326240846 2.1526761615670100269
82600 1.7681605836630780448 2.5622502985492801031
82700 1.7484545727616822575 2.3645198303812398066
82800 1.7675377935712881516 2.2178607101663900814
82900 1.7522465471165127315 2.124084271889069786
83000 1.7631109596600553768 2.0753654398822498628
83100 1.7658969804732698172 1.9322943449201099853
83200 1.7696942057836957396 1.9949536913768999291
83300 1.7810291015630632661 2.0320157850858597826
83400 1.7477626366030019067 2.2355026699389899392
83500 1.7550669617671805778 1.9810258705054899497
83600 1.780617493107435001 2.5893785286764301468
83700 1.7780807868777499525 2.7818271635750702053
83800 1.788511441662395951 2.3850474150551099761
83900 1.7891606913867084128 2.7387765105159100898
84000 1.8011621429261173155 3.3768949785113600015
84100 1.7933028393479750751 3.389295990454119778
84200 1.7801738283876604729 2.7600049556234798054
84300 1.7999050598687291735 2.8668163075996200284
84400 1.7713151295013571662 2.8578365349745498136
84500 1.7812205362223378913 3.1449068365056898067
84600 1.7855716283537954592 2.8204384878273200954
84700 1.7738853112887873476 2.9320345124277800153
84800 1.7855023383565895578 2.9872949735482201561
84900 1.8089215921314460989 2.9738057624468101636
85000 1.7985358266750248735 3.2002394994796001804
85100 1.8036161097568692568 3.7292641057521200842
85200 1.7727932319936448025 3.0369750152477901217
85300 1.8015827364417507095 3.042849554813450208
85400 1.7879595890120907331 3.0073063848915397855
85500 1.7850664486100447093 2.806853957245809994
85600 1.7883800543981496212 2.9385070370345500734
85700 1.7854279463006796913 2.8828236812511200959
85800 1.7509543464170078675 3.0262104196608401452
85900 1.7992313434888662638 3.1690882325852101076
86000 1.7806366380864731003 3.0842920403692701825
86100 1.7890613795197189972 3.124579829702109901
86200 1.7760061706138550175 2.7770836183405198661
86300 1.7546678399412982685 2.7954953493000198606
86400 1.7801380809642111114 3.1252967731457599321
86500 1.7954501857213405192 2.832095338094459791
86600 1.7739332021558533725 3.0289719104488299628
86700 1.8114483886534824553 3.0620636361494399935
86800 1.8244369232428667704 2.7999531675526299068
86900 1.7847696251108164933 2.6202528134821401196
87000 1.7948880878724176036 3.0140159634347098994
87100 1.7922348819766964478 2.5815403709839199742
87200 1.7726062234378379134 2.8559943404101701958
87300 1.8151720832298137154 2.6682459457020200055
87400 1.7740256035977806093 2.7737209065770698224
87500 1.7659207862763239838 2.8020699732981499963
87600 1.8140433355538683191 3.0224946455440599991
87700 1.8164742078720059748 2.9570740479604000761
87800 1.7642695146030820119 2.7751906578352598665
87900 1.7925870659368003945 3.1957955057948499444
88000 1.81527080354904502 2.8492283687642898649
88100 1.8036215940315611928 2.4668456457918201963
88200 1.8001769162771981136 2.2553901090101597937
88300 1.8032371093734542722 2.8777332719721999688
88400 1.7951721387959258536 3.101509222731809956
88500 1.8174665361253867779 3.5366856837198601404
88600 1.8164027847812163063 3.1490914792819899581
88700 1.7843904319643388856 3.3248332297380400746
88800 1.7964432152372591389 3.0132933356136000214
88900 1.8385237105408400726 2.9067433417949701813
89000 1.7730739943140998438 1.9680615515852599717
89100 1.799448611308410495 1.9996521572105701026
89200 1.8056017675519560051 2.1589104689649900592
89300 1.7864578335028797884 2.6495234377107799162
89400 1.7958236591447844788 2.737670178783199848
89500 1.7648155363702360265 1.9405251971450800941
89600 1.7754600608446569066 1.9233419398523199373
89700 1.7835361039722172904 2.4693542934207202144
89800 1.7947943436258637639 2.8673391641306200661
89900 1.7641654247324309868 2.7470001968920501056
90000 1.7804542993831640185 3.1061995418084000775
90100 1.7516575948558488207 2.7425863811476798304
90200 1.8065066027176428509 2.555724185045689989
90300 1.7884372193974071852 2.9773063320038599677
90400 1.8183972874023979216 3.0149728837748002164
90500 1.8147613511411713194 2.7825851438015001271
90600 1.7941667400258138887 2.8974002919086099261
90700 1.7680133691185742073 3.4128398678849900527
90800 1.7747248678114557752 3.1769799003760601508
90900 1.7820262470916050646 3.0019220361383398554
91000 1.7585084284521028675 3.0039399845319301185
91100 1.7713703113709382553 3.8207327342867700715
91200 1.7701745719314110339 3.6661092475812098179
91300 1.7510986188420318843 3.2745415520552700883
91400 1.7382618924310260233 2.8710799663655199865
91500 1.7644643758495857089 2.9847500589083297839
91600 1.7497262909407536036 2.8769262777876400961
91700 1.7585506775799684132 2.9404134819425000735
91800 1.7417427683339019584 3.2714299228212397885
91900 1.7666322891782602067 3.4090811390520299184
92000 1.7474929655225421854 3.5999649584432700244
92100 1.7472230468106155765 3.7752332978422900034
92200 1.766355213375484734 4.1105759788401297072
92300 1.7658260936401937169 4.3435277628986401766
92400 1.7635397991357142367 4.5095701743368401537
92500 1.7396740554806480183 4.258801804378769873
92600 1.7896990515798179011 4.0373444706232399781
92700 1.8384601874703097035 3.8144249912496701604
92800 1.7720561747085392668 3.5693002365525599018
92900 1.7747887578673990916 3.2260333240852800962
93000 1.8175685435057014061 2.8342881683796998793
93100 1.7588413733836689712 3.0273648934095800378
93200 1.7653995991353712558 2.7890839570659600177
93300 1.7714490860590745847 3.0672704353539601563
93400 1.7642787892751763401 3.0109865401509701144
93500 1.7581022909136192478 3.1522168241651100651
93600 1.7434951100997670981 3.0210569005287299937
93700 1.7491857509367310097 2.6227730347562099311
93800 1.7754959993449443978 2.6507263655978001715
93900 1.7414932893668300107 2.7976664702385600769
94000 1.7669387209691427287 3.3155513338745201679
94100 1.7615430183831877198 3.8975363560684499475
94200 1.7919580741111362787 3.503451559472980037
94300 1.7756593281275092622 3.8733770818473201025
94400 1.7673550096859149683 3.5472574279160498101
94500 1.7712718257857587023 3.6098485137415199375
94600 1.7691225294593857509 3.7567821744467702061
94700 1.768787666460257757 3.5515809781493201669
94800 1.7569878052121834511 3.1235061572020001996
94900 1.7541251759002096655 3.0297228902932999972
95000 1.7630122284754330408 3.2132226942804500425
95100 1.7538394559634788994 3.1564779496140498161
95200 1.7403990118555519029 3.0752650035800801476
95300 1.7308143193317875319 3.1458391102442000431
95400 1.7607677711704279311 3.8464254764636498507
95500 1.7769384313785452356 3.4143681674133099513
95600 1.7482943154084968906 3.0902298767382898603
95700 1.763221203096194456 2.8505534871865498836
95800 1.7575351706636583859 3.1939237015094898986
95900 1.7534809991817470465 3.4188966941704901359
96000 1.7542920929816534503 3.3307564543537200308
96100 1.7443394832470453526 3.6591579778047798044
96200 1.7373872977654050143 3.6281589539763299257
96300 1.7209391275974572633 3.6663393938282902162
96400 1.7463791691687013952 3.2426071241147500501
96500 1.7420422001051938388 3.2030835610023800086
96600 1.7711277972645516066 3.1762837213650199075
96700 1.754155990958732092 3.1402912136282199462
96800 1.7525809819958804159 3.2641574947746998525
96900 1.7511161418058369676 3.0140917501457100691
97000 1.7846619546977329218 3.56221218613752999
97100 1.761438860388810479 3.3532448556082998792
97200 1.7851201035352473045 3.2089037577211398933
97300 1.7912591789376082207 3.537561582178040176
97400 1.7885237220785485945 3.0918023736304998117
97500 1.7904626256136988438 2.9089323221621801174
97600 1.7769470540202088049 3.0539056549202299173
97700 1.7550323491093811068 3.350112563963750123
97800 1.7388456507565390741 3.3121188602395399414
97900 1.7462892960051761282 3.6384816574485401297
98000 1.7726161523430403744 3.8754492396963700074
98100 1.7863907495290083371 3.816306453700189838
98200 1.7648101404691904914 4.0555911473500598774
98300 1.7719391615453810029 4.0859485908773800489
98400 1.7870194677541422212 4.1201983047217698442
98500 1.7498497039947122911 3.7966321205356101665
98600 1.7548430090603168718 3.7727474015941799834
98700 1.759304593043128806 3.7196755234717300276
98800 1.774406411682242668 4.2091995836473401482
98900 1.7659985456126778836 4.1338126789909699355
99000 1.7521951800662851628 3.6782761605479401545
99100 1.7469580012691621196 3.8319610459002499958
99200 1.7400781828667395423 3.7907705161364502189
99300 1.764443130593476905 3.8023183601199499471
99400 1.7435013266827505962 3.8519635300464800665
99500 1.7735824725988362793 3.6388280050819101774
99600 1.7552203947301558973 4.0049461813297195789
99700 1.7589899324888096377 3.9552319628154499753
99800 1.7461718475413734453 3.9256408963508500065
99900 1.7524137191670925429 4.1376572833871003709
100000 1.7631271430075434736 3.9454387345472601289
