Step Rg Re
0 14.373733463884985184 48.820547682980397042
100 14.364955845867420692 48.55484510114749952
200 14.19758097637889982 47.145212515929500796
300 13.894198415141218561 45.595762810922401798
400 13.482170892268589668 43.94743541113240326
500 12.976517030427684674 42.230691326183901424
600 12.409440618508908116 40.005502481902702527
700 11.798255532102361443 37.041438557582800684
800 11.156560568397390298 33.700692970148303118
900 10.490405935764300693 31.100675589997798909
1000 9.7961885215786903558 28.368678548209398826
1100 9.0826690205902540498 25.54923120073690157
1200 8.3439891031718964598 22.567571134215498319
1300 7.6091999682690856233 20.012852520052501148
1400 6.8635605081641113401 17.743088142069201041
1500 6.1288467223153562102 15.118475641435999535
1600 5.3974909706716180935 12.046562923352999164
1700 4.6782303528549373794 8.9979805514468598204
1800 3.9446098057392231517 5.6211701082664600193
1900 3.216698180617661329 3.98086826874647004
2000 2.5928680422154579688 2.4507678345598900016
2100 2.1291650876324732522 1.5229517948880000322
2200 2.108654290230616013 1.2960864471113000551
2300 2.2834244831014944843 2.3586822137421501466
2400 2.3222818368244744214 3.615930707219559892
2500 2.3835982921103493481 4.8013073077846097902
2600 2.279247401586351085 5.0544447636586902206
2700 2.2232953243133541932 4.4188407838976297981
2800 2.0869169729568062266 4.8469615471846703159
2900 2.2512608799002689075 6.0921088596077597188
3000 2.3332946812593675645 7.0269032666050099678
3100 2.3803524494332966022 6.2728431632231398396
3200 2.3292418291183993873 5.2330398372204003365
3300 2.2677934123068457239 5.1583813244014198318
3400 2.3092607748979374627 5.2181991053166596473
3500 2.3317732021466839321 4.8541479961990203762
3600 2.3480438628664477285 4.7386462331508303336
3700 2.3071806605524631806 4.380641473066459568
3800 2.2047334042001121013 3.6872457873162698405
3900 2.0400333962610703864 3.7017833202121299685
4000 2.0777756867516190553 4.0797318401277902211
4100 2.0722467402323720975 3.6277943075950500607
4200 2.0692428543028253962 3.405280526018939824
4300 1.9927620716011855695 4.2521237011646100257
4400 2.0087558662400017973 4.2661248099560298286
4500 2.0370184206099719582 3.9792321083526398517
4600 1.9729264537322728224 3.8156525552360500697
4700 2.1461103896715485462 4.1931494844053602833
4800 2.2070388212439548958 4.9658222454222800124
4900 2.235502706950509122 4.7187508495188001945
5000 2.1952486361381815527 5.198458720321349702
5100 2.1651049284692538421 6.2323504603939596791
5200 2.1857402716941041199 6.2260280493183604023
5300 2.2654788402474412834 7.2932118310517699555
5400 2.3265096581590039015 7.5100605028914602102
5500 2.2719910416555135768 6.5591221952324403333
5600 2.3434411640737971005 5.9229103245183702953
5700 2.3383544956099209244 4.8448313500321500413
5800 2.2881502368821493576 4.9540969165372397143
5900 2.2139279362428658793 5.0650576902332797857
6000 2.1957077268247289226 6.1908805784552995988
6100 2.236274385703123091 6.166867268410659797
6200 2.1475467837658541725 6.484829832374379599
6300 2.1148684713070839969 5.9570300413826702268
6400 2.0736839022464912397 6.0875222567563298526
6500 2.096388691557617534 5.7146297486288002432
6600 2.0808672982405393981 5.2037023079065800601
6700 2.0500894922478010152 4.816356048043790139
6800 2.0218689713204547331 4.2243249081459497418
6900 2.0846320852613358099 4.3853808120925101832
7000 2.1539350920158866209 5.2180573509890999517
7100 2.2467712372876942339 4.6092235238157197585
7200 2.2002691303669168477 4.7582120660753401964
7300 2.0976723061345259325 3.2075981168179001912
7400 2.0302692706104239484 2.9587763341120201233
7500 1.9928745590316088165 3.5437156496233601644
7600 2.1888877950206224732 4.4682064985752498742
7700 2.2175747574691211383 5.0546308475852601561
7800 2.3264386627642981153 5.0209570344766198957
7900 2.4973356780521061005 5.0348346274816604407
8000 2.6326356180724395095 5.2472697890119901487
8100 2.6121721378481828069 5.6390914059485304222
8200 2.5087159859078544955 4.8275238191406701915
8300 2.4456952747973210727 4.6662051749801101153
8400 2.3210350618810746681 3.7438328765092299122
8500 2.2309986350839161595 3.3995165843443300169
8600 2.1658596579736046905 2.5940144352226601754
8700 2.0602210548980983695 2.4266876267376100706
8800 2.1674553992993303986 2.6159456427014800006
8900 2.2649759560372659806 2.9224407752724301801
9000 2.2668647763226061898 2.9573899275336699155
9100 2.2585509915976573758 3.2215776049075999232
9200 2.0568064444562583759 3.0381039752817500244
9300 1.997263135116982502 2.6946418680311698957
9400 2.1002756239916182679 2.9120537605571299444
9500 2.1525030861188718667 3.0110103167343500452
9600 1.9917405418091107538 3.1009903827647500307
9700 2.1681880053760695937 2.8048160726934900921
9800 2.1809039600993855856 1.3518382399561299501
9900 2.1982858427204021723 1.5478722150862000984
10000 2.1979522864566516382 2.7308668631451697983
10100 2.1423164202975208958 3.2304396387659100043
10200 2.0274427178384346604 2.9787662926436300204
10300 2.0514566316350593134 3.4600643352347200121
10400 1.9962774601311132905 3.7204604753765999625
10500 2.0595740230280763505 3.8228341701687997833
10600 2.0567161925364407793 3.632189151048470066
10700 1.9862339222442015885 4.0251103663611402794
10800 1.9850132344193165412 3.9060848666794800721
10900 2.0297642007752196847 5.2262393193317500106
11000 2.074094695655460896 5.121652399599139649
11100 2.0834840795725435569 4.6911049017738397637
11200 2.0965719601331431754 3.9445681080285801556
11300 2.0611405081518849869 3.2147527349405700114
11400 2.0746333428679806232 2.9324053610715501428
11500 2.0669258167909494439 2.4529244408735699778
11600 2.0060569321270316223 2.8035887433992101592
11700 2.1314166838442778484 3.2528610213079098834
11800 2.0864379254430920341 2.9906970910492600702
11900 1.9901600739702398624 3.265850005690739799
12000 2.0405674463418765896 3.5575649812945497885
12100 2.0318000876133672783 4.2983692213106197144
12200 2.0376947324757517244 4.1247309547637600602
12300 2.184275960140801498 5.2252805840013198946
12400 2.2777908729516109787 5.3660775746041595724
12500 2.3785207698082277972 4.5894293799332803729
12600 2.4580304294820742861 4.4804143964016001078
12700 2.5460619255470184896 4.1967452620622900383
12800 2.5241929594085723565 3.9268147010456200263
12900 2.4076719438493809911 3.8791379702339101598
13000 2.2252775960943500522 3.7809956700668898577
13100 2.1563606619848618706 3.9516667089626698051
13200 2.1533942013834579399 3.4654588823678600384
13300 2.1032435327883423071 3.5583531120760101274
13400 2.0900603102379253784 3.6322935744073499009
13500 2.0453751277021678945 3.3800954197055999018
13600 2.068153105950813142 3.8164897982605801019
13700 2.1695314430385472804 4.1888916628558696686
13800 2.1415681301338747033 4.0159441958279202822
13900 2.0266272504700135748 4.3764212196311600422
14000 1.998471722931862038 3.7483921197049299145
14100 2.1480716729688094091 4.6570982827724503039
14200 2.2744831834702456952 6.0693454838500198179
14300 2.4294493322109138589 7.8911695086805702104
14400 2.4816248429014629018 8.2142231863633305977
14500 2.5457059683791425364 7.7172823198256601529
14600 2.5884201130032638005 7.3596004034474002964
14700 2.5988546324025310064 6.9646893508911595916
14800 2.5037418750831288428 6.2938707641655700087
14900 2.3716540198220754654 5.6670547598422702507
15000 2.2438115017995126088 5.8411697006179004177
15100 2.2441899939061635827 5.9357227824624096968
15200 2.2596643589565683641 5.5105403631170304379
15300 2.2597408889322880832 5.0646687143737896264
15400 2.1388400130575027092 3.8042096810694099318
15500 2.1377443057745284527 2.6777334794145599695
15600 2.1640248112455169327 2.9030888588568801723
15700 2.1787968793199743445 4.3128054879123398635
15800 2.1399565830380722353 4.8504569415706297875
15900 2.2143312013221327916 4.6487406506906800985
16000 2.2576181373314740952 5.0141848051699904332
16100 2.2619109047530039369 4.8595733582685198826
16200 2.3351843480741893977 4.4610745264174003211
16300 2.3544887625465000802 4.4717998724285399348
16400 2.3553798830638998929 4.2413921801278196
16500 2.3465193837872382332 4.0824095487027403095
16600 2.3141624273180605442 3.7909130619480300162
16700 2.3268295841922252976 3.0781518624880699342
16800 2.2753623360746635385 3.6576458375455800365
16900 2.2317661019350656382 3.3858702380957002021
17000 2.1818576837261458579 4.1404556954472697683
17100 2.0779457006978403477 4.1300885133828497686
17200 2.0347230951910768582 3.9994869029286399531
17300 2.0245513292315462373 3.6004783367233699209
17400 2.1068207585924314529 3.6836036812350898551
17500 2.1402996361548662918 3.8253811344695698438
17600 2.1213851785390698268 4.0774675790385996876
17700 2.1807786310706878119 4.5407442581806396475
17800 2.2232212360710090771 5.2076333583769098823
17900 2.2769526117825220624 5.9705593525187499182
18000 2.2663676319339103316 5.51034015502709007
18100 2.2301341576979782921 4.6240686545198999013
18200 2.1600821651856247918 3.8967516413377500939
18300 2.1348725345414609755 3.3572050846781698041
18400 2.1035898666787167244 3.0471747016420698273
18500 2.0529489402510203711 3.7481805856560699297
18600 2.0875193841232277947 4.2003626358681298569
18700 2.0110810582859293127 2.6848836437653300635
18800 2.1094175366451919373 3.491792634234720083
18900 2.0857062064115545752 3.0162420342902001025
19000 2.0467024047821498201 3.1068857217279299832
19100 2.1239294183617904999 4.8690205069535004156
19200 2.0763031936545899292 5.9374877536225199037
19300 2.0393744227192200924 5.757554212189040399
19400 2.062299519233191436 4.8341597522089196914
19500 2.1360391142581782731 3.4153656755023198421
19600 2.1914493822698384307 3.2279949561479499565
19700 2.1439491486373944973 2.8069736035479100345
19800 2.0936600507733493792 2.6344427019103098253
19900 2.0037382180847460589 2.8128605355069700167
20000 2.0878718164868108609 3.0444052563917098908
20100 2.1924553409828870798 2.8430432194021100223
20200 2.2070624185769709413 3.6012418916833301985
20300 2.0814469765285359415 3.0042776745483501522
20400 2.1578079872676076967 3.1802037842368000575
20500 2.175270441868611293 3.5871060636763001384
20600 2.1634447154188376494 4.167085351431500051
20700 2.1525776890118768492 3.9768477310176399975
20800 2.109865114083466775 3.8734050117023901549
20900 2.1130834903262893931 3.9834090259455798844
21000 2.044321009172621828 4.4134328099069604079
21100 2.2071024256134812447 5.1616082644133696178
21200 2.2364861668484765644 5.4245061596245598423
21300 2.2429298288662709027 4.9050311152667500636
21400 2.162649211550264905 4.2899600477836203893
21500 2.1676726714150267306 4.2910054695008001957
21600 2.1905625780546209569 3.8827706973151201453
21700 2.1263745038230275064 4.336121618322519744
21800 2.0973187139536322299 4.1183981688920701103
21900 2.1465303742054984149 4.7363161634540702494
22000 2.1617550427985738892 4.5607172419593000612
22100 2.1284676640777226986 4.7826825745983798654
22200 2.202670014847190938 4.3499206475678295902
22300 2.1435371240147569338 2.9400985715147398558
22400 2.2689717963608249107 3.1171621991779998595
22500 2.3144273917740720847 4.425072069547850262
22600 2.2966198976869720561 4.7772436849548300941
22700 2.2061695711178641588 5.5124541763124401683
22800 2.2564466149224582381 5.65265528330580036
22900 2.2582766814168326874 4.4625153188962096706
23000 2.2565007098820952791 2.9599220022298697863
23100 2.3311377570935429837 3.6353264002858800552
23200 2.3563278184823239769 4.4129339418939297346
23300 2.3193877325410099388 4.4184430894796902223
23400 2.4133798183362911161 5.4252307952403100444
23500 2.4569018625694836189 6.138372905495639742
23600 2.4605234741021377864 5.9445549980354703834
23700 2.444400602720226523 6.1379913286027001362
23800 2.4429362307045341396 5.7213637019182899124
23900 2.3744869131582388988 4.6963663878733798995
24000 2.2564319937523316106 3.8280217059511998379
24100 2.1656370772903335009 2.7851917879673098177
24200 2.2014096107728442497 1.7790665775342000554
24300 2.123522583059763047 1.0544633886096999031
24400 2.0961288262670683125 1.1709714122119498914
24500 2.2025940563765851188 1.2198038827843999954
24600 2.1264332617309138485 1.3114687434042100467
24700 2.1483704191292471997 1.1932212477168600007
24800 2.2352961435420310998 1.629294559629169914
24900 2.2539417654529048107 2.1101651805064900458
25000 2.2572053363531590087 2.413753048187869954
25100 2.3053948898426113168 3.1377721224901597985
25200 2.3503813393816366251 3.0035836070896100303
25300 2.3412457950781289107 2.5866068674770499314
25400 2.3398345057708587191 3.432877324189420154
25500 2.2912264539335938096 4.3491391982958598206
25600 2.3135791437538593129 4.7345844678731499044
25700 2.4214200960421869979 5.9613051674621200249
25800 2.4563417086746865969 6.7733869750909097007
25900 2.4522106972132333702 6.6587997035464798756
26000 2.3941324770071190642 5.5642237410088997152
26100 2.3349644713875274959 5.891104184759620388
26200 2.3030653395453906107 6.4524699506959297679
26300 2.2241403103561658838 5.8633191640732196248
26400 2.2232290749720973189 5.6445919871940102297
26500 2.1874918476633182784 5.5330959271766300134
26600 2.1028969087662310322 6.2889115612673895939
26700 2.0792601106534136512 6.1155081641685296034
26800 2.0269562662584559298 4.7497559666694098013
26900 1.9732665729417291356 4.4456520329318900409
27000 2.0354163805259952724 3.9500574963669099482
27100 2.0490918317938908721 3.6572073800950901656
27200 2.0713303929574795603 4.3872161201281603127
27300 2.1780457712695917571 4.8994392178817101069
27400 2.2449005249117788274 4.5369634031686301157
27500 2.3064258726366482222 4.148239495046530223
27600 2.2334164238014988513 3.6116739010419798284
27700 2.2571199391515217592 2.9036628509139399412
27800 2.2247093921026688257 3.3102812843877398308
27900 2.2104850439356287239 4.0459353456015101358
28000 2.0728057638568468946 4.5482636419329400823
28100 2.0387863048996077708 4.1779640519077299032
28200 1.9837997630754384826 4.2310601229260003109
28300 2.0424935383249769316 4.7746610996278500139
28400 2.0802572660729481413 5.2278691960624099622
28500 2.0926863280815957147 5.223720372417919755
28600 2.1491832495468883302 5.2234995289177801325
28700 2.1783049248031005618 5.6554820532719602966
28800 2.1454123320716136369 6.1136638008163401992
28900 2.1594278084347942048 5.256858759302399875
29000 2.1761840747191802947 5.9293708329771099841
29100 2.1811662355652243761 5.9855651425704499147
29200 2.1330634720102530366 6.4551039895725201845
29300 2.1722332570263471752 7.8825895957019600502
29400 2.121389974283622859 7.1040329696626400846
29500 2.0397243931801694039 6.4727162677152003667
29600 2.0718177883052795174 6.6497796674480298407
29700 2.1062218347733003831 6.1833919333208502422
29800 2.1809370473740643526 6.1589461169277797126
29900 2.1478154916870262348 4.5812808401109803569
30000 2.1029353287975389719 4.0430654874459301951
30100 2.0487280160110099558 4.1048309752232103875
30200 2.0019381643553564309 3.9077114748271699618
30300 1.9899867558225754482 3.585232613206029928
30400 2.1063199697356074225 3.6844670595469599661
30500 2.0602348569465402939 3.3789087313281198632
30600 2.0454023801682494899 2.6088816345902801075
30700 2.0585480959516404553 2.2594249140864901548
30800 2.0097550477471517461 1.5118128267394999042
30900 2.0726952333494002012 2.2542862161754300132
31000 1.9913972213973261116 2.2919244641861000744
31100 2.0043784426833477497 2.3588093451565899095
31200 2.0047387806612486649 2.7957031880744600549
31300 1.9749642413851165035 2.8867034547836198932
31400 2.0486377831313622444 2.7858196504250098968
31500 1.9810768413029076207 1.755357700497579998
31600 2.1084158522336333697 1.668160136745800104
31700 2.0342002706701336479 1.415824256734439901
31800 2.0411198987727856569 1.1509030565197599927
31900 2.0985200002375790085 1.2978614876299099379
32000 2.0560021955616054612 1.2369397174590399668
32100 1.9654573200716645154 1.4461687844377399959
32200 2.0556247352015786234 1.4536239469649199219
32300 2.0236495866275356903 2.097126214948779932
32400 2.0583529544925496246 3.3133158264929698511
32500 2.0229748470261692539 3.8607451563281798279
32600 2.0521705754199022209 3.3167603720099001485
32700 2.0454866835877201225 2.8456531492682501927
32800 2.1030004000253317287 3.0466923494997701916
32900 2.1407290229015782934 2.8061674628348698413
33000 2.2611486666876565721 2.8566460147543000225
33100 2.3400583384128332831 3.3394089170419398727
33200 2.3448225282580432705 3.335702160803529992
33300 2.3364596704350804046 3.7391619603229901969
33400 2.3223172172166339777 4.0762638115336597977
33500 2.3080969115283305193 3.7837060662773400743
33600 2.2423294316150359506 3.9540986288394401882
33700 2.1519951729971422694 3.6368664244255399787
33800 2.1454232225841152193 3.2468557688451000764
33900 2.1283743946223463439 3.337814570226349975
34000 2.0826623592071427105 4.5040928657793601886
34100 2.0333623171266665963 4.8021738222445495836
34200 2.0784026680393168363 4.9259979527669104371
34300 2.0630549113644800485 5.0055999839983797983
34400 2.1301968524999228549 4.7302448081125598733
34500 2.1365955921057042666 4.5049681091646602837
34600 2.1194784407419784422 3.9817717679353998861
34700 2.0645431736976580517 3.8067322002256700486
34800 2.0608771160517940224 4.8007049285608802691
34900 2.0102558039142839341 4.4654933511698002846
35000 2.1105209283443162604 4.6535357429365697968
35100 2.1048827120981878913 4.5439021241934201001
35200 2.0934885176807855878 4.2673766665309900148
35300 2.0507228237569643525 5.2999079774688802047
35400 1.9867172392761334176 5.7625983591720002508
35500 1.9865715971519133376 5.4358341597348296403
35600 1.8863336930801999358 4.6561597745159604145
35700 1.9428136243965099528 4.2744627733673503656
35800 1.9338774553994408922 3.4239526718188297849
35900 1.984681817771386525 4.3339625294443901993
36000 2.0407932736726381862 4.7481131321634499898
36100 2.0754186099148999034 5.047167019795679721
36200 2.0994432400713032294 4.4895697061161197183
36300 2.0538671024384762553 4.1165751210304701857
36400 2.103099655614996788 5.0114427297168600006
36500 2.1182801167278428878 5.4711896353149800376
36600 2.1447795383840255745 5.3328306990666698439
36700 2.1090845461310236963 5.5850656953243698055
36800 2.0441061724801086186 4.9362695466373800457
36900 1.9479330865609183476 4.4180260049186799165
37000 1.9030509827833845815 2.8340139536137098908
37100 1.9033787710817136052 2.5997196038136700658
37200 1.9245427345261907348 3.0863292304545799638
37300 1.969137918672946963 2.8525327995797500336
37400 2.0074376959369590878 2.6709036736202200757
37500 2.0646484903071362638 2.7618058394516200593
37600 2.0384996725227217951 2.6607862810796998332
37700 2.1063868565296064439 3.1974446105917802008
37800 1.9992052657799945781 2.1776763280811999302
37900 1.9404836576067241438 2.0287029094681798824
38000 2.0500046491298715701 2.7069371866514599922
38100 1.9875328949985846538 3.0363342020523398368
38200 2.0190179193159636384 3.111564460751710115
38300 1.9884985302478974667 2.7201251983629401998
38400 1.9869427217086597093 2.8938757602540898795
38500 2.0561893102920252296 3.4844455389585902161
38600 1.9276636746705042569 3.330751120807580179
38700 1.9553503018737830033 3.5356021606365302112
38800 1.955330106828885528 3.6181251956267401759
38900 1.9499628923058591745 3.4816704485579901274
39000 1.9475165890583077122 2.7966813837575399404
39100 1.9647148615787659587 3.6416969752254599868
39200 1.9868852425978278387 4.1060524564786398116
39300 1.930856215329737946 3.9837711034788099163
39400 1.9491437314352233479 3.2442534608907398486
39500 1.9423472052078529781 2.1424711221421701701
39600 1.9239841401533812615 1.7737216316041899411
39700 1.882643545787619388 2.1587430719049001127
39800 1.9058095471234446361 2.1354287523211299415
39900 1.9508016570386861321 2.0253314985823598349
40000 1.9360758315234423144 2.3679984338068398309
40100 1.8817933655268928028 2.3427539370641201621
40200 1.90525966272551317 2.8465606036895998443
40300 1.8649912301202529186 3.07396377797270004
40400 1.8756901330568522823 2.569660371771750107
40500 1.9891961915272584616 3.165936465313829995
40600 1.9629412616896824151 3.1051571443087300217
40700 1.9447727163028123432 3.1804519668347501771
40800 1.9595978563122256055 2.5692979295362099457
40900 1.9387646207344708671 2.5373847548062098411
41000 1.8923206334441862175 2.0406437434862798597
41100 1.97099828843964886 2.5877149495392499645
41200 2.0568727008508256304 2.546277019630580174
41300 2.073602473309361649 3.3888536515460399023
41400 2.1196921769149921211 3.9582892038557000447
41500 2.0695707478199478757 4.3529809144299003165
41600 2.0113509980091639484 3.7244096392218097868
41700 2.0568157837650247188 3.6547153495294297798
41800 2.0007268297434253057 3.8252084631263398862
41900 1.9705979117508702902 3.2600369612912198924
42000 2.0472244074387475621 3.2469365958847200559
42100 2.0837594069109970363 3.8018967780883099472
42200 2.0887261917987887117 3.9960203471189701396
42300 2.0133253977339649055 2.7477787931070900562
42400 2.0030877383775806955 1.7698482625754299313
42500 2.0345597931160201988 1.1631234549072100304
42600 2.0256037711904784082 1.4880970799496999746
42700 2.0978693171910838267 1.9387781760713200807
42800 1.9738247643535686837 2.5162558126952201398
42900 1.9575733378539905694 2.2425784721633199581
43000 1.9941652866925831944 1.9414889251194400455
43100 1.9378387272054249379 1.7175562246994100501
43200 1.9826241985697370396 2.0426373323322701836
43300 2.006613951673053009 2.6121965337085000236
43400 1.9762499241944346817 3.0839190150638300381
43500 1.9660902982044732301 3.4011308582076598128
43600 1.9558499437544722976 3.2791549424589501172
43700 1.9783522828097779289 3.1699263860878201804
43800 1.9779999306202862286 3.2074774584063998617
43900 1.9421387304902066884 3.0457743408805901808
44000 1.9391208708041223208 3.2369747736833498486
44100 1.9401938532718394637 3.4436165578977799839
44200 1.9434260880051115183 3.0243267488703899915
44300 1.9809554337350492315 3.4032106185525101694
44400 2.0429132962003553331 3.8153081237903698764
44500 2.0232290046446128606 3.0793298900606100865
44600 2.0684490366079790746 2.9570354877727398346
44700 2.0235441879037505686 2.4243126197054301052
44800 1.9921772200261771424 2.0284521294692501314
44900 2.0231893304073018669 2.1697011289537000422
45000 1.9867580122160992673 3.0413486390853199381
45100 1.9442872047694961246 3.275134737765729831
45200 1.9563683985509867647 3.3306904923773901217
45300 2.0183118169290943378 3.1677612588813901517
45400 2.0247873627519430428 3.5743125207192898429
45500 2.0986457789897570159 3.6070148237923698176
45600 2.1293288963249548118 2.9565333900607297934
45700 2.1492517324756872377 2.8475779297205501273
45800 2.1575616268501658368 3.3265320981612598317
45900 2.0863246112651783193 3.4845448741028799411
46000 2.0676799056030419344 3.170184545832220202
46100 2.011982479547220759 2.501297098203290048
46200 1.8987745701527334319 2.3499088810513000247
46300 1.8892486767787850521 2.0797655987080001516
46400 1.8824710370388688663 2.2379499822524899777
46500 1.9279843269297636255 1.6397891905558099612
46600 1.9342998783041700506 2.6154310836034602161
46700 1.9502082525017503389 2.8184476667442002196
46800 2.0780988823304302748 3.3479604118775401211
46900 2.0470178236198246502 3.5821805159366499893
47000 2.039965393882297473 3.1886416808251101251
47100 1.9677561796722773391 3.2363840245174197996
47200 1.9579399817512925797 3.8273150789710399522
47300 1.9112117102062962104 3.9524899390471501803
47400 1.8811870092158990975 3.4332262268068798328
47500 1.9097297786497098304 3.7893024109885700135
47600 1.9408423101072131978 3.8190889082555901091
47700 1.9537127409149714907 3.4475289183041799568
47800 2.0385487356671396775 2.9454165734826798229
47900 2.1040620281816999615 3.3553941990177000854
48000 2.1303005081443155966 3.4331829376386600039
48100 2.1395917735193012987 3.3531436547347399646
48200 2.0519162499226331065 3.6232732923435300165
48300 1.9877942900241836188 3.6803607300307699113
48400 1.9213486925263816296 3.2673223124620598412
48500 1.9249851949985443689 2.8553025142677901371
48600 1.9177017148093113974 2.5438729031350599818
48700 1.9073800396335791607 2.051702996084300068
48800 1.968399360282013566 2.5538406564328202109
48900 1.9685081589606203689 2.1953062456035699057
49000 1.9154591905901503512 3.0975140966159799838
49100 1.9495894638967827817 2.8245993225409100624
49200 1.9467433684508035352 1.8812016569197000937
49300 1.9540598683595991059 2.5010040791942000915
49400 1.9732422551303903102 2.9486413852465500618
49500 1.9841771337956701782 3.279956776443810007
49600 1.967071602137300701 2.5614779654818899957
49700 1.9969181962611273207 2.4477416723118698982
49800 1.985202168149168056 1.8322795684304900021
49900 1.9931922765763789851 2.066955108516709938
50000 2.0075627356347935937 1.9204992090531600724
50100 1.9781007405109869435 2.843759830240740083
50200 1.9739714936537036127 2.9417166838318400401
50300 1.960167314198170363 3.0486990770067201595
50400 1.9841075730398063381 3.2455354605872002161
50500 1.9846650145768831575 3.1943581181860301044
50600 2.0040742561894417939 3.5392442803444401633
50700 2.0411401347597384337 3.6297707811013300017
50800 1.944267159274555512 2.7412401714336600556
50900 1.9720784876074788361 2.5147485809555498726
51000 2.0040714400553656382 2.8606462351854098358
51100 1.9763454051834317138 3.059536047758600219
51200 1.9361658232228002863 2.9409385845456301745
51300 1.9497641530721434577 2.9523871966982602189
51400 1.9623965665570046735 2.9357518486779201616
51500 1.9367067763343077669 2.5308922295903899524
51600 1.9241086064307693082 2.8422854289891201773
51700 1.9560728200048029812 2.5726066724589400359
51800 1.963280319751443459 2.9031201180690398012
51900 1.9292153088009036388 3.1653483553479899726
52000 1.9113376364822989295 3.8054009992536901308
52100 1.9493527658076243991 4.1793759634679297221
52200 1.9270506180432918075 4.17121396041658965
52300 1.9555914232080593429 3.9231814908475000081
52400 1.9757643342206665515 4.7211297288673899075
52500 1.9753237447379285996 4.3808876698885299561
52600 1.9945913266911110551 3.885296049333830215
52700 1.9871675571714151332 4.2826155275137098855
52800 1.9379449640068511229 4.0535681331045596565
52900 1.99343161778940825 3.8228701026770299798
53000 2.032951051798274289 3.8480069452030698507
53100 2.0769980433049974877 3.8465355288600497907
53200 2.1066270347471798274 3.9336715570037199541
53300 2.1273472804711830442 4.1909468201428596856
53400 2.0760611217271933704 4.4060920306083799503
53500 2.0008386155346631341 3.9875250731953801875
53600 1.9019650284876452595 3.2257089733447501523
53700 1.9154936420623189797 3.0027501395310900456
53800 1.9107864001383747521 3.4675497654257498858
53900 1.9252725504207328644 3.0471260397069901416
54000 1.9026644232031502124 4.0352524589333800265
54100 1.89288739835363784 4.3568028293503502368
54200 1.9299252185488993128 4.2895262473836099915
54300 1.9316118727418014611 4.2008947523278497016
54400 1.9819676548975360131 4.0182148717550800754
54500 2.0100053540943796371 3.7492921823626899069
54600 1.9822398760495867354 3.1667125175209398513
54700 1.9794856701519030207 2.75495474668780016
54800 1.9337769137683580301 3.5136293456131100221
54900 1.9494672746441934486 3.5194475342568698473
55000 1.9268848171182322293 4.251085075463380214
55100 1.8957161335972305682 3.8332666871349800886
55200 1.8843108325652717649 3.59131472928907991
55300 1.943870767201361538 2.8592996605815401701
55400 1.9471305858377718767 1.9997353266260300408
55500 1.9550913988767306684 1.9590483371581499661
55600 1.9709131138824755869 2.2097576010238300093
55700 1.9951960464020950248 2.3902047797838701371
55800 1.9203028589848620822 2.4701210825138999461
55900 1.9174728774947091825 1.8629943878295200932
56000 1.8786757180452724469 2.0649785782506198117
56100 1.9160840266850425184 2.4052682867574501913
56200 1.9772844692587898674 2.5222963069971000571
56300 1.94848938096938884 2.6010313053464799715
56400 1.9678415027891407174 2.934521527823020115
56500 1.9204909283931925756 3.1623399772381999284
56600 1.8389151093357489763 3.7919587147335200861
56700 1.8963540082434588996 3.9930786962321400679
56800 1.9049211500725180546 3.807056456527199817
56900 1.9094455535601961849 3.9716333974122699502
57000 1.9567068384164605366 4.041379284336409583
57100 1.9273112513254828659 4.3664871735767603056
57200 1.934328157037664031 3.9401763763624297887
57300 1.9102931717966091796 2.7459265504899401655
57400 1.9537258031767847921 2.4260877284506299212
57500 1.8234374356566063202 2.5690875459714002105
57600 1.860944664552525607 2.3017350502384599231
57700 1.8770286079782925182 1.9811807700489298956
57800 1.9158859067000242327 1.9762155795260800684
57900 1.9352936058622729476 2.8187209210561201544
58000 1.93616922673061298 2.3335559994714500931
58100 1.9598729820806468638 2.7733981955756599191
58200 1.9611389811599759803 2.1510989050417199664
58300 1.9235474235604943516 2.3738727428652599549
58400 1.9195859878788119612 2.6530314945778599167
58500 1.9299330900425795132 2.923474380328400013
58600 1.9401667551925307897 3.4785402117490900054
58700 1.9637277454807422483 3.3401146284916198859
58800 1.9762133770215852824 2.9892327550847399564
58900 1.9821738775681285727 2.6012771442563398239
59000 1.9360014840840447103 2.0602204042498799552
59100 1.9205706928533321509 1.7985999937136301075
59200 1.9635094564611681456 2.110647292482350057
59300 1.913291484608413473 2.6142718982946600015
59400 1.8302307778216646561 2.3202775965039501571
59500 1.8684065429108069889 2.5864403117406800092
59600 1.8999487318911885136 2.4703206702121600635
59700 1.8376710987842450606 1.855475938861739893
59800 1.8639705035175277992 2.0622093872110398571
59900 1.8692144422053562636 1.8026770571568400126
60000 1.8882732223782541237 1.9534624419297998976
60100 1.8662980270922084891 1.8522892658126199894
60200 1.9050891690686448943 2.314205058445720109
60300 1.870404451872290652 1.9645593042770099768
60400 1.883620517885754797 2.0888971729008698475
60500 1.920793337214411256 2.2158524126201499804
60600 1.9619539223667525896 2.3353562908310601109
60700 1.9732976878372265883 2.4257849960530801781
60800 1.9366122177786264658 2.0141690597743000524
60900 1.9848957019468682628 2.2432541589604499954
61000 1.9686924646335099975 2.1760021771183701844
61100 1.9351269680586340449 2.6580294663180001891
61200 1.9319600981053617339 2.9418203580432198407
61300 1.9009252457596450547 2.721593949790980016
61400 1.8585288662565218054 3.1698803250613099003
61500 1.8478275883232520016 3.1035181503215998333
61600 1.8686224695479252134 3.1461542886402100727
61700 1.866994750947317927 2.6524841277154500574
61800 1.9508691442006276251 2.5531280797235398339
61900 1.9066502916042706861 2.4901310539499998953
62000 1.8719229768030438699 2.4875068946778498002
62100 1.909580813947271416 2.5190997593385802134
62200 1.9832183984875753069 3.2298866721660202117
62300 1.9508553200252674031 3.152965624364569841
62400 1.9685819340710060121 3.4502204387057999746
62500 1.9615926082795249741 3.4807393620933799738
62600 1.9926150579180550437 2.5812972352089000871
62700 2.010460829591883325 2.1828424609070098406
62800 1.9266504998899307566 1.8584562965689499503
62900 1.9717098907442678346 1.7613379997509599484
63000 1.8876687874018416302 1.6575997963168400684
63100 1.9120712112950344341 1.5930370207736799237
63200 1.9042958194384200787 2.3675895053968600834
63300 1.8923877431145683659 2.7858497549482499345
63400 1.9610882000830227589 3.580876130291149817
63500 1.9135625130186695309 2.4060910769934800157
63600 1.8830608317428623177 2.7669070877988000134
63700 1.9511003735483742894 3.1116957709901300611
63800 1.8684379725401074612 3.1514564872190797828
63900 1.8743051130666483761 3.4290747948613797824
64000 1.887866203011280275 3.4239478077888101382
64100 1.8686353741018617569 3.4351510998125798224
64200 1.9427413669626298898 3.8072407408272201934
64300 1.9691577398716053615 3.7758993049646201179
64400 1.8996689825341244173 3.3001937862704902038
64500 1.9174057991628334907 3.6248439580776601332
64600 1.9518493182412650633 3.5934972523743500261
64700 1.9078562891644332833 3.9857097659165501291
64800 1.9109986682218416121 3.9812987709957101679
64900 1.8756313143577958424 3.7612101167194698093
65000 1.9118174698257861532 3.503035843944839911
65100 1.9727830914174093735 3.774335858173889946
65200 1.9112948391924657887 3.4894417036377101127
65300 1.8745991109611250813 2.9705477525773598124
65400 1.8870845065415260411 2.617377982604629949
65500 1.9253455574638131953 2.940905170171660199
65600 1.9359431612133861655 2.6971608679591900781
65700 1.9470196847918421756 2.8094365529436697848
65800 1.9687708391931773022 2.7336217871382197941
65900 1.9207141082087664241 3.4709134389503000229
66000 1.9329786730157541008 3.8351203387643999498
66100 1.9504723967884405322 3.5902407956094402053
66200 1.934949493542998944 2.8048683174429798193
66300 1.9382486492735298 3.2658745185443298631
66400 1.9137315574350264313 2.823204742048900151
66500 1.9109300533356985419 2.5113227385461800445
66600 1.9483863689210336734 1.9725023400246299854
66700 1.9310071232040360023 2.4114504868579400565
66800 1.9791225254733950667 2.1914358347151599027
66900 1.9774154657999249984 2.2972850859227000875
67000 1.9328950703753988716 1.9920601657755099279
67100 1.9123777377397768173 1.8924125040031098965
67200 1.9261189377751080087 1.9408761492607400356
67300 1.9056395254638711645 2.098023544687610098
67400 1.8408208498410780773 1.277896518884990007
67500 1.8631446813029854948 1.066789799058269983
67600 1.8868853201651800688 1.1408009709610500426
67700 1.8453075968931815787 1.2344083770120199972
67800 1.8371444919812327523 1.3270566992855798993
67900 1.9459775082952042169 1.410278261124159993
68000 1.8344041470729393062 1.282116127265829908
68100 1.8554928279817268777 1.1002239876048200973
68200 1.8818391498426259023 1.2655479529075399636
68300 1.9040239130096652254 1.3325640013726300914
68400 1.8740134203673852742 1.0815778111473699497
68500 1.8363880759729296344 1.083085048041670051
68600 1.8966209351336980049 1.6094431220828400164
68700 1.8949987100045897481 1.4912026845604400282
68800 1.8804600565475964036 1.51249219511926003
68900 1.9160548648302599961 1.3467846182348799378
69000 1.9023408728643116383 1.3110453537018500469
69100 1.901840421312681606 1.1111759935044001057
69200 1.926974470224848357 1.0945020143407500068
69300 1.9369312650993746328 1.046410321981519953
69400 1.978146486966625428 1.2390250557522599628
69500 1.88223752056656779 1.0916549773717298955
69600 1.8794599707147130463 1.1321753171441699681
69700 1.8869089474268416762 1.0420856306040300332
69800 1.8875649731967250045 1.3151926504775000026
69900 1.879562587231245363 1.1366358706721599869
70000 1.8791153661166033473 1.0298351209121199279
70100 1.884716558025374411 1.2805753958913699275
70200 1.9120439191902258713 1.2800866820480401032
70300 1.9215855784713462562 1.3990446811745300693
70400 1.9129869534143559839 1.6307928826291600011
70500 1.8566525636627249085 1.3710830204862500814
70600 1.8620529275240669254 1.5368110768486999973
70700 1.8600121181887050437 1.8213646155359799472
70800 1.8877214474869581373 2.062285718382399935
70900 1.8404250445693965954 1.9754211139596500324
71000 1.9454267107601697084 2.4241794174991699862
71100 1.9734733273597542258 2.4122457971765500773
71200 1.9166332194424950952 2.9270077937260401413
71300 1.8927861177523404024 2.6765511144963398671
71400 1.8653419181918735603 2.9047329830175900867
71500 1.8710124245830861422 3.1534415214135997907
71600 1.9338247777790669168 3.1675969735781399628
71700 2.0158645090912625797 3.3016320981988998007
71800 1.9709240807446082311 3.2742219269527601533
71900 1.9572380010444172527 2.9285537144694497869
72000 1.9098013263847968268 2.5443627016840100197
72100 1.8478905710822917108 2.2347554132925600001
72200 1.8947177673161723632 2.371155717119449946
72300 1.8975771569126937965 2.4684515248233398488
72400 1.9206751434407485224 2.4778849031726699614
72500 1.8273774646932490207 1.9739392846897099165
72600 1.8763668591581548206 2.1153634684524100784
72700 1.9117236096981218285 1.8108818731117699574
72800 1.9054120879584635073 1.6493756378210799873
72900 1.9983056164684920297 1.8234850602336198921
73000 2.0506212426011067862 1.8653013161846601076
73100 2.0357094679508715984 1.7053598060935000191
73200 2.0071054209028669213 1.9804453279506899488
73300 1.9531763294113071439 1.7242328792495900114
73400 1.945810858835410162 1.2047024313182999045
73500 1.9250194740948689542 1.6589498373852000768
73600 1.9038635284225624567 1.850368118500560044
73700 1.8791783404347113251 1.9360148133778301016
73800 1.8726647222344523502 1.6377250476809899205
73900 1.8649122446923700469 1.2833613836797899133
74000 1.8999586476527476897 1.3960119434605500199
74100 1.9243024039226679367 1.5131136371794799977
74200 1.9428106900534547474 2.4195399664476098245
74300 1.9106834120387587994 2.0870463613551200055
74400 1.8768815336710926722 1.7022777274624900645
74500 1.853406299834808868 1.746041307784659935
74600 1.8802348764599896569 1.5956257029688900584
74700 1.9622482983795379585 2.4967074614400401877
74800 1.9965115762757410511 2.5178708752259399972
74900 1.9332290087509969023 2.6967856151378097884
75000 1.9332794174660314912 3.024964363163200165
75100 1.8858440333104702358 2.9227297216516601175
75200 1.8568656370250395948 3.0313145498875000428
75300 1.8632165546649550603 2.4963095004895401452
75400 1.9006060641901385555 2.89113732666631984
75500 1.8761557312895253968 2.2653784814808402004
75600 1.8335487859008055 2.5273775110792899845
75700 1.8691337194890220719 2.1536588330248100931
75800 1.8486211003095593952 2.4444133460882802034
75900 1.8754885386620143706 2.4896783738606500513
76000 1.8634359325089218107 2.6928031087268498034
76100 1.8621498802390510363 2.777245251723509778
76200 1.8589028755615408794 2.5348378287775799045
76300 1.8822195613317611596 2.9973079318406399274
76400 1.8455430651569022515 3.0180964991884500215
76500 1.8103487423214967844 2.7221139018193798442
76600 1.8759736373225663897 3.3668541767524198249
76700 1.9070086229542893008 2.9659301901057801842
76800 1.9446566030096161803 2.7663301357214700182
76900 1.8553450642970261697 3.0983471201848700183
77000 1.8419395699019522894 2.7853098305378201083
77100 1.8718991062457115415 2.6897561976885899782
77200 1.8678654446554692203 2.9278670044771701875
77300 1.9102233670279673561 2.8282957494822400513
77400 1.8726699356482343628 2.8378076378611898356
77500 1.9029916470585821475 3.8785182670929998494
77600 1.9232792463842225406 3.5464766315065401336
77700 1.8898702950333921002 2.9345520825728401704
77800 1.9324129145152741938 2.9661001959235702152
77900 1.9469777941931247778 2.6725691145866901088
78000 1.9861288012580513573 3.0462407058354101785
78100 2.0026871352997468456 4.346509145844070332
78200 1.9465030675354408896 4.5783283759400701385
78300 1.942244782017779503 3.7254386733371300799
78400 1.8792529301587019841 1.9656926137178600822
78500 1.8814203031462537474 1.8809419899605199777
78600 1.9479038035203681822 2.6307194643762001895
78700 1.9569666927569409065 3.215408675921620052
78800 1.9680738756512654586 3.2953546250041299004
78900 1.9479747601329151507 2.5542125874693799581
79000 1.909046475693740641 2.2225901196149098205
79100 1.8850246842311126905 2.0165733883697600781
79200 1.9215321036936039434 2.1773306350435901457
79300 1.8288635896245295509 2.1907954764948001092
79400 1.8492818652361877607 2.6987053868739399043
79500 1.8031192677363754306 3.4678707203692900052
79600 1.8462572219891020264 4.3762707566300003137
79700 1.8095981719117690822 3.96353176522544004
79800 1.8620228312426743145 3.8573044392020801041
79900 1.8372130318645505387 3.4959152537349398315
80000 1.8476500847178929376 2.8773884752484999439
80100 1.8476057236051930399 2.9546147955991099998
80200 1.8199954168540590782 2.4921399305940599156
80300 1.8607291616221883768 2.400137745747509932
80400 1.8389264799534643657 2.0599247434702800952
80500 1.839006236594763477 2.4479764807749200273
80600 1.9044671439830784809 2.1336698876693898086
80700 1.8763022941887528283 1.9775759806362800397
80800 1.8268794011746858352 1.2237353872957599243
80900 1.8976320572271097031 1.1474931222238999862
81000 1.8942072590462466497 1.1067078899188000918
81100 1.9216213484231510211 1.0576820163573998901
81200 1.909912720857006363 1.1604412305279099282
81300 1.8798738111102646364 1.1572760229259499987
81400 1.8835702543514893925 1.198351135902030018
81500 1.85247213856170867 1.5657757900261799477
81600 1.8564444778501891786 1.8362372193050000568
81700 1.9162005998238511584 2.3503825350327298693
81800 1.9086964335318608033 3.186258010850870015
81900 1.9142639779971815095 3.3932980987433398745
82000 1.8645997655245136748 3.6999510782559901223
82100 1.8868665439049514543 4.0533175844888100769
82200 1.8400726408567724679 4.4610815754832700009
82300 1.9064590293575516267 3.9942244371982500439
82400 1.8852319089409146358 3.1637795485490598502
82500 1.8830975945691483808 3.0708586489603098002
82600 1.9099498090277378104 3.0799397808741901805
82700 1.8565479551797376967 3.6678548535094899208
82800 1.8365758143516670575 3.9712496047284200351
82900 1.8495010041636472664 4.0837892654854597296
83000 1.860797511961620021 4.3880842546213001398
83100 1.837928692339093617 3.5800083833023101931
83200 1.8603505283170844731 3.4135530888252598736
83300 1.8437158347507969225 2.8536895811988101102
83400 1.8773134306381080716 2.9017824719645100018
83500 1.9095341840145756418 2.8947039461583199405
83600 1.8645369109003215868 3.133222115826059806
83700 1.8780117557362574487 3.2413962794652801946
83800 1.8642555713278656793 3.2674123687036598085
83900 1.904431688790342081 4.2899365178280000066
84000 1.9647299080433158203 4.4061910721339998531
84100 1.9039413614192073343 4.3647921515763501432
84200 1.8936941198148353749 3.9096267229489001238
84300 1.8837428459027665273 3.2203356858348399783
84400 1.8706218098019984364 2.935061629710059794
84500 1.8776119030408664479 2.9632645004358399987
84600 1.8524984143816058957 2.669219495737980008
84700 1.8091029340482940313 1.4300945217151099786
84800 1.8644590926695858712 1.7574163775375499785
84900 1.8853352762912840568 2.4273585912366000272
85000 1.8719817090939225857 3.3768567078919398128
85100 1.8713771049602208052 2.953896223544310029
85200 1.8336406152331032882 2.0666782708122402035
85300 1.8329679494600314982 2.4203631647702201768
85400 1.8487097399600729286 2.409944084915539797
85500 1.8499141705327950547 2.1613402316077499066
85600 1.8309005131212994222 2.4677892550548001793
85700 1.8111554957956117473 1.9995890188071099303
85800 1.8315451368915223185 2.0532740250770897816
85900 1.8882115495179621067 2.0757700326663202084
86000 1.8616856710984299728 2.310510569258750202
86100 1.8656998415769776578 2.7750428408462401997
86200 1.8278599772667352141 2.5943472646638001677
86300 1.8366969414526148618 2.871571298806309791
86400 1.8180288655947103305 3.6707427289258101055
86500 1.8425358693016826717 3.6099284467444801017
86600 1.8086185718454783622 3.0295566839026299988
86700 1.8602830612727563331 3.7997309233677301066
86800 1.9025618631549630067 4.5066707240812595714
86900 1.8632873174201378674 4.2615160819575397255
87000 1.9229791031342475804 4.3490127241503699906
87100 1.857019703928147969 3.8996127399867202001
87200 1.8651375817146726988 3.505876045082750192
87300 1.8696982294077497677 4.5565460799700900907
87400 1.8978914894165266336 4.8645089920288500096
87500 1.9045682088410629262 5.1575730669485295721
87600 1.8903070754124278174 4.6091029747254204096
87700 1.8767247203826229462 4.4579102474115899213
87800 1.8847886773296818053 5.1512681442080898719
87900 1.9344937847875429693 5.4434817865590003905
88000 1.8710331935931201475 3.988507118261829909
88100 1.9302631721250935737 3.7016662148855901115
88200 1.898617427736020824 3.0460185177163898729
88300 1.8603383560254531659 2.564772954454030085
88400 1.9056532614691041871 2.4045247127249598229
88500 1.8519967366693135258 2.1441180209368200238
88600 1.8836686973650833554 2.5493527372696700439
88700 1.8948811656957378347 2.7766804761848797867
88800 1.8459063380351108385 2.4408160432612100443
88900 1.8844963133436445357 2.2283849262518500289
89000 1.8999276803141509351 2.7088102766339798855
89100 1.9260940384205531561 2.695499754730649844
89200 1.8690231211316568061 3.5609895033663501174
89300 1.9655989433491858343 3.4610094946511900105
89400 1.901657288327986306 3.1176604122600499736
89500 1.8886628288122746522 3.0752979764509800198
89600 1.8731119348670020042 3.1788132585793498208
89700 1.8116024614786903069 2.9428918811402500211
89800 1.8689954825045129727 2.86403221517129003
89900 1.8899441581852070016 3.3105077621487599693
90000 1.9052920984661894099 2.2979817421564501245
90100 1.8906640883515701823 2.2041169387580499262
90200 1.9188345659603656124 2.4209125325035198983
90300 1.8728209151060635218 2.1321130934958598679
90400 1.8773484779754117113 2.417832857271339897
90500 1.828493716297431515 2.5543009451571201396
90600 1.8627797411256596938 2.6904949006649898635
90700 1.8465169379560371077 2.7613431968688599838
90800 1.8849531692549095219 2.6590311937346498006
90900 1.8650179787310303681 2.2435818643364902059
91000 1.8817292063487744969 2.5686354313582500097
91100 1.8355760346924268056 2.382654283326810063
91200 1.8782981771634543744 2.5799750438835697963
91300 1.8864925230029931935 2.1907984610233399714
91400 1.8374714310178756893 2.3519595623152000918
91500 1.8565199209944989178 2.364059594161500133
91600 1.8269036700051890509 2.3665867685257802044
91700 1.8507579268423226537 2.2232311982205299472
91800 1.8646138350023371277 2.0882758871588298355
91900 1.8437156931225247014 2.5660541822244198329
92000 1.8546876785814720989 2.4184380031493302177
92100 1.8900598468455693801 2.0692004665309200462
92200 1.9010054854232061317 2.0837982571870998783
92300 1.9214635432913100832 2.6466845755692998132
92400 1.9348803372566885095 2.5984790826635899563
92500 1.9561016819856529292 2.5827448209818499869
92600 1.8754175400158901166 2.6222884412040698976
92700 1.9631579728602188695 2.9829299658709800269
92800 1.8997186544617523651 2.4693233756170500648
92900 1.8669343811942002986 3.4371605817227299795
93000 1.9081122194056991948 4.4787321452124198018
93100 1.9371217948853944879 5.3035035218476798136
93200 1.9878504023715781734 5.2048774701753997007
93300 1.9885324191784308212 5.1533257569059900405
93400 1.9590608129911666335 5.0691907088402698989
93500 1.8957530887732558789 4.433439796928129617
93600 1.9248717173541829428 4.8632441110735200596
93700 1.9223594885394044152 5.8694826402823503386
93800 1.9501897393336362629 6.230315824165590044
93900 1.9054179797217041248 5.9825016053368997859
94000 1.8774794228557774023 5.1872603841270796821
94100 1.8360590856668594917 4.7928804102958002531
94200 1.885067831698608698 4.8112753393014102699
94300 1.8669892642071534983 4.9396347224623298189
94400 1.8870905920710576709 4.9677946016375402749
94500 1.9265223576622743096 4.0155300741937498543
94600 1.8924310059725253375 3.98234088422568
94700 1.9218204343995415329 4.0566802491377300655
94800 1.9076213277297162652 4.6189723034094196663
94900 1.9015668727380126146 4.478268190301360363
95000 1.9057982450542365616 4.0543361789643403981
95100 1.8875365634278329363 3.2671174423965698708
95200 1.8468534936405385238 2.6696670587140500785
95300 1.9531234221190070244 3.0083426450114001405
95400 1.9162618786072294075 3.290784855638739792
95500 1.9155696045966916774 3.4250884690094598461
95600 1.8802524861502047937 3.6419603762937597935
95700 1.8488226875158317863 3.7180823636056801185
95800 1.9265535049812589907 4.2323492692551303307
95900 1.9081545593853463938 4.7257090482493495642
96000 1.9127067662846988227 5.2180502058600097826
96100 1.8812477407305188137 5.1670440644817299258
96200 1.8097750717899032669 4.7613532825846398566
96300 1.8307578058769491403 4.1691266852310100433
96400 1.8778423663966867796 4.1131866306063900041
96500 1.881506644346013557 4.3956973970504895632
96600 1.8553579958867312261 4.0763893505692196939
96700 1.8286475725895776634 3.7352259435183898795
96800 1.9117504116159016458 4.5188662057323796262
96900 1.8837847774974989523 4.4923716525854002768
97000 1.8601929942395210027 3.8249906897472500944
97100 1.8925510123261861661 4.375572764272059878
97200 1.9078594496180476536 4.0301627630898799737
97300 1.9288155919245983938 4.4413368288146397589
97400 1.8844491390231128403 4.0413444243461400518
97500 1.9096043284110151284 4.1518726798442298076
97600 1.8581147532310300363 3.9343273156228097953
97700 1.9254156803764554962 4.1989145631919804202
97800 1.9295336928070467852 3.8502030980527601756
97900 1.9090777163860594978 4.0062535699637500386
98000 1.9308623431998397368 3.4913908982235000167
98100 1.8783725644008713029 2.9781980544617399076
98200 1.9204923190551357326 2.9327028897635201155
98300 1.8781228247415833188 3.3299744398268398271
98400 1.8723317117616842253 4.3119525235224402948
98500 1.8719567245827277713 4.5528361388365397033
98600 1.7961579909082481255 3.6452624986379600358
98700 1.8786242446338823342 4.3120394624486699797
98800 1.8622132943663918248 3.8684248896501300941
98900 1.8719166308577988023 3.4601943029275301633
99000 1.8458144818881092597 4.1508706588550596805
99100 1.8447641414065814036 4.1531060924109404198
99200 1.8477886071576850036 4.440552641218049601
99300 1.8572290145264849226 4.1002223529969201721
99400 1.829508011378653487 3.4676730520621501519
99500 1.8350913851246686281 3.9307634115607998915
99600 1.838973068729082172 3.470748095484859963
99700 1.834343183526036869 2.8231830842536500548
99800 1.8555547000349035258 2.2154958120332599592
99900 1.8587071659281655389 2.3555339131348498327
100000 1.8304072481506252768 2.0579022170464100761
