Step Rg Re
0 14.369301595527618431 48.806629724856399832
100 14.36055735415129142 48.539593819403400232
200 14.193142949371278405 47.122063459443097599
300 13.889371306719779042 45.517145424442801982
400 13.477009528312887454 43.875587761351802385
500 12.969547960261786912 42.166593650289399875
600 12.400862923561296824 40.022752408918499611
700 11.7858798363682169 36.942826236328102141
800 11.139075228760473735 33.328880338967600494
900 10.465072838536745081 30.767220010510598627
1000 9.781791950796533186 28.489182157294600017
1100 9.0648061161092687854 25.783528194710299886
1200 8.3405984920888975864 23.060423940102701579
1300 7.6117826748992118979 20.21669508259919823
1400 6.8735210280927976356 18.308649665290001707
1500 6.1467870743252204235 16.264296187855201481
1600 5.4029805025917179151 14.420365475677300537
1700 4.6788270324663230326 12.199315431836000201
1800 3.9381844529113796405 10.719495205936500071
1900 3.1791966499984685157 9.0061379937386796257
2000 2.6390248498516601927 6.496186619117890082
2100 2.2293598721050904565 4.0595828922360803759
2200 2.0407707015555289765 2.0581402928868599567
2300 2.0854166590536289405 1.6009087883552599596
2400 2.0852881162141683191 2.2936478748319801824
2500 2.0862296388001673186 2.2471526034668900529
2600 2.0836129623968875357 1.6310703875924499329
2700 2.128174942095608646 2.1061313466337598932
2800 2.179674914318738832 3.1991084015266602059
2900 2.0873137067285694179 3.9893019289219999735
3000 2.1183695839530289895 4.1004458315403695678
3100 2.1464409271978635019 4.3406553102630995866
3200 2.2060404409832177208 4.8070646883829102336
3300 2.1247434143768715309 3.5209965802738301122
3400 2.1380540643470489215 4.4894380292891096218
3500 2.2921881658800047354 4.8226603995586003748
3600 2.3204487726630409483 5.413192239489720059
3700 2.296070018604948082 5.5786567140922498353
3800 2.2962323298119868831 5.9654374390331197375
3900 2.3695698792676833655 6.6316465886994002688
4000 2.2750117824603037775 6.7262872549271000011
4100 2.1613956793439741411 6.7461559113465598969
4200 2.2163857802777799932 6.989421906060360179
4300 2.2332157658465385808 6.4643148117997801805
4400 2.2562011429561636966 7.0603860399003499637
4500 2.2385986462834384092 7.0860322630945900002
4600 2.2945138928040553772 7.7393203377000903131
4700 2.2418245363430893136 7.0996048904727704354
4800 2.1738705417460910674 7.2281227944974295596
4900 2.1201848064222432733 7.1531083608404903984
5000 2.1460458147829708508 6.8771953721088596723
5100 2.0819478160199653693 6.7968458400607101311
5200 2.1223278107471013065 5.2019123930360802177
5300 2.1670513721302011589 5.8509337092880500109
5400 2.1319018447482154244 5.3227660538495999987
5500 2.0860958532152067413 5.0245663109236602395
5600 2.1301129953958923835 5.3512746341986696663
5700 2.1849183318294134182 5.0658013349443500317
5800 2.0182272646255299264 4.9071314259112499556
5900 1.9601942113796315681 4.7431104775687895625
6000 2.0273520340078143853 4.5688646147568299227
6100 2.1065323281611387785 5.2644104295898301871
6200 2.0601849162326089093 4.9049820974366795667
6300 2.11929670485273558 5.4388317137429096348
6400 2.1067777398099805097 5.7153345556585897214
6500 2.0713365516110897602 5.1386673244874003785
6600 2.0418027651636840858 4.645420192307350149
6700 2.0949981469557870106 4.0797795204040800954
6800 2.1339030264794232039 3.8065884580251698743
6900 2.138303383437479166 3.4623926410353198513
7000 2.0536822374362806443 4.2549914495348195587
7100 2.1473674400842384102 4.5533580141172995681
7200 1.9973074759077660278 4.7211409929953500608
7300 2.0632248359915852376 5.2787124808271999044
7400 2.1411392456791102923 4.3722705129317400718
7500 2.1462232898447921592 3.45462930284698988
7600 2.2075581478964485527 3.4546060216572200829
7700 2.1808636262255598481 4.2056826778379603482
7800 2.0609717347773384155 3.9556322267466699216
7900 2.1023185416527305769 3.8089958332661701945
8000 2.1045433862407509906 3.468049081800930189
8100 2.0940372252481860293 3.6434596251433899461
8200 2.082495776824567546 3.5142118599597198525
8300 2.0557585001704290484 3.7838704380027299301
8400 2.1341946024763327472 4.4540105333180601832
8500 2.1724717106754769524 5.5579320268336900313
8600 2.0752351754173212761 5.6845806215845602338
8700 2.0993719357488020982 5.4142793275713403389
8800 2.0978856644975247825 5.1366878759296703549
8900 2.1667877416032839122 6.3910438297035998545
9000 2.1515956074226059158 6.8794511775808899756
9100 2.2546802666929535164 6.8926811790852102746
9200 2.3388786734082582797 5.9961715845367997701
9300 2.3072647728888266982 5.1251936667580197948
9400 2.3302138880611069638 5.260284580318780101
9500 2.2383272156377533868 6.053883972820520043
9600 2.2592537464334214725 6.9003227141556697788
9700 2.2447836060779819967 7.2801887287442701435
9800 2.3260528833655844672 6.891112091305839904
9900 2.3123192030133687958 6.2843416547681796303
10000 2.3212189957151969644 6.2891521516682997728
10100 2.3447260991845069178 7.2209268038785596744
10200 2.3491366279851191301 7.105422310899499827
10300 2.405082430855666864 7.0987884036808299726
10400 2.3903208780252480636 6.6668118993148697271
10500 2.3223961201605800575 6.3007103811029097074
10600 2.2658736270372008548 6.7825643465880798288
10700 2.3345903809649866112 7.1184579483396399624
10800 2.3979026162444676551 7.6321266843877095809
10900 2.3672348785481673872 7.2451022672671898661
11000 2.3508447222149171374 6.1542969173528501159
11100 2.208895055558238063 5.7047912329647498808
11200 2.1282707217894043517 5.6613471154495202953
11300 2.1542291245057456628 5.5556571841183597371
11400 2.116367372291590776 5.6278058672054696032
11500 2.1286206040043209597 5.8734097499931898767
11600 2.2220808020268814076 6.7616924415417001271
11700 2.4082846001411986059 6.6420764925344597529
11800 2.5160842286538351864 5.6762986541335198609
11900 2.5353921340342102653 5.2146154881537603032
12000 2.5677470051150579344 4.5990943525848901885
12100 2.5086272437107468569 3.0309492249850098489
12200 2.4159616809163653173 3.4798066294822200817
12300 2.3395297236635390625 4.4244923571857004418
12400 2.2110028891644888382 3.408744375800190074
12500 2.1365855625917813398 2.9694042653287899824
12600 2.0617190506232803138 2.6900020609797401505
12700 2.0736460199884492184 1.9422743932614099371
12800 2.1292536369190000478 3.1572876034441401671
12900 2.1854486128302146319 3.6643933765691101279
13000 2.2578731125751914099 5.2394828938830499965
13100 2.2224089236325808017 5.8521243998633503125
13200 2.1212410320672820951 5.139863742420829773
13300 2.0617353901565471652 4.4806249159376401181
13400 2.0302338448977041985 3.6390513548921101794
13500 1.9772577518990952505 2.7459927678326998546
13600 1.9901588890186960867 3.9082424929192098872
13700 2.1130986860531271176 4.6518785812126504098
13800 2.0980483677096004591 5.0214447759142402106
13900 2.1485405387859581872 4.6477024928924901559
14000 2.0696706668362923054 4.8140399317493400844
14100 2.085935118254834908 5.1808230211659500597
14200 2.1224937126092537909 4.4415789068278401786
14300 2.3110988790599078513 3.9034112295503398116
14400 2.3417200903776902443 4.5012135559819901331
14500 2.4246176020056533496 4.8518028451962997849
14600 2.3882214197648248266 4.6085816643270902659
14700 2.3576051822738608443 3.9050856045767798896
14800 2.2981533351689527045 2.700484957170889988
14900 2.1634643409029981065 3.1452121238072900944
15000 2.2491306639631094555 3.0216582370079700937
15100 2.2426788509595265708 3.0091368363835298005
15200 2.187739502072865605 2.1602881630918497891
15300 2.1070904318333258942 2.724141244333820211
15400 2.1586880090952149658 3.2725699716254301741
15500 2.0880495257404136922 3.0141757437010001652
15600 2.061933950050017561 2.8965255399133100767
15700 2.0331634171103138975 2.6171218215494698178
15800 2.0391503705802001001 2.6717552280185699054
15900 2.0141168361933452502 2.07251956981119001
16000 2.0148374373047106545 1.4467373548569300024
16100 2.0145295921185821797 1.7669874740721400741
16200 2.0348202965398480835 1.582753462017129964
16300 2.0205184575318941853 0.9967206629183199551
16400 1.9996875175287518456 1.6117905465493900241
16500 2.0493438220243884729 1.4841798619527599712
16600 2.0683870173754965727 2.31667506848820004
16700 1.9888011800901270743 3.0506419702364602209
16800 1.9976010796490586419 4.2353489490438995801
16900 2.0880730013563812975 4.6469728735684698862
17000 2.1574687834394770114 4.1322774215959796607
17100 2.0903359011755360264 3.6142906933068199571
17200 2.0069100231707701631 3.3065615929583298538
17300 1.9757513884066282284 2.5035422078906099941
17400 2.0264311032778525856 2.3036411039981001814
17500 2.0045191437629377162 2.5162932252423702018
17600 2.1001234640606525339 2.7966415959941000047
17700 2.1625997199343860444 2.3927233194487298462
17800 2.2002259610655992006 2.0176397363927898176
17900 2.1689587837178416763 2.2674429905932398377
18000 2.1933440973410474051 1.8088556873283299087
18100 2.160669262708227123 3.0686191946776499861
18200 2.2398231449522505443 3.1854613917391501055
18300 2.3292056751248053637 3.4777755183094400948
18400 2.3795827262613715725 3.6953620043519901373
18500 2.3422453292898994803 4.1274942981368996087
18600 2.4293799293258531158 4.9868441961475502566
18700 2.4204098139107825816 5.415868856435169576
18800 2.4024845561132548433 5.1615372697759402953
18900 2.2522486820307006106 4.8900929889299398212
19000 2.1436148773562035963 3.9546399645617000829
19100 2.1149158300928792009 3.5982808150298000172
19200 2.2160242037415067706 2.4226688226271297921
19300 2.2599986983849746913 2.825526283364890201
19400 2.2913975013199081587 2.9975398790056200227
19500 2.2974395044513427067 3.3500184151077201378
19600 2.2571814095074835826 3.9156509578909899361
19700 2.1981214301563389846 4.0246613135056401589
19800 2.1307398283300535979 3.3600994031235900117
19900 2.0551334141796537835 4.5623799004632301646
20000 2.0324502460101325774 4.8360046405825301008
20100 2.020741718759885952 5.2603491609056796108
20200 2.001903614553579569 5.8191589626812900704
20300 2.0812529464997111539 5.9405483391608395749
20400 2.0721076473759838521 5.9814862477839803034
20500 2.0931867051117820644 6.4297099724806496823
20600 2.168199925715168952 6.8995659725072000512
20700 2.2888620948835192159 6.350306795641629698
20800 2.3679727002265296143 6.2505710496447202118
20900 2.3457986766099985232 5.9215504944194901071
21000 2.2757079771041102134 5.6262416658239402523
21100 2.2460096896084427165 6.0644547160150299447
21200 2.2443272588090850128 6.2035301752129896613
21300 2.2127685621175898767 5.4221990275365001821
21400 2.2221750471056380682 5.5017767772227799128
21500 2.1936104340736730656 5.7231444150933796777
21600 2.1986262772304652202 6.4948098686794901724
21700 2.1825698215755431342 5.9708027334196600577
21800 2.2198547953841165636 5.7208529866761201887
21900 2.2809054177266614438 6.3767580783648201148
22000 2.2682541256608925728 7.0830258610260097285
22100 2.2206371672123816907 6.4577106401572796912
22200 2.2952307004673291324 5.4867432242135496523
22300 2.3103761957258277526 5.5564541816689203557
22400 2.1469451997752408978 5.8899051538661399974
22500 2.0935752187737257657 5.5528762215035998295
22600 2.1221982374353323131 5.3936725004887602353
22700 2.1321220554841273653 4.8048982107648603446
22800 2.078074143063632917 4.6363542645912998452
22900 2.1194560228874825825 4.3219995303912703832
23000 2.1455987068246487048 3.3110463817495801031
23100 2.0163477259865709712 2.1563714843123600318
23200 1.9651424638363701458 2.4318084005597100372
23300 2.0109773582085201937 3.5915282462000699404
23400 2.0202612694448642827 4.1764161999890401233
23500 1.987591650233563989 4.0392327795327700457
23600 2.0229477827249628952 4.4975377659841200284
23700 2.0477353402734426169 4.717703713447510161
23800 2.1304064893465204378 5.0960646426428199973
23900 2.2005924629948552251 5.49495787038407979
24000 2.2618036940286914138 5.4690839103920598774
24100 2.2427504971358787067 5.3320765315623397385
24200 2.2837033805153810206 4.0005080346630101928
24300 2.3397849463528941349 3.859740978972490133
24400 2.2795935399564899448 2.8315479757814099315
24500 2.2430905212725793518 2.1821706643320801788
24600 2.2628369451761605191 3.437206265502600111
24700 2.3592820510392922273 4.5569869475894799749
24800 2.4125983827006471927 4.8328491374068800468
24900 2.3777091225921922479 4.8389404761020697876
25000 2.3215836904239686156 4.540621931373809872
25100 2.216523043054195341 3.7929412582974402213
25200 2.2092441136110205768 4.5326496505848803409
25300 2.1571666454860594087 4.7716317192189396934
25400 2.1676711039303855344 4.2041557634596200543
25500 2.1914284002108272986 3.7615786370845900599
25600 2.2392662261401876655 4.010926379417459664
25700 2.1649415334131676403 3.57082684715570986
25800 2.1746566648248206732 3.5370086273134297983
25900 2.1586197410102028194 3.1412874419219498634
26000 2.1682872277293316898 3.0233881687632098156
26100 2.0526560233973967229 1.8922180760111100284
26200 1.9803191962919164393 1.9144838137449500248
26300 2.0350371063625960488 2.0536524974261198828
26400 2.0884862715123757582 2.7373621222765600614
26500 2.1297234218173151099 2.8349253302024899348
26600 2.0512705913949824676 2.5231727520899700501
26700 2.0930921242908029356 2.6169252142336900668
26800 1.9786489615711650991 2.02607971624528993
26900 2.0262610793436315326 2.02016319629810992
27000 2.0200271972581953506 2.5417064672749498655
27100 2.0020481100354237114 2.6673153003780698533
27200 2.0358221449271378667 1.1747995684113901049
27300 2.0677973335209491879 1.2019103308631700067
27400 2.1022223137766768986 1.3773141602709400022
27500 2.073736624285159369 2.4023799695161898171
27600 2.0645657278546334368 3.0075731551545499265
27700 2.0174921141200292674 2.909039109545640045
27800 1.9386407091898578692 3.1320039611466099494
27900 1.9874372224269827303 3.5296360806547300015
28000 2.0155216306272976112 3.6064639391543398261
28100 2.0611131919861755968 3.3278837410057597879
28200 2.0294335706021380261 1.7276753190419800177
28300 1.987319980760603233 1.2101525149094201073
28400 2.0154530908964747304 1.9026519166766699964
28500 1.9954311896436940366 1.7773435874808301005
28600 2.0983195080974872404 1.7244953974392900342
28700 2.0938894262812444147 1.8725165981767000201
28800 2.0396809852135246999 1.545774771342740106
28900 2.0455874519054200178 1.0633683737996100227
29000 2.0123421559311820417 1.030945470111650053
29100 2.0188140049522864672 1.3670779003729300882
29200 2.0279318106111863251 1.4619629484794101071
29300 2.0421096643734624188 2.4724964320034601428
29400 2.0634123210520329827 2.735811572565450156
29500 1.977220384071775916 2.807437343722090084
29600 2.0310791059176227513 2.9116952290438198325
29700 1.9785111651733986449 3.0244362269210300909
29800 1.9818802330577911519 3.666751221510330172
29900 1.9536487399400526144 3.3905374528116798416
30000 1.9781302113278291799 3.7706280448472702105
30100 1.9707647031106805269 3.9897312649600498169
30200 2.000510570536646604 4.2820912026087203373
30300 1.9961329615667355863 4.4030620712650501147
30400 1.955077199113813835 4.4688965347550899665
30500 2.1279538753019626718 5.0343693187648801413
30600 2.159000493146936428 5.6535425051904999449
30700 2.0978145529282006265 6.1475533887470303895
30800 2.1763195211355554903 6.4179257013230897044
30900 2.1615556604140957475 5.8479812858056803293
31000 2.097758125404868057 4.1614900080487897682
31100 2.1313446544232790281 3.7697977846235799504
31200 2.2058746094094705548 4.0017425391844696492
31300 2.1666002364176701889 3.9333103045996198333
31400 2.1102373581066147246 4.1972897441663796769
31500 2.0949454396739781714 5.3672772241133097637
31600 2.1355910336314640752 5.6236655712771099758
31700 2.1584210929959328773 6.0877051395872401329
31800 2.1889533830231315825 5.8753672133826100321
31900 2.0864387592893369749 4.4510027147945896431
32000 2.0489790342885632057 3.6035526044235401955
32100 2.097995148780737118 2.636132036517940147
32200 2.1830347350478969126 2.5224022742523302121
32300 2.1613323437905638258 2.4410710514418498818
32400 2.1304473813933282322 2.6075182040819799845
32500 2.1000996157231983652 3.0843801392186600552
32600 2.0121117812642106415 4.5616752743200503772
32700 2.0002554865286725772 5.3045776220081304331
32800 2.1114255271520563362 5.7163497623793499969
32900 2.1853269027581871953 7.0709132169416797353
33000 2.1856108813196453156 7.296525573685020305
33100 2.1426357265120850037 6.4828587423003103396
33200 2.1382120164045232968 6.851410759083200297
33300 2.160426961148742997 7.4852005350129902084
33400 2.1149227371878520643 6.6514793068923001584
33500 2.0785896481200407671 6.9175084749419095687
33600 2.1212490138590625044 7.2520450481575702284
33700 2.1068942314741461175 6.302873510248209854
33800 2.1737869271975815977 6.1562577837712302298
33900 2.1801101872629815581 5.5066690927077504014
34000 2.1516726214196362221 5.1817975666291902215
34100 2.0965405781711399236 5.2745685144599701033
34200 1.9935975681072675147 4.6851197587233102126
34300 1.9804744518682988463 4.4674345064447598119
34400 1.9349283074757666068 4.7287875734304298803
34500 1.9543976763837744848 4.8643530311778500064
34600 1.9292619166105808848 4.6227639083465899006
34700 1.9040414528290794394 4.6454989026194901669
34800 1.981625676994853924 5.1612432962308698592
34900 2.0324324881918607311 4.5465108065597998888
35000 1.9406270899204745017 3.5913855451244400818
35100 2.0362843041459739446 2.7500255069643300132
35200 2.0873993031296036449 2.8303902351837098017
35300 2.087249895617097728 2.9084004320039800184
35400 2.025988257891733646 2.1277083017535001197
35500 1.8724244169820798422 2.7082680297567200967
35600 1.956018461088752991 2.8001462922520898857
35700 1.9751564252558646562 2.6185965445629197923
35800 1.9953664309335901184 2.7718973340152399665
35900 1.9714581947676026452 3.0756819780371400519
36000 1.9655591921694257618 3.4880128564746000208
36100 1.943884049782124368 3.4567624673731898177
36200 2.0111215187360680368 3.8479592970604898916
36300 1.9608385552713225586 4.0216074994263202314
36400 1.9445543856827365303 2.8162768783489799951
36500 1.9269899989406642504 2.6814079722516099835
36600 1.933214556477545365 2.9971772877975699778
36700 1.9775417005275168769 4.0875293336363895946
36800 1.9160829045669200976 4.9121911446594497264
36900 1.9348169160776624853 4.977215779363019621
37000 1.9355441796725088022 3.5346282099587300607
37100 1.9832184066715887738 3.2671442186668597785
37200 1.9578566575981433129 2.9857297785361298637
37300 1.9718452182219852187 3.5558227163181799213
37400 1.9608617081961290385 3.5260637025919998599
37500 1.9107134188535830344 2.7683321547605999058
37600 1.917957829607549014 2.9737164996611697987
37700 1.9451327236875803894 2.7618884094499600579
37800 1.9151020420951656575 2.895811250478309784
37900 2.0155737314483834766 2.1108778088534201345
38000 2.0536976544843259518 2.298331858560980212
38100 1.983397801436775687 2.0459273452911599378
38200 2.0260317759232684409 2.3080146186527601415
38300 1.987742988801477706 1.8625378907741600987
38400 1.9653421920930842504 1.8486469241861400725
38500 2.0183750443524934859 1.9500143707567600959
38600 1.9823431084462330709 2.2950878880831901974
38700 1.9961664756114050334 2.676178046384039888
38800 2.0743800389622135683 2.5525459775923500239
38900 2.1169895009528256757 3.8116988666932600793
39000 2.0817013885614228386 3.9640619414987798841
39100 2.0569794673300272336 4.4031014756348803019
39200 1.9144822603332716238 4.532897265426229616
39300 1.9636022633367866685 3.9943423673594700141
39400 1.9497811313475048589 3.4384590793193701153
39500 1.9232278199506271932 3.4684538881698001589
39600 2.0054405142428195497 3.6902813609592901578
39700 1.9573792273489041271 3.9879499616989799726
39800 1.9164728720957522334 3.6338592562155098697
39900 1.9947211841060714654 3.876323061640860157
40000 1.9887901816969062452 3.3029558164270400589
40100 2.005662764212996052 3.0860711581693900385
40200 2.0101750101587541053 2.8433537358656599814
40300 2.0487879296761040138 3.0691835481971598831
40400 1.9634045389151999483 3.6266630315877401713
40500 1.9616701322843315136 4.4507675694200896643
40600 1.9163089610004051533 3.9766863961928300419
40700 1.9198145059050759631 4.4266792085651998079
40800 2.0199076012753360843 5.2179891049808597714
40900 1.9585701353217424003 5.4452146374539296403
41000 1.9360720558911090894 5.1028052157129604183
41100 1.9843038348552757277 5.1366655004273802376
41200 2.024200308229187506 4.990792454754900298
41300 2.0145965370372334036 5.3925124436445903697
41400 1.9675650774086250738 5.5201763070960598867
41500 1.934347075625858281 4.7804341434198001082
41600 1.8789386923205919633 3.5882504551378500146
41700 1.8935386795381965452 3.6664184850661798443
41800 1.9349205421691331175 4.7968376917498796175
41900 1.9361038089609039492 4.5034738184850500176
42000 1.9115872181372084437 4.7878389877774099048
42100 1.9693932717061910509 5.4494942263305903296
42200 1.9029681170418855096 4.8808357204086796344
42300 1.8536552646073489736 4.5149162429441096478
42400 1.9192643374643816312 5.4860733643679804317
42500 1.9592530738280875546 6.2504373125045296078
42600 1.9185391224591576975 5.2798410643099495942
42700 1.9347433480060132194 5.5708533297452502708
42800 1.9666178734174342146 4.7294354026299902927
42900 1.9817083481505881615 4.6388438735460200135
43000 1.9434270977477186015 5.1228001599455197379
43100 1.987635913971251389 5.7970060020328899597
43200 1.9487092203692129022 5.8684547590828604058
43300 1.9396305895581265055 5.8673761371802504172
43400 1.9305837410308406277 5.8463746984614601843
43500 2.0031227004003548942 5.536233358839769636
43600 1.910721017106818298 4.780779181511110032
43700 1.9394685203408703611 4.1524477630247602633
43800 2.0234965793780372856 3.8648319298553799328
43900 2.0460099276689951431 3.8969296461943101484
44000 1.9527271869728730636 4.2017352867576800435
44100 1.9833559099111719437 4.2247699610329103592
44200 1.9667942681714170039 4.7292306759842004382
44300 2.0202816971766575094 5.0372904625223595687
44400 2.0326350698885669033 5.0768003066263496237
44500 1.960769963666597171 5.1382530916851196778
44600 1.9892231812450069661 4.676086648657349798
44700 2.015399176114494928 5.1646153743893599142
44800 2.0330406905409565965 5.1138523996774303271
44900 2.0482154583537588444 4.3170386602110397689
45000 2.0314098852201625256 3.5049561312328800788
45100 2.038717094710377431 3.878454229779510154
45200 2.0356944702013568538 3.6930787082759701789
45300 2.022361902187153504 2.3872308091674199204
45400 2.007533433003961143 1.8032498706625699203
45500 1.9157067122070374765 1.8417594098244300937
45600 1.9351901811444172097 2.1163229425184097998
45700 1.9706308225078281726 1.8332685869584299798
45800 1.9878946381529398746 1.966494862910669994
45900 1.9325459769261625897 1.7709744836551799541
46000 1.9757706522804505678 2.2316290892674301993
46100 2.0533865400002260237 2.0060561862159698165
46200 1.9820760065064801925 1.1903731786875100251
46300 1.8682191522160029873 1.1937024175996500119
46400 1.917784607799319474 1.2390595712918999194
46500 1.9783251495232367922 1.116364340745370054
46600 1.9657082107729668685 1.0657806134629099759
46700 1.9120093638009239001 1.2967117177487299529
46800 1.8952969544456022 1.3068082171469099784
46900 1.925470563258831147 1.1145294573438500052
47000 1.8608119744296922615 1.1438409160759399619
47100 1.8540565632321690526 1.0128109862747600722
47200 1.9754529447372306539 1.0030201407111600798
47300 1.9692936973133001732 1.0872804924356100909
47400 1.9282647595952584485 1.0211418765069999459
47500 1.9958303984256933195 1.6968641577349798943
47600 1.9578336298239624735 1.4847865041032799471
47700 1.9670123000874342178 1.3606301118407100326
47800 1.9540752472433065012 1.1729053638780500002
47900 2.0058839902026144308 1.0609352447832400834
48000 1.9295102536167689777 1.1441850680370799775
48100 2.0102338831001373975 1.2516166511557100804
48200 2.0527265367069227331 1.514857227225059999
48300 2.0139904584233501161 1.6716816412300599115
48400 2.0368334167233244081 1.6306217398180200551
48500 1.9796937953136664046 1.4218129963908801017
48600 1.9289281252312584503 1.6394800382121399451
48700 1.907411799922897444 2.4269126070004900519
48800 1.8655945082297966664 2.2581510935003699103
48900 1.907769662756475082 2.6281374256463498895
49000 1.889969136270299499 2.6228598917114500644
49100 1.8498990411513360765 2.4796954827987200964
49200 1.8993791835594835415 2.4747839788220598045
49300 1.8949556285206765605 2.7660271598257000214
49400 1.9241163387326765122 3.3243705176769400289
49500 1.9384251707402786469 3.712976624209760157
49600 1.9408536564105629552 4.0260054424122095895
49700 2.0192243735170216645 4.0049342948105701723
49800 2.0319207570165387367 3.5863740874349798737
49900 2.0064968866330072927 4.201661409142669612
50000 2.0406389118143426487 4.5014396935979599235
50100 2.0197553516737878354 3.8373547552787199422
50200 1.9644249566919200767 3.3345665205535701681
50300 1.9442504700235418991 3.799214597736249921
50400 1.9471093527615723762 4.463922497460750094
50500 1.8789833632334151936 4.0564239512100304097
50600 1.8988032509866541453 4.9757031593017702065
50700 1.9074056522756306364 4.8340897392313904035
50800 1.9400730208424665779 4.2781684316050698769
50900 1.9932054051659950922 4.2715269884300797187
51000 1.9319597738404514775 4.0068208942475003198
51100 1.9695502640467457134 4.4879274892058500512
51200 1.9670204863230913439 4.8300778406961102363
51300 1.9725217038984310669 4.7204879868651499208
51400 1.8907955944205236953 4.1323241723380803592
51500 1.900224831940998671 4.0226014972580603768
51600 1.9045344249394822178 3.2321539931594700512
51700 1.9161021475837736183 3.5062058372926299121
51800 1.8807665907504476088 3.143875574383410143
51900 2.0138125400327049341 4.5632016556287195996
52000 2.0104511080333975492 4.6286342303898599937
52100 2.0302322037140001498 4.1868625433196298147
52200 1.9842079109851369356 3.032606754035540142
52300 1.9212724632867674845 1.9901976876160600849
52400 1.9495629500791284983 1.7824756516328299494
52500 1.8976129176443721214 1.6615822332909000458
52600 1.8698331835341284179 1.6478043394451500347
52700 1.9355153630816992472 1.3859416777748900795
52800 1.871295468762209202 1.1643246435893799262
52900 1.927764958082986535 1.4371575273449099797
53000 1.9329720451868672715 2.2885693184999800209
53100 1.9392128146277960443 2.8543497534471100607
53200 1.8707053718835258138 2.4269956111246600017
53300 1.9245899421642376215 2.4309281372152597989
53400 1.8971331060184155604 3.1687179490299302032
53500 1.9006108446540688206 2.6134244225322298405
53600 1.8901659863068231981 2.0309731463336300195
53700 1.8491454168877885511 2.4348934017571401967
53800 1.8808361781984586081 1.9687729669915599029
53900 1.8631149954938608371 1.85675162079186995
54000 1.8527055890654755554 1.9290187694382199268
54100 1.8807944450731164387 2.335383733907249848
54200 1.9074501865206605622 2.1419434295216102093
54300 1.9443862146067443231 3.1033071742412299265
54400 1.9562937468872092506 2.5944761720002498251
54500 1.9342870094245063761 2.0788674543174399112
54600 1.8957322254596482569 2.0369781757594997984
54700 1.8923691437307974539 2.0806204107372598955
54800 2.0045124846916513306 2.1907282870659701146
54900 2.020928427127200333 2.1450604271847502069
55000 1.996140118699757382 1.9388551774553000051
55100 1.903076531025511775 1.6127354282010100128
55200 1.88883762837743574 1.2462850762572799113
55300 1.8701688573553811867 1.1429502674972500387
55400 1.8512591917094023408 1.262648444087359989
55500 1.9571898411574453203 1.1395370638547599462
55600 1.9322054878998404792 1.1020741065153500937
55700 1.952705055848993565 1.1088588878344400879
55800 1.9542061955910459137 1.0322068691430599241
55900 1.9275883981677917056 1.7768386638566899816
56000 1.916472666475320219 1.8349136938664400986
56100 1.962163158753101655 1.4109095804244200512
56200 1.9569051700474058286 1.5495110063620700647
56300 1.8715686052026188069 2.5039860679225998119
56400 1.9005278925801791789 3.1744601905463998293
56500 1.9466021966840794111 3.4407850227287299916
56600 1.9646195075970769306 3.5310681990075898362
56700 1.9806743710134409042 3.3668925262067301851
56800 1.9926718345961427215 2.5193778106825002183
56900 2.0442758107883238772 1.2246160320537200494
57000 2.001129323360268053 1.4932716581978000558
57100 1.9211494845222694128 1.9625596040974899736
57200 1.911735417078558541 2.4429353458468900939
57300 1.9818840200476759428 2.9062749114156098962
57400 1.9889650112881656074 2.6179644466383700241
57500 1.9751162360322558342 2.6870942221688900453
57600 1.9596564631131230261 2.7329586150622802165
57700 2.0201396735049690356 3.0973709027733500321
57800 2.017793395152996716 3.5373693666075101127
57900 1.9183527446700983088 4.0537158056248800975
58000 1.9594447359385571694 5.3374876955551897595
58100 2.0201328159258520323 5.072987532596919813
58200 1.9980954691491508157 5.5098040673498802633
58300 2.0615180761883395988 5.993987037685779562
58400 2.0502414476132018173 5.7439652164410004431
58500 2.0256190520877059846 4.7906906072175603484
58600 2.0092371050361079732 3.9090639982413302178
58700 1.9540521115229649851 3.8267728290586098261
58800 2.0622129159063842252 4.3390184412610297571
58900 1.9694756735416087956 4.7335201631031402769
59000 1.95557041954666877 4.6309040726754195916
59100 1.9489525938974874286 4.4030466559648600011
59200 1.9559343786327134662 4.0460058973580297348
59300 1.9707897539630965245 4.1808644415478903866
59400 2.0102501042918516916 3.6041310401369899274
59500 1.9763015289511918215 3.2437769777232499102
59600 1.9698147589619041664 3.5812904768171001102
59700 1.9707113264863942437 3.8626143863883402041
59800 1.9118841914058075648 4.2274997330783499194
59900 1.9184052566062457235 4.4043939076942404398
60000 1.8886909996439444903 4.0190902167229500819
60100 1.9060449267087853364 3.5194377532278999787
60200 1.8815809928128339745 3.5770807496753698196
60300 1.9009867846756394183 3.4063593039697201981
60400 1.8379628951325091002 3.7883214803058500308
60500 1.8522889484127178505 4.0006993262810697232
60600 1.8294292794731672469 4.1840746503319898864
60700 1.8530092397365252044 4.2678328163356900049
60800 1.9324794587390732303 3.6639898819908398586
60900 1.8757018598141572685 3.1209954607832601781
61000 1.9267191558685301533 3.4611396206118301144
61100 1.9550289256250803493 3.8452947502537702107
61200 1.8837557627979499841 4.0725648238732903295
61300 1.9173167617581963196 4.1316562711268201014
61400 1.8946790198111078674 3.8371520254147699625
61500 1.8679010981687615978 3.697008144491479964
61600 1.8324717096521663251 4.1703414011057002853
61700 1.8671597617791235724 4.4308343855288896407
61800 1.8996833584120891292 4.0387559051851198433
61900 1.9317711966779085309 3.1946791305196300392
62000 1.915189303715569169 3.2006875971435198025
62100 1.8403940516130297134 3.0563853863605401351
62200 1.8517227838171517185 3.1015800593535800544
62300 1.8734905225908824455 3.1072929019485799884
62400 1.8408416764179229563 3.772128607498590025
62500 1.8924858998695963663 3.6567438181741698244
62600 1.8585212413227893968 3.3747174148918599457
62700 1.8923438584325018574 3.4202130717994601028
62800 1.9078768339258074249 3.1504777559117900232
62900 1.900815201292589407 3.0187429922490398582
63000 1.9430461667092517875 3.0735743300024398472
63100 1.9648343020639569279 2.5867470742822500362
63200 1.9219742906050707454 2.6005586530034201509
63300 1.8915643996146662698 2.6314700235923500493
63400 1.864178811608341757 1.9539946313566400882
63500 1.9002698909785582515 1.5906416400887499751
63600 1.8907313146983484309 1.5311231933380400339
63700 1.9034559036447047387 2.201760783603739835
63800 1.9625658085148265375 1.9716298069689599526
63900 1.97009990476911101 1.9234168080393700961
64000 1.932318033410174607 2.3616134980587100145
64100 1.9085067295874729165 1.8398959172767399561
64200 1.9249563720562181679 2.2058973411244400253
64300 1.9448159411457117685 2.6002091876248698554
64400 1.891220835917502674 2.3761265336952801519
64500 1.9083502003189189988 1.9709189948518699431
64600 1.8991663666916493991 2.1853919807489798899
64700 1.8601373436912267412 1.3161510067177599748
64800 1.8418549321681649822 1.259300433232910077
64900 1.8706972052986183819 1.4954643588305001067
65000 1.9070161063131263468 1.685566136662570047
65100 1.8658135451205912769 2.291486966476940168
65200 1.9200965226237600714 2.7378045664251802194
65300 1.9096580435086010219 2.0078960386820599027
65400 1.8680223853212878371 1.5352467415146000551
65500 1.8482566125099670895 1.1042695555241599514
65600 1.8493400675871520811 1.0878504613400199474
65700 1.8425519948541013715 1.1128725780364099318
65800 1.8691217302268505751 0.97341860107236999333
65900 1.8930942608152894202 2.3531304748472501309
66000 1.8871013804823419946 2.7675993515704400139
66100 1.8543153223084389847 3.0196240636817499592
66200 1.8817337853965609984 2.5087918426202802102
66300 1.8870688970292410769 2.6608565302650299955
66400 1.8745658032120238179 2.0732242269972700477
66500 1.8668509386773461944 1.1014754008748099956
66600 1.8552598276209810724 1.2078926832894401056
66700 1.827580339274654575 1.3120242170843099405
66800 1.9053959707739840379 1.1429410427552699758
66900 1.8922692978004871378 1.2894184454455599464
67000 1.8519450477718857329 1.0754759018605799525
67100 1.8455511702414930664 1.3490942671830499222
67200 1.8915842286906188185 1.0755550983018999922
67300 1.9158672125898421612 1.2119887187717799382
67400 1.8720261142293277423 1.1141088438974100505
67500 1.8443595598752793308 1.101557472424780082
67600 1.9173108886558514197 1.4466568142651399231
67700 1.8857095089098245833 1.5308237061558400693
67800 1.8602545966067889349 1.4914994786056099407
67900 1.8983958570168555369 1.2663691668592000905
68000 1.9025419010588178192 1.1226264306947399962
68100 1.9377504494509010247 1.1938816871816100296
68200 1.8801414495126158588 1.119885116407510095
68300 1.8445731321793641388 1.0105589272736399398
68400 1.8730055489797421409 1.8551037692852299088
68500 1.896002122081786645 1.9979632832891101035
68600 1.9227704418286848398 1.9479030267941499499
68700 1.8372807385636316102 1.5611658438912499047
68800 1.8687423529071451878 1.2520272154922500452
68900 1.8707633067553532946 1.7731618498259800187
69000 1.8222327197055987469 1.5355282518377399992
69100 1.8953313526339494732 2.2089695235063899759
69200 1.9316626030248329471 3.7847261137918000173
69300 1.9540658883118726674 4.4058682693394297658
69400 1.9585516498166699595 4.0832994055061000438
69500 1.9571665810986951239 4.220525211439769997
69600 1.9839790366609242334 3.5852310694532500968
69700 1.9338397748355837802 2.8730677164306999138
69800 1.9441466041621804361 3.0143867558528301132
69900 1.9224030364332023169 3.4310120490922000336
70000 1.8913116661007427499 3.2540972156596601472
70100 1.9251179782321239387 3.1013969714450100312
70200 1.927770820052696843 3.2976916166183500856
70300 1.9340866291423501888 4.1350248225000596491
70400 1.8823333157173511854 4.4231376833061997189
70500 1.8724815452375569436 3.5226888913800697978
70600 1.8958821553513369729 3.4376735830400799721
70700 1.8881967235671648364 3.3280503767933700132
70800 1.8836716587317867688 2.8702013361180100937
70900 1.8618353385771133635 2.9107940328084098702
71000 1.9219290704421345684 2.8484006589714399027
71100 1.8671352789546793449 2.5399284009249201155
71200 1.8088750985671016025 2.5602400415854598137
71300 1.8652861138847933731 2.49739700325925984
71400 1.8477976316034967486 1.7875854840198599494
71500 1.8725536977402907901 2.1237899327610398892
71600 1.8472185279420538784 2.7070967302451900416
71700 1.8213544265687819923 2.8973156514813100948
71800 1.830230902541951421 2.5796858873490400299
71900 1.886733113332078382 2.1749340107388901444
72000 1.8362076215533382761 2.0720715092051400497
72100 1.8360283220224513645 2.7928507974874499098
72200 1.8460335992178280584 2.8252412604925800643
72300 1.8620269635521256024 2.669020011297820183
72400 1.8566452258976169354 2.6920675284355999324
72500 1.8916315517030084514 2.9245961977482601846
72600 1.8854753048601200494 2.900217466318089965
72700 1.8595248222133937688 2.3422758929281299878
72800 1.9014702685148934247 1.775143342233469923
72900 1.8957253933183333405 2.3450034801981898269
73000 1.8917651534698960436 2.4834867644355798078
73100 1.9346843925457966051 2.7982576580124098875
73200 1.9337064825803333967 2.8951733973081901219
73300 1.8695219022501046169 2.5730645993221501477
73400 1.871074108133540026 2.7711990678183999748
73500 1.9420039755177940233 2.2782941781322501029
73600 1.9206784198109938533 2.1319246829791400621
73700 1.9240609032091484654 2.1971460267132099098
73800 1.9308613531133431707 2.4496818303728100652
73900 1.9091173647737542662 2.7185360533421998319
74000 1.9386500470430252374 3.2362775346386398745
74100 1.9189818233301327854 3.1053158558725297844
74200 1.9776974560529738678 3.0374094269248899103
74300 2.0065936654841500797 3.4765644011885199482
74400 1.947114342089042216 3.3179472042295699019
74500 1.8892791096227938841 3.4324783243592498216
74600 1.8478839066664249913 3.8737158963379800802
74700 1.8820918748739146054 4.2298921210788300584
74800 1.8866460727897633731 3.8278605806708201342
74900 1.9100431168628229095 3.4945662814642699523
75000 1.8840686408815519037 3.4873002720952999134
75100 1.9017939449695686616 3.7317980673680199999
75200 1.8942946005908478657 3.7976602493175199982
75300 1.9132438800387678857 3.7693038122239599375
75400 1.8610747219909700156 4.1577926407682603838
75500 1.8720523488384415156 4.0002760605190701426
75600 1.8305283163297183524 3.5494782120243000278
75700 1.8540040769395520481 3.6028432981047098238
75800 1.8389605335405760922 3.0221166955184299852
75900 1.8666875639339244319 3.2578794128719401613
76000 1.8990549533925094039 3.1213795178773198202
76100 1.8803192376033259769 4.0018458629331004062
76200 1.8462446105152998665 3.8974842731544501184
76300 1.8844694961898036389 4.4589126673133696599
76400 1.8614600462337169695 5.028901211405329974
76500 1.8523566908968474021 4.5015433564396598598
76600 1.8609953331946458288 4.5112054347931298537
76700 1.8565802819858152617 3.5078095417961701052
76800 1.8739795472911326968 3.8543878113009100161
76900 1.9149926401021710731 3.576327498112029879
77000 1.9109661878981849537 3.0969260869512997836
77100 1.8989315123820595943 3.096131206111480072
77200 1.8775063346004527975 3.0452630374433700133
77300 1.8517286496962621634 2.773935415381870051
77400 1.8257122652964306031 2.9112689396186501867
77500 1.8653876563132723021 2.7482582719833699159
77600 1.8599738941555976623 3.2059418081163100211
77700 1.8694964577942441153 3.2542836652155000543
77800 1.871134064824808263 2.7826880362773298572
77900 1.8134714718047115767 3.4185933855667700598
78000 1.8425081860523615518 4.1997307268757504417
78100 1.8670089881249254393 4.4233231726240802573
78200 1.8264653104835262276 3.6155470836683800684
78300 1.8189762419669674998 3.3522987322638297947
78400 1.8491317694524018744 3.3890248670539699916
78500 1.8689288431500232779 3.7317526681072998862
78600 1.8045707983546590558 3.4983271202431898139
78700 1.881414150171391908 4.3506906885734002444
78800 1.8219888379818554025 3.8015899707011597819
78900 1.8547635765009560238 3.899849045305180173
79000 1.8432132587657212852 3.7642338014137801672
79100 1.8315395584397953233 3.3932076205883099362
79200 1.8691456328532853881 2.8233547815277000304
79300 1.8918057289153604739 3.291363011574889974
79400 1.9013879882238127195 3.2862996117241101146
79500 1.8728238132992549581 2.7498519933772000989
79600 1.8347809190524388967 2.3607477219512498223
79700 1.8689752047955903169 2.5535405706597100739
79800 1.8422968792828582352 2.5594977140234700386
79900 1.840634916563038237 2.5098680626702001284
80000 1.8425845599485328741 2.3154964999136300463
80100 1.867306319612838772 2.5590568411981098329
80200 1.8607381651183017013 3.0185122483177599939
80300 1.8443589958340893542 2.8231472779086801417
80400 1.8291939594893533716 2.5933068272567600943
80500 1.8263513084250699858 2.494864388887680029
80600 1.8641252148333942174 1.9559058423371800117
80700 1.8462609042233182333 1.7524908115488200266
80800 1.8916264650428733507 1.5505831246966699233
80900 1.8948195180653002456 1.3115037936540701047
81000 1.8929597813193999034 1.4511308782031100417
81100 1.8292177363377704058 1.6750556666006000128
81200 1.8678614074993162841 1.7405755902941100199
81300 1.8560615486326001999 2.1489619608779397808
81400 1.891830880063153808 1.8432736550466399805
81500 1.8566090090610580798 1.8374661131134100156
81600 1.8873581794639548992 1.4160928232628500201
81700 1.8913328714948611786 1.7347475984162898932
81800 1.8362982264465874671 2.2076892538716701431
81900 1.8582119443031510642 1.9792933570769200013
82000 1.8763521086019994133 2.9941017176074100625
82100 1.8541005834167609834 3.0162969600654601088
82200 1.8482235213372395499 1.9162126039954199275
82300 1.8327188495000408253 1.4439434646087498937
82400 1.8245825214224005162 1.8035096229717200167
82500 1.874994243670493832 2.0760596611446597848
82600 1.9013473613570679444 1.9967122145079199136
82700 1.8902174704096135205 2.1013157607701398177
82800 1.9031548153571493653 1.3198453261374600842
82900 1.9263400889169883801 1.228459247019870082
83000 1.923738481786716914 1.6456300204841500801
83100 1.9105394082198936534 1.8378651939931001102
83200 1.9164483061379069539 1.7309990778866999328
83300 1.8673699639711536236 2.1024827935301000359
83400 1.8450319778329222764 2.0527022121230000806
83500 1.8454954958466172066 2.1381677428675600616
83600 1.8704942542056270938 2.1613561899184601245
83700 1.8370202661191641358 2.3266629750817098277
83800 1.8161998730175537009 2.043772855804479871
83900 1.8774351301096185995 2.1420128848166499758
84000 1.887727146342436324 2.1102835059334199563
84100 1.8807332440038173615 1.1661954143337700529
84200 1.8769899701291536953 1.0553333988358000184
84300 1.8952442624559722173 1.328633611864199926
84400 1.8576095074360563508 2.0722874792683900758
84500 1.8505465098168907279 1.904760848807250051
84600 1.8530384036343081622 2.1673916835287201366
84700 1.9107699176129113727 2.832249035989089947
84800 1.8439370013181264341 3.2038092328380201046
84900 1.8800575578730596149 3.5746587326303100873
85000 1.8984276548825107511 3.1616145629955001439
85100 1.8486129999316311956 3.0616262005190799655
85200 1.8671087373276695764 3.1081714823507300416
85300 1.8358023477245923871 3.4089717228059499554
85400 1.8245656814641633137 3.6337561217658600476
85500 1.852730710282588289 3.9385718522809400888
85600 1.836512530186198644 3.6635384789206097977
85700 1.8117336640618282306 3.2299902274838001581
85800 1.8323577367986847442 3.2719945365646601054
85900 1.8083467686550311893 3.1963174429912699637
86000 1.8404717638373631061 2.9207201740232497933
86100 1.8343546027862447367 2.9242011685552697919
86200 1.8124100281839556903 3.0522186734245000395
86300 1.8142865572280917341 3.3102123998735599741
86400 1.8694127664201969363 3.4207756036671099764
86500 1.8363500705922539691 3.0833628419446199587
86600 1.864340702754877066 3.3413393359720600095
86700 1.8485143152178580284 2.9084353811196401729
86800 1.880312048806848102 2.5535193243900500271
86900 1.8744944920049659842 2.9655141557249300455
87000 1.8462043479604006713 3.2540158183762097899
87100 1.8805175400314648737 3.0627744230109099632
87200 1.8679849554585248317 3.4922998592953100605
87300 1.9096881489127119913 3.6002367822564100841
87400 1.884687456802994765 3.1957354743959700549
87500 1.8646915009321740619 2.9562280278403401113
87600 1.9327100230118552382 3.1105592389585599022
87700 1.9637358098322992284 3.585971607559769847
87800 1.9130712733256396429 3.8001840906204198411
87900 1.9202384591098038413 3.1401310764994998515
88000 1.9451710593586681863 3.2846123669509701415
88100 1.8997790405504793032 3.6245385269277599072
88200 1.880094126433620394 3.618781591763399863
88300 1.8451995546119217551 3.8165082832524102052
88400 1.8258550853978490203 4.1735752620068096164
88500 1.8189460513212361015 4.1904228904070199846
88600 1.8092101630280794655 4.3308081235773299156
88700 1.8488337881970882126 3.7832273049126801112
88800 1.8365860058397722732 4.4066915605681398205
88900 1.8477947336810360834 3.7417766515935602101
89000 1.8407148543830866849 4.0371305421108596434
89100 1.8080995034214886186 3.854006137065709936
89200 1.8383831032791033699 4.4286042126755198467
89300 1.8368166251238322584 4.0528995226211996794
89400 1.8198181921052549725 3.7185557048129700419
89500 1.8328735749551638978 3.2116367148969899858
89600 1.8601040317011159342 3.7542238954180802146
89700 1.8785841772513955927 4.19483155116177997
89800 1.859635096949750821 4.4796994952980702109
89900 1.8610307343673775371 3.8758523914528200116
90000 1.8535764771979201804 3.332812034969339976
90100 1.8650370204691060216 3.3444805693762997834
90200 1.8612362098401558086 2.8073861936912098969
90300 1.855122091711347343 2.6662135132064799237
90400 1.8431250300861923286 2.1600647295763999445
90500 1.8244422864625102765 1.8115384231737901022
90600 1.8506402301326780879 1.915981725189370044
90700 1.8169059634994810803 2.3692505693336300965
90800 1.845248083041923115 2.4264756581142798986
90900 1.8662154662732699517 3.1158802808976702181
91000 1.8126389675020195824 2.8695187628818898951
91100 1.8731116189640133474 2.512108323948889943
91200 1.8219344412692199953 1.915887280399489967
91300 1.8604031336902138172 1.9506166003527900532
91400 1.856214456522067513 2.081851353176119801
91500 1.8753876411919587763 1.8911858942242198989
91600 1.8327142041753867741 1.7191248527450300188
91700 1.8657980451741040806 2.1443305105449601555
91800 1.878752937646079868 2.0563322745759400334
91900 1.855185226151682798 2.0867674045571598107
92000 1.865744802317152562 1.902212017614780093
92100 1.8378377557147078658 1.8083436879864500657
92200 1.8523000272936727129 1.2378228406683500218
92300 1.8974543853373408986 1.1011635741246399434
92400 1.825072574638790579 1.1855543645531501085
92500 1.7789788298103084152 1.2476687521707801043
92600 1.8394339448948056059 1.2561262966540700514
92700 1.9003076144186754615 1.4878461284706099299
92800 1.8681686873433687168 1.7546678679461900074
92900 1.8766367771697196609 1.1292181259221198975
93000 1.8615868351363582534 1.5232809785751100229
93100 1.8783157944648718463 1.6568735285195699269
93200 1.8145406065520206518 1.7898523743234000527
93300 1.8897164321800394848 1.9877638346120900525
93400 1.8519000438787507345 2.1258565385625001198
93500 1.8677031237560786092 1.9095885081404799788
93600 1.8482210629617772391 1.9619215442272399663
93700 1.8554097962631825869 2.1889492412189799353
93800 1.8395738128978318393 2.2838375464203801712
93900 1.909509231015426467 3.1040920682346300197
94000 1.9055147913240435553 3.158284984275880003
94100 1.8430854690794515882 3.0718225950526600876
94200 1.854139608434359987 3.0301974062436198842
94300 1.8627547503650709881 2.0829167910360801841
94400 1.8727754750468630363 1.9615461103505300589
94500 1.8338194332976323064 1.3686252932630500467
94600 1.8683179971001435682 1.1999887462163900675
94700 1.8332422700263535376 1.0525485934248299813
94800 1.8443897117913359285 1.3325714814461300239
94900 1.837364978319584452 1.0199809823146099852
95000 1.8457770137645854724 1.2654532365355599666
95100 1.8395273454105987021 1.2897565954197101057
95200 1.8257881886176150488 1.0069663873262599818
95300 1.8242891270632064504 1.708348442722160021
95400 1.9275093598121091354 2.2119192021014399963
95500 1.9001455912119287195 2.0148611073254700798
95600 1.8492271919199947394 1.4088797589423500689
95700 1.8494127827643966899 1.1152973935785199799
95800 1.8683085308468414532 1.3734507689007999787
95900 1.8377078687358714415 1.1820641858271498936
96000 1.8410961363885349762 1.063102386830679924
96100 1.8630951554057320063 1.0472163336971300751
96200 1.8666478577022296292 1.0945520777185600014
96300 1.8624766638022176579 1.0088782256775898905
96400 1.8772553218179923729 1.052618984037670069
96500 1.8528385685373831571 1.1115785517260901027
96600 1.8791859710630363089 1.1399364761728800755
96700 1.8550722905062024815 1.4228687998136200221
96800 1.8221005439190900432 1.2895113128037800632
96900 1.9058985728937625215 1.265379537149319944
97000 1.8524515593882424636 1.8164630386078699509
97100 1.8550502268942650197 2.6781350805200601073
97200 1.8177845939322943014 3.5013121255448598212
97300 1.872291377932965073 3.023757980774529841
97400 1.8359889258231332221 3.1576027284444601051
97500 1.7957759458863968849 3.0267610536431899249
97600 1.8819533788431486165 3.1321612089496499998
97700 1.8196410395594422305 2.8528736754310202173
97800 1.7984060685319986916 2.3849583015528299512
97900 1.8700353136397853682 2.476518557659059816
98000 1.8465427967859304736 2.4216927525977398616
98100 1.8332880685847237068 3.2213951562416500707
98200 1.8383590064111010598 4.0103099104515500528
98300 1.8298324405599084574 4.1701704020656400473
98400 1.7896664172335863263 3.8257035234636900256
98500 1.7978663152890126398 3.2658050857485698693
98600 1.8286006558233740549 2.2387827722612700931
98700 1.828675485095795139 1.7454301634923399256
98800 1.8555522813446736485 1.878727079755649898
98900 1.8976083850849632118 2.4980529929914001563
99000 1.8524929303621280319 2.7598381272945902154
99100 1.8064244808882596871 2.9018426191440700457
99200 1.8335565650476552957 3.008179826340819929
99300 1.8534810576202618293 2.6286213910287901108
99400 1.854478801948944211 2.3523755162040798083
99500 1.8474147264680536029 3.1200784726358001819
99600 1.8590509930952152651 3.2924227200617299793
99700 1.8118816402404522847 2.730650214197699821
99800 1.7993784035779576413 2.6469605175064798708
99900 1.821610632302555377 3.3126145080970998968
100000 1.8047846957066300266 3.1078637005560101336
