Step Rg Re
0 14.378162962951886783 48.834457560945999433
100 14.369350626779343827 48.570077617436702155
200 14.202010484062435935 47.168149678534099678
300 13.898990953452001307 45.670797974215197712
400 13.487241732608154621 43.989474639666703126
500 12.982871244371720465 42.161833706907899
600 12.417699769408134358 39.750367424309303033
700 11.811532952146666986 36.765610106416502845
800 11.18333689914832263 34.214300796109398561
900 10.529727866465645292 31.818809757641599134
1000 9.846618542935939189 29.303130427362098942
1100 9.1362960307693654727 26.92629712941349851
1200 8.4168004039217159118 23.816573708953299615
1300 7.7162286493761698125 21.647581956486298793
1400 6.9934245662181577785 18.695091702559899716
1500 6.2593360460492322161 15.646436657335900833
1600 5.513944695538516072 13.358077034077400214
1700 4.7750155860170231392 11.256984665094199372
1800 4.0489409020044142551 8.7104838051306501256
1900 3.3923147218982454554 6.7431320966578498499
2000 2.8296570573786365976 4.6983963971285502836
2100 2.3804176192360939623 2.9797412944931300771
2200 2.136195510475212167 2.1860861356483698437
2300 2.1892820547090647842 2.333758057317870005
2400 2.3068966455225248247 2.3306765069317498806
2500 2.5128261081521956477 4.1648249226176403681
2600 2.6661504947294965007 4.2609438090653997122
2700 2.6970010287111279013 4.2429995505873696615
2800 2.5918642701358365343 3.7738215569421300621
2900 2.4669162141288367707 4.7428634456989398061
3000 2.28386931827394557 6.1999386062311900858
3100 2.1675433242870520978 6.8539067137569897881
3200 2.2172098898328673755 6.5783274436154899334
3300 2.3281254003431239852 6.2827672710781703458
3400 2.385744139684676135 7.6181875963362903903
3500 2.4868497383498993081 7.882845260446419644
3600 2.5709896075316547304 7.9487944095111098264
3700 2.7111189454251336528 7.8879413304566403653
3800 2.8464944264700178245 8.3395389820548295745
3900 2.8364594578643971268 10.024688726712199127
4000 2.8639380028652126065 11.038399804302899909
4100 2.8292466451630056135 11.178694111390800714
4200 2.6813170963023722493 9.7280970937451893832
4300 2.6212741253529854291 7.5555227011962200478
4400 2.5214511029617239224 7.5251164426653796014
4500 2.4418066336274737438 7.7633559425719500524
4600 2.3963000689998352755 7.7213907080387498283
4700 2.491698655576269239 7.4357785157678604193
4800 2.5417597975230696861 7.3463430093781099117
4900 2.604269223085948326 7.0326794252005804253
5000 2.5329160890039026377 5.5565727540957299269
5100 2.3591530098616035893 5.265177676640820259
5200 2.2683774672938055161 5.4725471159789096376
5300 2.3098461842931787835 5.605600745991940137
5400 2.3608562459587196791 5.445151802346789971
5500 2.3694753920530486901 5.2564316679627003381
5600 2.3966587092766267197 4.3420964448782903844
5700 2.3863604518597205661 5.5563386187003800387
5800 2.4732264616877914776 6.633924054019169958
5900 2.4763855686682325619 6.6543072812622403589
6000 2.5218576659401139572 6.7556225189818004395
6100 2.4150574346646709323 6.7026110053923604326
6200 2.299491958626494803 5.1948762039189002593
6300 2.1954807397640174749 4.0327480877486499011
6400 2.1493726284657430625 2.656501035645050024
6500 2.1403174785575806993 1.1520499555001300074
6600 2.1754454460154826201 1.1698178891175099459
6700 2.143483316618077783 1.3597933058113000904
6800 2.1172897832111936545 2.4057389889306000086
6900 2.2237212357966926746 3.6514667352286900304
7000 2.3260149015569604458 4.3186786246285899793
7100 2.320202472814867356 5.136887070969179625
7200 2.4087882665803426185 4.8722118712633202264
7300 2.4224512189195883671 4.3922959072194398544
7400 2.4334438563326084015 4.6594339180734500871
7500 2.424392537182180174 4.6821473440226100138
7600 2.4726618816846928084 4.7876990692143701622
7700 2.4642628599854674576 4.9383754208144701181
7800 2.579026335760587596 4.9146691734069696267
7900 2.5603883652957959427 4.7067217236529099722
8000 2.5989854552170759128 4.9639412324061797932
8100 2.5317027657679211927 5.4774003729068398982
8200 2.4156239697948436174 5.5194175178399795811
8300 2.2225120765832846459 4.7194105299827002753
8400 2.2654792068011535555 3.691556342283159875
8500 2.303584526921568898 3.2061765979948799732
8600 2.3308641490373056548 3.5143897698821899844
8700 2.3836633379892102624 2.5490780366913599053
8800 2.3688193560659627224 2.0946822624236998145
8900 2.3229232985708536674 1.7212122856568798923
9000 2.2912939180953446616 1.8867180366283000659
9100 2.3584495202810988879 2.3343828301602300712
9200 2.4343710036950554354 2.1564033180181798599
9300 2.4754388799613504801 2.6809036105820598372
9400 2.5018561463266539846 2.9883158484552598821
9500 2.4812836665888808874 3.3897017219070098015
9600 2.4315518858802640523 3.6276686374980000593
9700 2.3980576530277857294 3.0048847126353499526
9800 2.3350144668257963865 1.9740988058143600359
9900 2.2961371886247547991 1.2807343372410899818
10000 2.2773725657884380524 1.3261670335914699237
10100 2.3244532431196920363 2.4029649597327300548
10200 2.2745522352906450969 2.265452654154440193
10300 2.1430542774249223825 2.2366907826982500573
10400 2.0660620654620758252 2.8141575292967999644
10500 2.0272178951081545328 2.2175573832307398092
10600 2.1464192140448155044 2.7664334457189299066
10700 2.1910407144165882087 2.7550935268529301858
10800 2.3093174462165357852 2.4708928315202198789
10900 2.3262709543989239513 1.9992212788706700266
11000 2.2776390191363078408 2.1878063849693600851
11100 2.2665452825232494938 1.895390789865240011
11200 2.2748137470829874474 1.977025154114729899
11300 2.2875094658625649835 3.107993000984790033
11400 2.1884740337105341723 4.1758302096925197233
11500 2.1603257753551594611 4.2804223717280898143
11600 2.1475349463266155681 4.1154150380994103386
11700 2.1941510575086597967 4.4354093064230397658
11800 2.162976077904968264 3.9363752352360101838
11900 2.1569481966585555277 3.7546673346116299363
12000 2.1560035958711223358 3.2961565166661301873
12100 2.2627682359230840703 3.4528229741232299155
12200 2.3152698689690622835 3.277951848899590015
12300 2.1987685555503095891 3.3893760599330802208
12400 2.1039661343127828985 2.7944231707701101541
12500 2.0920041945162015651 2.7796260041145499642
12600 2.141178249820085977 2.6031640511518601144
12700 2.1930860942708960692 2.4311557347276200325
12800 2.1841192817546954963 3.2813524730913399274
12900 2.1423696865574450854 4.0918530276821796221
13000 2.1462784401694539049 4.8856841321605504191
13100 2.0972438137244768797 4.7168012667940999449
13200 2.0794580156781470315 4.3977690174482102492
13300 2.0508306799952236155 3.5603298988513900625
13400 2.153618020302879188 3.9522296215946401965
13500 2.2664823065600541163 4.2013959492169501431
13600 2.3168159713632601182 4.6867662609706197685
13700 2.2830753027495744867 4.6562984632990600531
13800 2.2669256734746374704 4.8522903420344096759
13900 2.2529545990638522035 5.0138895557957496862
14000 2.2539491306300756257 4.7939193243255395771
14100 2.1471103606924000218 5.7056917766913102241
14200 2.0994402996571346343 5.2263575137608500043
14300 2.170857398763118784 6.0819587063038200725
14400 2.2006564481926575993 6.5451577395894302569
14500 2.1979936376636488582 6.4678207002502796641
14600 2.2461029721232717016 6.5162582353262603618
14700 2.2453326782631504166 6.9265746934531495782
14800 2.3240228452688582728 6.7501030451013601663
14900 2.3519621516987108123 6.6366620611104698568
15000 2.2753644782124258228 5.4367398860848101805
15100 2.1693033321456263174 4.107908821609280281
15200 2.2680227809797464111 4.4981762030125196361
15300 2.3139264057446844447 5.0662482724983597393
15400 2.368476539628442179 6.2350202311403704059
15500 2.3566895973931818453 7.4348544656489004012
15600 2.364497522279806585 8.1640268318602000619
15700 2.3978974562867612086 7.5536782683232903679
15800 2.3634983995169394078 6.1703448982903603692
15900 2.395319854386080749 5.7136814971413496522
16000 2.3529730344635120254 6.1051083981769300735
16100 2.2941618984653104896 6.2188035723897598928
16200 2.3156061157040470633 6.8333489053043399153
16300 2.3436567872339466589 7.3491657535369103726
16400 2.4717102070821455051 9.1235303276079307011
16500 2.4887057316797620565 9.8367494721664208157
16600 2.4265769263124319366 8.7255885767370706674
16700 2.2992189547648695935 6.903345574742069779
16800 2.2767483428396699807 6.4122966816167599191
16900 2.1803971332644191961 5.5748051482394300749
17000 2.087349914558527697 4.1168141450998696484
17100 1.960519373271822019 3.7158245985848701309
17200 2.0538737521188781265 3.6140309325875099589
17300 2.027765439213411014 3.5812898271257700422
17400 2.0994805681281412113 4.916479921748639903
17500 2.0691524296641006231 5.5960368340090695938
17600 2.1542343947520081748 5.0453572679144498281
17700 2.1939309326660474397 4.5252899222838003368
17800 2.2312411544527441798 4.7859822930887103709
17900 2.2275741091152116979 4.9483881405518301833
18000 2.1671927092723199948 4.8315713095656702691
18100 2.1705900785727858526 5.2717900130731196739
18200 2.1918269266319132527 5.5990548526498002957
18300 2.2306405756000247109 5.8650457024729902855
18400 2.2266201545973478559 5.4271975398506899779
18500 2.2071269754354578829 5.2580030763639395985
18600 2.1355323034354758427 5.7583883990155797505
18700 2.0573848642913254992 5.7855609999343702299
18800 2.0624030183327803911 5.7070021204494398859
18900 2.1379302392572365754 5.4869016217419801507
19000 2.237807410014180487 5.2434624944242402833
19100 2.1894882366891961212 5.8997197281960698234
19200 2.091009751462906685 5.4439809527162204006
19300 2.0413099179494493818 4.6685531646550000318
19400 2.0930533273727922605 4.5918904295856197706
19500 2.0040363314516138615 4.8219620131977398714
19600 2.0816134983245677681 5.2625231003737402702
19700 2.1543799214906784734 5.0580888332102595939
19800 2.1542580614967796748 4.0652385820562502161
19900 2.1774193695123966741 4.0032138274893700469
20000 2.2337753432273204091 3.1856244075597399679
20100 2.3109341065448081309 3.6209472297026601417
20200 2.3016598366066194359 4.1106884204731501953
20300 2.2639650902927495046 4.4668300194877801346
20400 2.1667464369227262821 3.6177575027139901032
20500 2.1451387455776704805 3.0148323623377000224
20600 2.1643428555370962663 3.7359906090655901068
20700 2.2321879654649183777 3.5830733973740298559
20800 2.1965758959469141587 3.3024972913203600733
20900 2.0938610194222597727 3.2118300709581300012
21000 2.1165597755675880087 2.9827067812596501639
21100 2.117187960824177928 3.0955518789813201153
21200 2.0979698231605725667 3.0531165416073000607
21300 2.1404734467505672768 3.8401689129066700623
21400 2.1162673506307521087 4.3237725708326504304
21500 2.0612699154356031173 4.3231249819852699545
21600 2.1090292511733128578 3.8220919089709299854
21700 2.1106789695604102342 3.2601525407029998682
21800 2.191185768543779222 4.617050382787430074
21900 2.1773983688965588001 4.6878377357383600454
22000 2.194543362569966849 4.5420730201430297157
22100 2.144134527493104958 4.4319922560989200022
22200 2.1187563632385204571 4.9388139016702696793
22300 2.0673734090840087951 3.9108406267049198313
22400 2.060842521806690808 3.3455113010163501919
22500 2.0506288333570701354 2.5417394781837900908
22600 2.0331417372353035589 2.4767320380452702011
22700 2.0356179093344040076 3.2013562004020501561
22800 2.0273293289494134228 3.5394831075428299094
22900 2.0647400519892449289 3.3390137376938198166
23000 2.0025625969070008914 4.0851144703108497325
23100 2.2005794837568335431 4.7580458621222598836
23200 2.1800357500532925314 4.8697609527644303284
23300 2.1588482876860140003 5.2464223571171295646
23400 2.2129290948909390302 5.4884334510479799718
23500 2.2297774640527125989 5.9670950142152401341
23600 2.2202199386448908669 5.9129072956310002596
23700 2.1733979171794883811 5.6992169739294800124
23800 2.1233142584955881915 5.7319597498185199669
23900 2.0717042588360579103 5.3098937409030000367
24000 1.9861194430067841132 5.089632441349979608
24100 2.0593683672526337247 4.1626267167361596933
24200 2.0276700265691038894 3.1160232866054200507
24300 2.0869871593193769499 3.8510511942926699547
24400 2.119266460914578154 4.3919949636438300189
24500 2.1790793858476487088 4.4555020904475401977
24600 2.1912336094947990617 4.564150348461930129
24700 2.1608266303122758423 4.0818014789373195939
24800 2.2118412772796398613 3.5860098516775100741
24900 2.2372786735320788765 3.5147982308876901669
25000 2.1918929726355256271 3.7330068981573298892
25100 2.074518146817219133 3.2815059261206300789
25200 2.181487819868214828 3.5405293400762998246
25300 2.2242654279848732557 4.0311980764796198073
25400 2.1396562570154089578 3.3532699007268798042
25500 2.1724572352490705285 3.1643316478919101264
25600 2.1188913203023207465 2.7815311341001298651
25700 2.1537544118617306665 3.0252637680775698037
25800 2.1493183091174161703 3.0155241482189998337
25900 2.137843540828186395 3.2817646937067399548
26000 2.1326687680004594583 3.2410279760565501306
26100 2.113893779955727581 3.3536178047454900941
26200 2.1584494403110321414 3.6773419233410797879
26300 2.2021922823264663549 4.197090136315080322
26400 2.2642573607501721433 4.591370489176579639
26500 2.2548280993690763552 3.8448508586817800037
26600 2.2570471780857928046 3.2707294217618798626
26700 2.2115492305325479272 2.1930330094962200427
26800 2.1228125306465792654 1.4565158242011699841
26900 2.1252275398192970179 1.9659393911718499037
27000 2.2149992174421191393 2.6164452894779399728
27100 2.2531428369107149301 2.412069421686239945
27200 2.1425331438331109979 3.0080562453999699635
27300 2.1223445218130883028 2.5461806595828599953
27400 2.1208215195579165346 3.387332089453099826
27500 2.1115390251672430111 4.1067443001425303351
27600 2.1747700572774291139 4.556942953806769836
27700 2.2131760895728764815 4.3370513806474901841
27800 2.1426901699443514637 3.4849955713359399567
27900 2.1925644781694564323 4.1459843888990803862
28000 2.3021495709759873805 3.8100807354342101085
28100 2.273901003384606323 3.0754970194227300162
28200 2.2230210223554305315 2.1341231514952299086
28300 2.2012466252757882934 2.4507772306178599031
28400 2.2223293245042836652 3.2293484808489001381
28500 2.1677043115641971838 2.4475125375360398117
28600 2.1765644958666547915 2.5424308703370201989
28700 2.1179973792483788309 2.5738880807234099102
28800 2.139170338578010977 2.6904612108885399557
28900 2.1885089648958593322 1.9071926003362000834
29000 2.1886059336360590422 2.7095977862657201207
29100 2.1103112187414305723 2.4671665547835699428
29200 2.187142160248700673 2.3243392205604198608
29300 2.2083108709090768507 2.9329190286771598117
29400 2.1982571358174527454 3.3203443034760899977
29500 2.1601506293901535649 4.1973684668728603597
29600 2.1540297423606831195 4.3881728874570997689
29700 2.0457042711416515424 3.8008018318233598443
29800 1.9991128113494713858 4.4036004685030700756
29900 1.9973852712979125457 4.2622602103661799688
30000 2.0042619983361920077 3.5147302085524998461
30100 2.0983397814497246614 2.382441923395449912
30200 2.1584152736445854082 1.9281211052687901031
30300 2.1870730447970809784 1.8322530951461399873
30400 2.2388931434232683948 1.0878632632244999989
30500 2.2613893923591006363 1.2267202359903399689
30600 2.2963816591890768848 1.8472201567580599502
30700 2.3199855884489397617 2.2826989546689397947
30800 2.2677257222592808183 1.6797213125598899897
30900 2.2324582112235829001 1.7484063015312500955
31000 2.2725314372098868176 2.1018238705515299714
31100 2.1986454430862716336 3.5469958995542500979
31200 2.1654875250366218964 3.7544452325035599927
31300 2.1098184780291715512 3.6370060733340698889
31400 2.1322597092773065697 3.0790142737071000134
31500 2.177422286741101054 3.7992298952524001798
31600 2.1075889514253791646 3.0442087988643700136
31700 2.2067691142902274848 3.2612341827876201172
31800 2.2313989993180958216 3.4275513082258401987
31900 2.2625634886552781211 2.7834760947748899973
32000 2.2932192313331301037 2.6985897366607800585
32100 2.3111473086503524499 2.8078102999095699843
32200 2.3918433266039884622 2.6181267898530200533
32300 2.4898673266635356072 3.6783657334501898006
32400 2.5097885770929826421 4.1415381675179299137
32500 2.4836335573704308999 3.4612149680393398121
32600 2.4663850763627426232 3.7765445218425801599
32700 2.4327604677812533218 4.3722921360200404095
32800 2.4402106146072610748 3.7968126181761800986
32900 2.463215403642832424 3.8291154608283699545
33000 2.3823699153036357323 3.7698651434286598594
33100 2.4194861222977448456 3.6351569108991799162
33200 2.4019596002945577951 3.5229445709433999667
33300 2.3295483772284644175 3.5350909757193100802
33400 2.2168221549316244889 3.5193117684346399976
33500 2.1308462492424111723 3.469185012648130062
33600 2.0410306063430665446 2.8262499159583200914
33700 2.0382409132514669459 2.7949803923066101063
33800 2.0675827114838094545 3.1890183510773097986
33900 2.1486783490120990869 3.1305260075459098168
34000 2.2849269672032384015 3.7109618501497600995
34100 2.3219635337110906548 3.3998847406574799201
34200 2.2385071593559073833 3.5332561788403098468
34300 2.2161911866161503326 3.1402819275643900632
34400 2.1862563214552666047 3.2265799197116300512
34500 2.186949696224123052 3.5489211751634099912
34600 2.1797721563543861478 3.4273868152496298478
34700 2.1763875938356318507 3.8158654171926897902
34800 2.155374834666499595 3.6102138424020799867
34900 2.1221889805961544617 3.9546904403351899049
35000 2.0613385694321837427 3.0544243655408198634
35100 2.1567146539840731378 2.793621375933220019
35200 2.1940048619394989515 3.0589429689375600141
35300 2.1061575355173882684 2.515076851959200166
35400 2.0320492785634831634 2.4797704129401201278
35500 2.0525575247153469149 2.7327405872066501402
35600 2.0692308683006528369 2.8409210408346501353
35700 2.0441332700059318128 3.2110991049542301212
35800 2.0807630917196888731 3.6646830545792798972
35900 2.0647801860556702636 3.6654924645895601287
36000 2.1421617995038597648 3.7710049764112301141
36100 2.171012837919195082 3.530265335128259796
36200 2.2314537019198361634 3.2025703526281601441
36300 2.2985306554527076273 2.9350112693644501149
36400 2.3656807640473500598 2.084472064332119956
36500 2.4085552475580453979 2.9294625563244398592
36600 2.3739630545227821123 3.629412752967729805
36700 2.3205627674734152777 3.6830394469729399454
36800 2.2616674703518824252 4.3508304565432496247
36900 2.1670991415707794303 4.4179298815766800956
37000 2.0785156050971242969 3.9578146794869701885
37100 2.0609695195010244717 4.15837395013299993
37200 2.0194297477020137777 3.9416257799551899232
37300 2.0125656732633743218 4.0299805453912398434
37400 2.0350625737737919607 3.4287250215999800496
37500 2.0487675659682982321 3.4751815876969098795
37600 2.1111771021910414881 3.9935495832024998641
37700 2.2083590954438458986 3.9723700885462900345
37800 2.2198185916786536964 4.2251559916527501315
37900 2.0946013752362220295 3.7790455775562699081
38000 2.1073435973950087607 3.8369830608554500451
38100 2.0956997027678898604 3.7558482786777598328
38200 2.0201666060902088162 3.6186810206948201163
38300 2.089488913743200893 3.9591402539392799298
38400 2.0870413621255541337 4.2164145667943202511
38500 2.1511110162728983575 4.3375895884325501584
38600 2.061813982230529696 4.1330049009302500806
38700 1.9812399790683619116 3.5831939308278699663
38800 1.976286640996131494 2.7023035924789198248
38900 1.9999096323670821906 2.470050513559459926
39000 2.0092795651731969464 2.9987733857717500108
39100 2.0277241211132888132 2.1263808645036301748
39200 2.0436232353618648538 2.4732751475215999371
39300 2.0156830123380098385 2.6357905835395101235
39400 2.0248211014578472167 2.3082023917036700311
39500 2.073021675018696719 2.3664915341976198171
39600 2.1436574277300266544 2.3215298837015598821
39700 2.2677739050024365852 2.265177058050969805
39800 2.3120446183243039684 2.5281711024086499506
39900 2.3260679392002203691 2.8580653873217398697
40000 2.2639401872872189081 2.9567540540583201469
40100 2.1935395137187208014 2.778705786085609919
40200 2.0084979055031033646 1.8308157368987600933
40300 1.9927236631868212591 2.2035293317332897978
40400 1.9751486238575943766 2.9989156883170600132
40500 2.0039205621582674155 3.7747558996405898846
40600 2.0174294641537242612 4.7911667205053500851
40700 2.006147432255481089 5.2177839490110295984
40800 2.0415869921130886944 5.2335463979027698755
40900 2.0132220141870953434 5.3416521548478002046
41000 2.0464893114005597852 5.1440233549031999516
41100 1.9760652985079785182 5.1948791627605901411
41200 2.0061910763529411383 5.0708378422689204257
41300 2.0418062203980591462 5.3764745394069901607
41400 2.0341270405937827981 5.215439936363019946
41500 1.9146139469861915838 5.0494411738784901189
41600 1.9889129620344028204 5.0580762002686396883
41700 2.075637095937576948 5.6524135706916496247
41800 2.0504740063934741023 6.118693040190930077
41900 1.980952843832683774 5.8935492591261002815
42000 2.03364678737486404 5.5832482054154404238
42100 2.0001456759435138899 3.8980551290859097868
42200 2.0078833735534518112 4.7029351144815398911
42300 2.0347733589043466296 4.3637104852962602664
42400 1.9476484878178195181 3.5369801088391898958
42500 1.896948757315510381 3.4869247632590099073
42600 1.9080389517434457325 2.9907868171979599126
42700 1.9146713597941202867 3.5417349146689898198
42800 1.9607721324814026964 3.355158381108210186
42900 1.9174807730179019849 3.393155254056679837
43000 1.94765478432123329 3.5373514712602798227
43100 1.9250872734914168394 4.3741039743108300897
43200 1.9965993007047997398 4.6188484639454800984
43300 2.0371544176707669926 5.2923331795373700359
43400 2.0328784269289368325 5.600516791721379839
43500 2.0541886178747961189 5.3746530146789597282
43600 2.0162243083688369261 5.7782784592662004286
43700 2.0620588477267420835 5.42697287571990028
43800 2.0274080154151614686 4.8873045320117203261
43900 2.0686067710514461915 4.8039401123668499238
44000 2.0212053208005436034 4.6647642185360300715
44100 2.0348315835939754237 4.7187968594611797712
44200 2.0197359052530701184 4.5691655517029703404
44300 1.9800454456970488781 4.5204602153654098728
44400 2.0021648351283536371 4.7163296039805402415
44500 1.9333134040001855869 4.9438020471776695786
44600 1.944805970534361661 4.9855644021192100368
44700 1.976370436914490103 5.3057565380500699703
44800 2.0045028665996720285 5.272795592787179686
44900 2.0530995074518374466 4.6215999427728196025
45000 2.0407121412013573547 3.5398425869646401587
45100 2.1292510608506103331 3.7506984423317302202
45200 2.1006830227016073387 3.6662346033919401833
45300 2.0456473003763120388 4.0296482251289402754
45400 2.1001887599262634154 4.9064064582239099721
45500 2.1820222916990745787 4.5761548854822997612
45600 2.1856310890982637574 4.6999211631681996337
45700 2.1550176625283259391 4.5356439229166500837
45800 2.1956346788283620519 5.2388902334625395696
45900 2.1828976218249769303 5.8193398217222496172
46000 2.1496816817979467196 6.3352095250231403867
46100 2.0839078885800117469 6.1588816083280999436
46200 2.024745438360951777 6.4525893259664801604
46300 2.0963697376199115219 7.465621925101790346
46400 2.0544726398207608931 7.6672350555032195984
46500 2.0703342196056357949 7.4820068444156602183
46600 2.1306869644083978876 7.8383647343089402071
46700 2.1740190316751824007 8.0713369177786606912
46800 2.1855120248289598983 8.1607443315210499435
46900 2.176693114532387785 7.4855054326296999179
47000 2.1129784322863152113 6.7317092216402896199
47100 2.1396772226605724754 5.8868150163114902895
47200 2.1235077575542899986 6.163732849891379928
47300 2.0543531208671361732 6.0864915959305401216
47400 2.0040639946663310056 5.2812594202344795846
47500 2.0482759892592015127 4.9752239840419498762
47600 2.0339184398607215165 4.9565065723957397736
47700 2.0171327607361675405 4.8023543775742103534
47800 1.9626308780939913934 4.1568241411378501482
47900 1.9620079876875928804 3.9312557324331200981
48000 1.9465516573515111443 3.1472244698524001194
48100 1.9400031979599217102 2.813552347752199978
48200 1.9253496058943235791 3.2861532472302701358
48300 1.9356165571028765005 4.0431900816512698071
48400 1.9662428182311531 4.3544524541380598137
48500 1.9105287451546733024 4.5966993237391298166
48600 1.9765726318337262235 4.2542706655313802244
48700 1.968625899435488158 4.4913854192834099521
48800 1.9309067481361668062 4.9594486204114396344
48900 1.9581652576568568946 5.2443649606285598352
49000 1.9670292296199958226 4.6656544690375199025
49100 1.9454698992809071889 5.0432165027806501456
49200 1.9987492260455057558 5.1276209092402895706
49300 2.0100800886336736006 5.5681282199468897787
49400 1.9625244688553014072 4.7967904355165202901
49500 2.015374109247728196 5.1881518880833104035
49600 1.9925864737606071575 5.4664893987527003461
49700 1.9407014126132244858 4.5337815862803303446
49800 1.9445932567476720276 4.8133747230633803227
49900 1.9637830547181938101 4.0940855846213501934
50000 1.9513503024868898983 3.8400117195775100853
50100 1.9293327319186381885 3.0035771437553600016
50200 1.9775169922129491873 3.600644978339210045
50300 1.9970047446909720001 4.3531056272406596364
50400 1.9903053979300799892 4.6360903133985598146
50500 1.9702864873508021404 5.0623396504989903733
50600 1.9796055287686371571 4.7374006496324101434
50700 2.0513834123150807009 4.0482207823612803566
50800 1.9972921561186622874 3.7882606665039100236
50900 2.0415544507853082834 4.1128481626262196613
51000 1.9165448495294414855 4.1655858824097400372
51100 1.9536528026974480099 4.9616044654462898578
51200 2.0483525267764028932 5.3290709140457499515
51300 1.9621974316167203334 5.068283210137559891
51400 2.0659198324427325844 5.6671542481302799033
51500 2.0178537701535059767 5.4753568583340097575
51600 1.9961313932031452545 4.9679695394492098259
51700 1.9482434472976977169 4.5430731721594304062
51800 1.9401993807531832115 3.9780063584833498247
51900 2.0144616711560212607 4.4408966500424496004
52000 2.0174425121330150645 3.3744843149626500001
52100 1.9969059483300655167 4.1864257780361997519
52200 1.9710041960428592578 4.094794444632950281
52300 1.9585986036064080285 4.4401542881937503537
52400 1.9752259628857540275 5.0509957713442297234
52500 1.9824081742481505231 5.6962185773482598705
52600 1.9825449186662411627 5.4724922599173799753
52700 1.9394641634451725842 4.8961106145236703568
52800 1.9071297015350388016 4.9635158277521700398
52900 1.9125705202907725688 4.683579445691330001
53000 1.9620477522260006964 5.388890658392959665
53100 1.9277703938947563511 4.7543313450130098019
53200 1.9691494541005467589 5.4443166595645200445
53300 1.9945665020696887737 5.1483281151025499511
53400 1.986889554613008313 4.8255971041819503142
53500 2.0016123699494521304 5.2341240411947698163
53600 1.9400006237592937186 5.0878142402120198895
53700 1.9076126230584133925 4.9210211129156000709
53800 1.9449293553031916648 4.1410029099328502511
53900 2.0240638764498868341 4.1118487385294804071
54000 1.9542298796919648218 3.2235535701998099256
54100 1.9602077115723008927 2.4689582682018698101
54200 1.8951350059620046817 1.9487113694232200967
54300 1.9741925714571368911 3.4263170497778698831
54400 1.9612778792879663747 3.6741040803298301576
54500 1.9426130755657979865 4.194097777804990379
54600 1.9820813135666559557 4.5419060167072196066
54700 1.957274093486449873 3.9536462009287998143
54800 1.9971099065751969359 4.8727908748624200186
54900 2.0717525337605322555 5.3885892579882703757
55000 2.0353340302855147392 5.7697777459572598957
55100 1.987336066252693767 5.799109811519730151
55200 1.9409798707514120952 5.4647096862085096092
55300 1.955420022665846469 5.2699139926370799358
55400 2.0121942612445882226 5.3002974411915397823
55500 2.0472348234447110826 3.9217198545759099915
55600 2.0362745382220968082 2.7644976009061501543
55700 1.9008555690468085242 2.5721536381539498173
55800 1.9403977823766274113 2.9628608131631199996
55900 1.9701850154530566872 2.753941168042029819
56000 1.8792028580009620953 2.6425069338429301169
56100 1.8846004309602941706 2.8031836347417700139
56200 1.9251782869091484951 2.2022554334932697984
56300 1.939452701770398857 2.5325110031239099762
56400 1.8918123722721309488 3.1757473624401799661
56500 1.9556243668946740044 3.1061415958746900756
56600 1.8898095303885238394 2.886375162721389831
56700 1.9814546195889797264 3.258616825194720068
56800 1.9035686005868077686 3.3746006693393297837
56900 1.8833915866027810537 3.5566507919863799003
57000 1.9594562946616500554 3.730159607815890066
57100 1.946384656310197192 3.2670323559883098774
57200 1.9193542647119683497 3.6149726130713601968
57300 1.975560551540243015 3.95912748246036994
57400 1.9674651079687772715 4.0825146027301899565
57500 2.0181882999683913305 4.7053289873354495754
57600 2.0537535996497120472 5.0804111111992398264
57700 2.0317187602042166006 4.8773162090606101415
57800 2.0750505146263833467 5.7862537418960497959
57900 2.0120869454321037573 5.2672681785361001872
58000 1.9791303174920644725 4.7831046830107304402
58100 1.9954346709298698137 4.5502023168980203494
58200 1.9797399310260106464 4.0893849036188800739
58300 1.9625482494735981831 4.3609861945960304297
58400 1.9620859763195588332 5.1677267615040101134
58500 1.964121873814691499 5.1202896648014402103
58600 2.0045451688911262167 5.2707800000752200731
58700 2.0068847074608386905 5.60093885353748
58800 2.089850459261597404 5.516323381338549936
58900 2.0211610937030024537 5.0828967090407095597
59000 2.0357308624874956848 4.9099714708744599534
59100 1.9845361311647256031 4.9898700196397500761
59200 1.9178235728260644155 4.7547631206127896064
59300 1.8507015656359937505 4.0926275857207503606
59400 1.921802430593109845 3.9883096697163300526
59500 1.9533042370076083571 3.24528502072300018
59600 1.971433077051429672 3.7383904842505599753
59700 1.9499473590071982887 4.4429553303910900297
59800 1.9388801446129821926 5.1889172105162000292
59900 1.9388994182181413795 5.3063993233306998576
60000 1.9189608660488521874 5.0657760905635296211
60100 1.9839187642094706643 5.6345245578733296199
60200 1.9103257780712337155 4.63370472314704962
60300 1.9316720202679924512 5.1575902825087700521
60400 1.9258014118001767212 4.7240210493446896933
60500 1.8731465090198806678 4.2386092590407198344
60600 1.8692786582067568713 3.1803462059581901755
60700 1.8925339039648860773 2.9131123140807599903
60800 1.8750441843534164654 3.2807327291979899719
60900 1.9088489287195662403 4.0687932342218999793
61000 1.918441797397407278 4.8832437066753797694
61100 1.9352251201228263255 4.7157071785121198459
61200 1.9591167477599453761 4.4408537942625798678
61300 2.0338025631717937536 3.8491010826477700668
61400 2.0422238488541846202 3.5865556963613598462
61500 1.9433405750708179216 3.4970432435997498288
61600 1.9668393487888731208 2.9677013614675900044
61700 1.9104169923355480698 3.6108869544527402162
61800 1.9388414932246238465 3.6909362363720799038
61900 1.9174761247380074369 3.1652352066491600269
62000 1.9654022796478096691 2.5133977466811998625
62100 1.9960785328403596317 2.8826788365281998949
62200 2.0552614944256242246 3.4200392914834498725
62300 2.1258041369438949175 2.9617628324387101912
62400 2.0648596012577056236 2.5263429183231700392
62500 2.1047532426244885961 2.462916935111259864
62600 2.1224974166965231426 2.19970008380572013
62700 2.1127510265371536313 3.1016173524436299047
62800 2.0681355642502174952 3.6877446650383598481
62900 1.9516252538222551571 3.2199282090213698915
63000 1.9235097035201196292 2.4289306915251298591
63100 1.8930405747437295538 2.4042157900973699647
63200 1.912197819108932384 2.3925966692074500664
63300 1.9404994741238876799 2.5908111601098600119
63400 1.953083338357819887 2.8250492032328797798
63500 1.8534973812937118876 2.6873916652925800008
63600 1.8725508082957016409 2.60225400469114998
63700 1.8780563898646374099 3.2363367500900701579
63800 1.8730355530480198301 2.7963708877084800797
63900 1.9508371648038738133 2.5219339609690800685
64000 1.9409882757322403091 1.4567459018145298977
64100 1.8744587349154382405 1.9681251756912498951
64200 1.9044887603104507789 2.3819410493771600024
64300 2.025149596457932244 2.356555135428239911
64400 1.9206984658241177399 2.1547691841326201967
64500 1.9043294130393835228 1.5996887955079299726
64600 1.9315578130579362792 2.0516949664230899053
64700 1.9093473219168373145 1.5982138982162299445
64800 1.9060753092371451878 1.4802910937265700841
64900 1.9108973454655402424 1.3545474954129299583
65000 1.906097678179846433 1.0118116071485900864
65100 1.8860832993711726946 1.5413805980070300894
65200 1.8802559263480405072 1.2363726434908299812
65300 1.9101480053200428078 1.1410219465224100688
65400 1.9188137318307763035 1.2597429611150099404
65500 1.8918703460454091569 1.9536244519245700157
65600 1.9765510063642870442 1.1212563305361900046
65700 1.9833943347603184559 1.1050682070963699921
65800 1.9370082578401335294 1.0351426299067199022
65900 1.9385956655236049606 1.1909234256545200292
66000 1.9345631841715786869 1.125325895652010022
66100 1.9627732653104748017 2.0027403480951901926
66200 1.9556937190032264162 2.9814725483695299069
66300 1.8754738441074745303 3.9210564404755698931
66400 1.9301486780626688766 3.9124241579173300032
66500 1.9416844773932369073 3.429680202734029848
66600 1.9115003427124150903 3.4878798192392799216
66700 1.8715298834860292221 3.0463081472418300777
66800 1.8939056452729872149 2.322342589805800106
66900 1.9457986045341035819 2.4321920418520202034
67000 1.9399685462536153668 2.3321683139218101211
67100 1.8951354265971573909 1.5237417409570499505
67200 1.8741638232159123501 1.1891957133769699428
67300 1.9489959385932480451 1.5973053739335199008
67400 1.9942823683616921482 1.9180703772706300114
67500 1.9200487586439678456 2.1743037643285001437
67600 1.9015202966543243157 2.1745772874766999827
67700 1.9406221167814043937 2.0751504298013299099
67800 1.9357961093781170803 2.1212445225516698422
67900 1.919763217510002784 2.6684927075656701412
68000 1.9517662268093181055 3.6569523811027400129
68100 1.9354454127823246257 3.9074737074202201548
68200 1.9322472082020496487 3.5190104272772799732
68300 1.9755296794043033515 3.3635775841449899737
68400 1.9974781411961308741 3.9388133309042800967
68500 1.99931945898840846 3.5227703348464300959
68600 1.8971501397536743028 3.2219196539786998379
68700 1.8972749443501728539 2.9904186311534499687
68800 1.8803347830366330395 2.4289510521289598977
68900 1.9364336541256232938 2.5048730155557401567
69000 1.9013338381168041202 2.9552137009875498741
69100 1.9514879117934520458 3.3203538094410598447
69200 1.9701918654038976797 2.8781296158442000177
69300 1.9546878429352763096 3.001875529692230149
69400 2.0242622011588857767 3.8405321179671698673
69500 1.9831333183147423771 4.1409320654891201841
69600 1.9318392584467569684 4.0504464347039297323
69700 1.9436071690092406872 3.6074659845664998059
69800 1.875267323819199472 3.3024025301873098925
69900 1.9260313623633080748 3.8296806006854500204
70000 1.9513690856351020297 4.5688460942012101285
70100 1.9313872718706799336 5.3885003099577000185
70200 1.9397167986664405337 5.5409517708637698874
70300 1.9009448404295890001 5.5206696334784401969
70400 1.9740748978135354008 5.2338158575041902054
70500 1.9268577441266399042 4.6716105056062096068
70600 2.001297658672427815 5.0069523349283802105
70700 2.0012008849327993509 5.2833433111210101885
70800 1.974039909792820735 5.3110229905724501975
70900 1.9512663768095750427 3.6267656401443200131
71000 2.0451554288222966171 3.1595595723724998471
71100 2.1188044997181494367 2.9636010774263099599
71200 2.1107107315423667693 1.9278602787918899253
71300 2.0922154252973510502 1.5996239383312300664
71400 2.0709502629094580506 2.1692415517169298944
71500 2.0097321826617977614 2.6606115492050101956
71600 1.9022593053490368664 1.8544040784101301078
71700 1.866384567760282831 2.3772948171222800795
71800 1.9612054804806144936 2.3534949619743601446
71900 1.8979465211544723768 1.5871392143862499413
72000 1.9401627206825744487 1.1976577301766400119
72100 1.9136274109545416966 1.3243557905066098979
72200 1.9095035082826414818 1.1177022550356099373
72300 1.9540897488106003799 1.1128995058162201026
72400 1.9513190546567864558 1.4666553079691999617
72500 1.9552628896405164216 1.432048211793730097
72600 1.9855892059081194922 1.2695667967206800686
72700 1.9397242044291840291 1.1279496656727701076
72800 1.9100661835133971866 1.1087945462358599347
72900 1.883521360785292087 1.0963146674620098953
73000 1.9520556925994605457 1.0610913073098000581
73100 2.0059431484373844157 1.17849235139989994
73200 2.0256990389142544018 1.3791369330514700042
73300 2.029604523263610627 1.0023887052405000553
73400 2.0120050232269055535 1.673630461596250063
73500 2.0352240635601774876 1.9848310141480500768
73600 1.9792494546687606771 2.2890206720103098981
73700 1.9613391142011324941 2.325383739540829886
73800 1.9210222627726531996 1.9938239081271100783
73900 1.9658765715603654378 2.1941272540854401818
74000 1.9424314024688467128 2.1786573075001998134
74100 1.957138862167240756 2.9515116664702598648
74200 1.9575756518314479937 3.0117985018439701328
74300 1.8862043113501258951 2.7581780460598399607
74400 1.8979658002378581028 2.8363202557873501419
74500 1.9096691568244514858 3.5379729776635597815
74600 1.9679404573987400173 4.4675562674805897601
74700 1.9610123699350683335 4.7250629074679197927
74800 1.9647698796926158504 4.4163933609052703488
74900 1.9591515373408470158 3.7435849914386900572
75000 1.984073709064292812 4.0093549482489700964
75100 1.9565113313228510439 3.7425740743850801628
75200 2.0030607184937445631 3.5422262448737997786
75300 1.9976437008001894924 3.6702746008508602138
75400 2.062808874497934486 4.3785028778256203097
75500 2.0876747772625772193 4.8161611034244495855
75600 2.0511959149765339738 4.6103067868954896724
75700 2.0227385430617101925 4.1066094997395703459
75800 2.024903063427079708 3.4878845757609902023
75900 1.9877465037875898801 3.3785824716596999373
76000 1.9701820056718974961 3.2083213037288498271
76100 1.9529810954767496955 2.9382837316198200384
76200 1.9296510021524226897 3.5549493328874599563
76300 2.0076458088303819061 3.1415592250116399775
76400 1.958589585218536655 3.1573645126445799569
76500 2.0226713354921415089 3.3430739795394002201
76600 2.0605803849256822957 3.6954966121508201482
76700 1.9847969375342091602 3.7744440974307797987
76800 1.9258581013099098644 3.898441709592180171
76900 1.9262861914079578707 3.770233022530860012
77000 1.9089008998746699319 4.2236369159209301571
77100 1.917892723862112625 4.2796190609403499394
77200 1.9542688592523060898 4.6127345604987404215
77300 1.9347973527461364007 4.4244893247444601059
77400 1.9407032519586941977 4.0860271046691503116
77500 1.9400944616775639417 4.168656012490670193
77600 1.9542599691059032718 4.1588985535015998707
77700 1.9680982804432185507 3.8081407918074399177
77800 1.9391979466901572149 3.5101132211955099471
77900 1.9642475406547108552 3.6816904608218501416
78000 1.964411024989429766 3.5310631073032401339
78100 1.990032828256511177 3.5123598970859699619
78200 1.9622879485474591377 3.5371358294319099613
78300 1.9372771774649308885 4.2646688768409504178
78400 1.8602914140228734574 4.2440855730017101877
78500 1.9255432594150261316 4.7851089561179103171
78600 1.9620886608885068636 5.4323868142397300218
78700 2.0035309880351017675 5.7443257016271402904
78800 1.9820256379324365792 4.735593560633669874
78900 2.0031048422087507355 4.6383361579576103395
79000 1.9864206138468580853 4.5149217809859898409
79100 1.9384573072434749808 4.4882648106777702779
79200 1.9690283572309246196 5.0893913051625503385
79300 2.0016611983946579478 4.438944939201140194
79400 1.9880951500238122076 4.1682775280644497329
79500 1.9926921309471634647 3.6308383258194898424
79600 1.9652400524683459881 3.8531164771587000928
79700 1.9386735422893579539 4.3941407313779503596
79800 1.921633860163498575 4.2078501991523102888
79900 1.8685786998029112471 3.2006756472507400524
80000 1.877054938695574382 3.6587531665066999054
80100 1.839173551987274724 3.0476860665135001582
80200 1.8963111764094358058 3.1521970643747700969
80300 1.9416667559149400901 2.836390728547530049
80400 1.9283706908569919758 3.0675947591905798895
80500 1.8841681310532882865 2.7648270786737199067
80600 1.8879522855401709158 2.9877087645689499595
80700 1.9134142304378922717 3.0137440031384401529
80800 1.8909798968455711066 2.9530445322561700294
80900 1.8429643404148299268 2.2666971902637498282
81000 1.909247819530637047 2.5749376014840001936
81100 1.9315388422610844099 2.7228496801812300809
81200 1.9180333144073895557 3.284205506394129781
81300 1.9793511054624404188 3.5543604910055299761
81400 1.9638469891128076394 4.2604704211228900945
81500 1.9704117905561158164 4.8395904662787900818
81600 1.9281501369912814603 5.3091906182900396871
81700 1.8841392001331820349 4.6663511591655497668
81800 1.9402798595327459541 4.1113277852287000158
81900 1.9230104677872383867 4.37368522036676044
82000 1.8642421467876095775 4.1906223170076497553
82100 1.8641895187898029906 3.4877930658561902
82200 1.8615069194964040111 3.2366025324194200863
82300 1.8871583712814798961 3.2866107705994500598
82400 1.9057619669509000548 3.4127697020407801176
82500 1.8913053531844561395 3.9809323176136000022
82600 1.9058344622112934896 3.7737711005206100445
82700 1.8764665719830160295 3.701195743132029925
82800 1.9159403392026399526 4.1775376330722400198
82900 1.975579695478333786 4.6236893457716403688
83000 1.928090476191952618 4.727063435914679701
83100 1.9267595160197859006 4.4343459271928900023
83200 1.9427379049327007099 3.8552160733229499101
83300 1.9572967991851619729 3.5555204122546899548
83400 1.9347110667760987202 3.9709196410489497886
83500 1.9502976278731882775 5.3459763662085100222
83600 1.9221659933853556534 4.8799072353412196179
83700 1.8799063828097006823 4.7736573229745395963
83800 1.8851982879421103068 4.9011337106218402226
83900 1.8907958147446735087 4.538827964771989798
84000 1.8644057308317516508 4.1618338179053200321
84100 1.8956589065081281831 4.4108330289502504229
84200 1.9297161459543152873 4.7552294642085399801
84300 1.8862865649802889045 4.6093724683789298879
84400 1.8653112774007440944 4.317762996923460328
84500 1.875427279181348883 4.1692801778194201745
84600 1.8814924980102050167 3.8398263576546898257
84700 1.9259326583084466211 4.0152669829822702496
84800 1.9016570356468438519 3.6280728813749099082
84900 1.9181518562235910785 4.3862577372625599637
85000 1.8930274328269147688 4.1427716569161603388
85100 1.8814847620045294097 3.7201974117536700248
85200 1.8510479721046828594 2.8909165159149501356
85300 1.9075891233279247405 3.1384833185474199091
85400 1.8845008791028268202 2.7977601339388598056
85500 1.9355234006986197226 3.1967898082920198632
85600 1.9286027557866081139 3.3887671081407000351
85700 1.9042398984617978641 2.4535994051437199914
85800 1.8581915298572972972 2.2824070808301701874
85900 1.9207594466456177074 2.4809073605068601154
86000 1.8508296489433273546 2.0698459188833999711
86100 1.8876477503334081476 2.2838279281663997899
86200 1.9469295395146450911 2.8748562966175601474
86300 1.9173723349765663393 3.1322707274704297831
86400 1.9079752165860361934 2.3665017702623201146
86500 1.9060415483299975037 2.2395586822854101072
86600 1.9281776602858500258 2.3552882716783201111
86700 1.8828392850757558197 2.4798205108242199479
86800 1.8614019705866831078 2.1209498394725798676
86900 1.848480612046629501 2.2859420576829800886
87000 1.8380817658284145377 2.3942813065777799331
87100 1.852455836690264368 2.4023456118752299915
87200 1.8829355263678622112 2.3611544347289799006
87300 1.8795140277228288284 2.9897386012533497812
87400 1.9253199964975011849 3.2118504707491699612
87500 1.914013823100222389 2.939774779888050027
87600 1.970286147061591997 3.0006052189711698297
87700 1.91976372220510072 3.5306064479290300007
87800 1.9560243456244628124 4.0946850404337000739
87900 1.9235316698101105892 3.8781342101880298401
88000 1.864379237720679594 4.1458841878810401838
88100 1.9364426635198099813 3.9763314775818598967
88200 2.0094642293636488795 3.4935757956896300591
88300 1.9572081440295985288 3.1663491608649101394
88400 1.9054595755189629447 2.8817881836498200343
88500 1.9065287873263065954 2.6888597972404100211
88600 1.93370369981353174 2.4887699633436799473
88700 1.936232781981754858 2.7812035356987800938
88800 1.8857690721511186638 2.5473649862100300467
88900 1.8447648017641609108 1.983823799382510078
89000 1.8916169903424617793 2.4733896731077997799
89100 1.883994144358110967 2.6065590231380197928
89200 1.8627558626002411746 2.7862464547642100676
89300 1.896039059931062809 3.7651220135011600476
89400 1.8747062563000387314 3.8845090309065097856
89500 1.8935874149612736961 3.6127748808912598655
89600 1.8824097695807364694 3.6532183018650701278
89700 1.9572082913156041428 3.442233269480380109
89800 1.7993303913291052165 3.1796366797428601281
89900 1.8657367574759475826 2.493940701579980157
90000 1.9120623490487067553 3.0139622735093900552
90100 1.8781959755058812434 2.926900421933699814
90200 1.9093054705490328793 3.0634793579950900799
90300 1.9002523111299822745 2.7136393042361399708
90400 1.8937059592975362676 3.0569651703359199679
90500 1.9013196579538267361 3.4070162477503598275
90600 1.8645085703360595453 2.8239095124413000626
90700 1.8590950536604908816 3.0473601875961802143
90800 1.8914647617672561974 3.0241064139580000614
90900 1.8966256326425274814 3.3243605101934301516
91000 1.9194538821527977746 3.3706442622261900688
91100 1.9011735385786669994 3.1953776028284801569
91200 1.8986363736267468649 3.0378592963196497934
91300 1.9054981730893985059 3.1236368244948597983
91400 1.9358464250754645608 3.6792950836393001346
91500 1.8713330560786620715 3.9568211142239602118
91600 1.890397663273951423 3.6389211437849100506
91700 1.8800398829510918119 3.3474500341644799484
91800 1.8765916854440332084 3.3208813005571902188
91900 1.922345823907469553 3.6292670811055001145
92000 1.8822130288351321958 3.7038602733205601147
92100 1.8991072918410338843 3.6443895073376197935
92200 1.887462468616838196 2.842779773517380093
92300 1.9111500579037397074 2.9800569862058901016
92400 1.8964642876331823107 2.6529069932926501174
92500 1.9082835703297547081 3.005376729763510113
92600 1.8709224100428711868 2.7750402890488201635
92700 1.8637588741638686507 3.047083154718880138
92800 1.9526377230131648499 2.8560485285508998565
92900 1.9249448406523774757 2.7914479929957098925
93000 1.9590913878429729866 2.9399661913176799999
93100 1.9883521864424533732 2.9745646213181498041
93200 1.9821523492630188645 2.7564773925752299455
93300 1.9611277070313413162 3.5453679158246598213
93400 1.9396355610076863041 3.4725742476279899407
93500 1.9278362472996017907 3.2923208985375200797
93600 1.9245766958495817978 4.270503859142129599
93700 1.9191711976026029074 3.9952573005522298288
93800 1.8198055225062781393 3.6547443729735600293
93900 1.9458963817119647732 3.4985804210478601561
94000 1.9259713371340878574 3.7858057886611300447
94100 1.9013179633494108334 4.5477194099316298193
94200 1.8655456765577604905 4.0884159621141096252
94300 1.9056289153145002935 4.0243498802177803952
94400 1.9377437871551288495 4.0070169810305298341
94500 1.8606685069255466392 3.4858624363600898555
94600 1.9081456530552598494 3.7638351815303399128
94700 1.8998346890201514015 3.5415166873475301124
94800 1.9280592360787911499 4.4238982644171596093
94900 1.9469453271098478009 5.267971388070219696
95000 1.911597960207760849 4.8382576565217698672
95100 1.9682936233636532108 4.6740561468784900256
95200 1.9507714266427693683 4.2439792238217597387
95300 1.9192252815194699167 4.3260950124253900739
95400 1.9320426015857170565 3.993185329147709961
95500 1.9023808881218278177 3.7193742504528999326
95600 1.90102536766417618 2.9810029949800500582
95700 1.9087716506139524864 2.7993859036881900693
95800 1.9036616989379231413 2.6915039716044200091
95900 1.9512599228353371128 2.2290566098594899458
96000 1.9391748184347366024 1.9005794811431500069
96100 1.9330827163531572044 2.2986243210144499116
96200 1.9443399623481059102 2.5748347216791001024
96300 1.9115878692588776921 2.3649008596081699807
96400 1.8982457841529607467 2.5801281992344198279
96500 1.9384895048987078603 2.4404492567051199181
96600 2.002799230177952694 2.5529301614584500868
96700 2.0125528437232707013 2.9182996404520000766
96800 1.9762601235503431951 2.9036484933593498248
96900 1.9543550696774207864 2.9994308258460398164
97000 1.9967814578405520543 2.9028147010271498907
97100 1.8923250524286634455 2.9247064135828000353
97200 1.9347669355324164098 2.9527315445166801844
97300 1.908319025339239694 2.8349333894016099933
97400 1.9592915893175297803 3.1948947768031801253
97500 1.9452483539422660286 3.209016717739169966
97600 1.9067811075194562864 3.2297875332141900984
97700 1.9336334760676108235 3.82346497114895012
97800 1.9080058727544584318 3.5883129508073099423
97900 1.9337213072449903617 3.6544568440982598823
98000 1.9353414630494900628 3.2676152535126301579
98100 1.8947440937826036667 2.9661067032752002071
98200 1.8732220188146797568 2.4545588719240600817
98300 1.8806595664046943384 2.7560390860536800872
98400 1.8902193111779681534 2.9321094083206298286
98500 1.8785032049116565656 2.8962666659996298968
98600 1.8640769771600937954 3.405291962875629963
98700 1.8874133195796849449 2.9940657120496698695
98800 1.8971466535282233146 3.013147923566640074
98900 1.8428613460923028988 2.5173946903521398077
99000 1.8551549737840840049 2.3397516406982101778
99100 1.8567359349078333963 2.1035176385478497885
99200 1.8851828153350973505 2.3304215994863599626
99300 1.8603649215402264794 2.4602237950163701186
99400 1.8489041469655924654 2.6329764386868101944
99500 1.867249208689511164 2.4727168622303801193
99600 1.8796405122061434767 2.4922998862195298031
99700 1.9208870315833697084 2.5123125569982600602
99800 1.8798866569258834147 2.4907542389067098831
99900 1.9336970923211334039 2.9478409925883299891
100000 1.9425312471826494676 3.0433875932502298944
