Step Rg Re
0 14.408949901492228207 48.931182120376597311
100 14.399866704481205204 48.675773530022702573
200 14.232662560937772156 47.322743927807202624
300 13.931499715973902909 46.096476386871202635
400 13.522855488611092767 44.207905869726900505
500 13.030285269049180386 42.282116010282202012
600 12.485793165744098587 40.067578742889999432
700 11.912284866424219132 37.612233123647598632
800 11.319813008999574322 34.956570814798503477
900 10.700758016396068939 32.155611663760296892
1000 10.060654117124611773 30.029257433957400991
1100 9.4082983678011142814 27.468926611342499911
1200 8.7484636777856241707 24.331567064440399406
1300 8.0678186800892479624 21.409818584321101298
1400 7.3916971869128689221 18.720503567813000956
1500 6.7322034578740650446 16.686618880116800057
1600 6.0666473566065688416 15.276520954119300555
1700 5.4166145395241933613 13.768682798620600849
1800 4.7876551616183737892 12.002555064806699647
1900 4.1719340003765541525 10.128273239222499669
2000 3.6176364438088923769 8.1749400791311401804
2100 3.1312080688931613892 6.609542591571109682
2200 2.731032006179495486 5.5440826197263302078
2300 2.4314219913899153269 4.5970807560605999598
2400 2.3269903331795651624 3.9402676365704900618
2500 2.4779399040959084743 4.181926629013090313
2600 2.6527938534930757264 4.9962793767639901432
2700 2.7776711309268842243 5.1034712516336702137
2800 2.8565247732292906591 5.6272792868070595773
2900 2.92114562590523974 6.4527679309653303008
3000 3.0246277797901544027 7.1397757541982800333
3100 3.0838157060985476043 8.1791073341617206438
3200 3.122001721310460276 9.5277288486537994316
3300 3.2036783801338351019 10.656645189076300539
3400 3.3402317326744350723 11.090244814638699822
3500 3.4577258778776038817 10.97562981143649985
3600 3.5269354826907037825 10.473807323375600831
3700 3.5351228050431191541 10.118189942253700053
3800 3.5475629757735545056 9.8036531357928797803
3900 3.5917858005305025593 9.414933909336250295
4000 3.5572840649221095788 9.1625036876870300517
4100 3.4790921976599005205 8.8936910379790496961
4200 3.4105258916722793749 9.1427373730783294548
4300 3.2935429674516778498 9.5374013539223003733
4400 3.1628223504617305473 10.053407850925200506
4500 3.0911189677192876246 9.7260622641625307239
4600 2.9671808004412310034 8.7922223568880699673
4700 2.7946290593644214084 7.9468083873561701225
4800 2.7029497008163771987 7.3162383345876502716
4900 2.6156832056848609014 6.5738797555272698858
5000 2.5704288322909651932 6.6183261102716803848
5100 2.5177733645614623903 6.9352012463418404309
5200 2.5166694382867240698 7.2155805458424904231
5300 2.5470704283533960322 7.42986379979937972
5400 2.5673555666192275915 7.5326850647861798294
5500 2.6143844808149023784 7.7472406154179100923
5600 2.6290922231466384851 7.8708924830031898878
5700 2.6643595021136716738 7.4284028149618102077
5800 2.6589241001235359718 6.4986848905825000955
5900 2.7199672314366356574 6.7146625378700299791
6000 2.8396917490406168305 6.8785736103102301797
6100 2.9362000166316537531 6.9054518523037495825
6200 2.9578232711581176062 7.5525026671009802826
6300 3.0064075461717276738 8.1642631605908704273
6400 3.0721484204363536108 8.58945809483656042
6500 3.1924621677513576046 8.1027071638268601816
6600 3.277530928237874619 7.6433834867661696322
6700 3.3264002880436391862 7.5579912548822498763
6800 3.3734372378871264608 7.4549232678801198304
6900 3.4361673703201134344 7.6699742532371102399
7000 3.4565157743638903476 7.2321303274678703232
7100 3.4824664099411761775 7.5610265142485300061
7200 3.5480884901190861136 7.8903532767073896181
7300 3.5720546487030193639 8.3978956371169708461
7400 3.5758825815079835486 8.4418221767722094739
7500 3.5622581398027119981 7.9218919265940703767
7600 3.6100565309623315891 8.3584941169798092631
7700 3.6681052294341434106 9.1985048275905807458
7800 3.6587380890687350998 8.879097791082820379
7900 3.6548791504140041297 8.7219297877323906931
8000 3.6562312201112914245 9.1588264946564805769
8100 3.6138145467594320337 9.380619896320499862
8200 3.5268338701845163285 8.9751357123098696178
8300 3.3973874335765814614 8.6166330289710497681
8400 3.3153531059978940121 8.6489563210247908387
8500 3.2707087241757424323 8.6082186684908403862
8600 3.210969564764135864 8.0002478776899206281
8700 3.1565867492758017399 7.6756942573962199106
8800 3.1280424177691501519 7.6623004711627196173
8900 3.1447024152697236055 8.3763376074016502315
9000 3.1720027620515716116 9.0963394753549202676
9100 3.2375180015345867979 9.8159732380464905788
9200 3.2555478644688684575 10.21410882366510009
9300 3.207006919817484647 10.185829243895300422
9400 3.118500663002027995 10.032557658556800817
9500 3.0476623765784398579 9.6732721395410194987
9600 2.9714839650409805571 8.757598896769179575
9700 2.91003712609270071 8.0356391690634296765
9800 2.8727752556873280554 7.4133246133343195794
9900 2.870300431599397406 6.4644431188841799951
10000 2.9110187067081518819 5.8062825309046903755
10100 2.937485254912813204 5.067996397404690434
10200 2.9247276617433897172 4.7642434651498302145
10300 2.9202119799730348326 4.2859322246947302304
10400 2.9487576599709330871 3.639803343204139896
10500 2.9294555644256061733 3.1965248408931401514
10600 2.8849819668202520972 2.8514496789758201345
10700 2.8415815733982259239 3.658477008466960001
10800 2.8351776498395175885 3.2249226705485098954
10900 2.8755911077985270019 2.4274590639359101552
11000 2.9903855493856590364 2.4638675518404098419
11100 3.0788637878368558809 1.9547607405030400507
11200 3.1544476624335935355 2.4544486772259901386
11300 3.2361933467600252357 2.9047316063308099565
11400 3.2838580735006632771 3.3515053322230099475
11500 3.2773345980792414345 3.2205800990423498753
11600 3.2674085447015315253 3.3052223279851697946
11700 3.2695860948175838878 4.2767374648236398116
11800 3.2368860754018142778 3.9886990937918800348
11900 3.2032002248625186525 3.992137772128749873
12000 3.154013986054394092 4.0292545385776996625
12100 3.1763565577651045047 4.2469408191071895686
12200 3.2239058814671790465 5.21598477074870992
12300 3.2293082110822997066 5.7384475547133000362
12400 3.2023944340433136979 6.3025121499393099711
12500 3.1826846460049100784 7.1407009070526097361
12600 3.1219504392080410504 7.5774104800650201597
12700 3.0321619426760997307 7.6898362207654997746
12800 2.9606489308453287634 8.275019362501220499
12900 2.8667995031377326853 8.0157794492559393262
13000 2.8064623549116265444 7.8742238655407597037
13100 2.8006819548832959654 8.0326030291350498658
13200 2.8860508520516643394 8.188243251960999558
13300 2.9535364430255626189 8.5587103833199105196
13400 2.9336123326434133674 9.4433132942548994038
13500 2.8165631850836634342 9.1248317518951704841
13600 2.6955061717025428081 8.6226770044834601947
13700 2.5557692643212663874 7.5952841007280600394
13800 2.4317451851552291942 6.8844354035335300068
13900 2.3852790250537534433 6.0866496795290601085
14000 2.3489944465688608055 5.4000350445220801632
14100 2.344378733421915495 4.945229250959630285
14200 2.3708896298197972285 4.5515648886564399334
14300 2.5068600994229033319 4.5722336136341601431
14400 2.6466001262760956436 4.9014208617261703083
14500 2.7618015333228007613 6.6071297052132997862
14600 2.7975946076405788787 7.7216954952809500057
14700 2.8432200811029963994 8.7545990213736306629
14800 2.8343842875645339774 9.1927351208984902087
14900 2.8018910830918164478 9.5497412660334308754
15000 2.7858589534760551665 9.9361239125357201374
15100 2.7448044396157897928 10.0001043880014997
15200 2.687218342900988155 9.7697047447327403091
15300 2.6299734514155499454 8.1139765268915002849
15400 2.6002219767621252977 7.2509234367035899638
15500 2.646835768242919773 7.0009977824608702335
15600 2.7737563157026383642 7.8846984586069197576
15700 2.8398274140600081594 8.3023586432927398704
15800 2.8472043941473410555 8.2786034904426504255
15900 2.8536072620951937751 7.8771015677374700559
16000 2.8808689447066266887 7.0297343054121803618
16100 2.929338994179901956 6.4886735540883098139
16200 3.0002961627852937632 6.3066881318116401189
16300 3.058299806059661563 6.1412543988291101726
16400 3.0918037563094156184 5.8868527442311000542
16500 3.1536027850729411171 6.0731607352028600388
16600 3.1699340472365817867 6.7752348552837000639
16700 3.1552143245544987948 6.9130261271514896748
16800 3.1539213522276123847 7.157910454509409881
16900 3.1956946727187225399 7.337342584721249672
17000 3.2530435052478603453 7.2019589794172196306
17100 3.303231958504564858 7.4911344609821703955
17200 3.3397553051745623165 8.2433859725274594155
17300 3.3430461574329171093 8.383341403749380305
17400 3.3689824552988540951 8.8707215603674196558
17500 3.4729069740929965349 9.7410594854197292136
17600 3.5395478313798642844 9.8125100152910995632
17700 3.621866487565353232 10.335230477229400137
17800 3.7529407292683374386 11.193891561895300768
17900 3.8506824624086952724 11.29138688978170002
18000 3.9772586206034485912 11.880544333336500173
18100 4.0759397328655895265 12.022198673723899276
18200 4.1087815422706954749 11.937011236625599153
18300 4.1482460098602249587 11.988750198656500601
18400 4.1340523141374294624 12.244102853467200731
18500 4.1022327993282292624 11.73896363782720087
18600 4.0788806030224140642 11.97381513810329956
18700 4.0740873506381900526 11.125583455676299138
18800 4.0290870997627914463 10.770787547832400222
18900 3.9955015174416717016 10.70376500962430022
19000 4.0050230459347027079 10.659447888654700165
19100 4.0128341645464260523 10.766537367136999492
19200 4.0045517743368082009 10.589836298687099969
19300 4.0176143000674882089 10.466093773349600227
19400 3.9753403400586013738 10.348265043332800062
19500 3.8873480545673033681 10.366607220310500637
19600 3.8106174731007915746 10.71571352224120055
19700 3.7580760610798598087 11.622858331031100221
19800 3.7437574993485895902 11.852799538133499624
19900 3.7126387573188619484 12.005815562177900802
20000 3.6700184426659232528 11.052679608714599979
20100 3.6393855347356436347 10.648798944408099487
20200 3.5931808874607114035 10.331654300170800553
20300 3.57784045172964138 9.4446093651239504396
20400 3.5501922140560977503 9.1869732399088892549
20500 3.5440802168114164949 9.259415113641399131
20600 3.5686264489884069739 9.7285436364999107184
20700 3.5707535628358781921 10.134155306563899401
20800 3.5844365883880588974 9.8764805095700491933
20900 3.5820145167812236231 8.9046437852131496982
21000 3.5914462443130763525 7.8243546349818000607
21100 3.5965076836049520992 7.5126956105936200103
21200 3.6423742204976665704 7.2756945691737096027
21300 3.6302044604640881786 6.7594650244841503195
21400 3.5722655759425649968 6.3567463156731998097
21500 3.4814369133014073654 6.1565307289081303566
21600 3.3817762175535048819 6.3707706187590602553
21700 3.3041032522088360501 6.4820365354801303681
21800 3.2731792063967022344 6.2891445573192896745
21900 3.2752451124501300583 6.1056122021941998668
22000 3.2826560123634229704 6.2991578749154095718
22100 3.2437607777267984943 6.7187558819598596216
22200 3.1901828165082997124 7.0765752740818097521
22300 3.1732599679930100223 7.7033573242307502582
22400 3.1239281855862555126 7.7013020210206697413
22500 3.115440638133919915 7.9016650589137400473
22600 3.127727076394897221 8.2496251770949200477
22700 3.1977530792399004866 8.0373656058816607128
22800 3.2879850299972384065 8.0837900146482493113
22900 3.3626558488966593607 8.3190405488095304776
23000 3.4055303439440560709 7.9470610236728198572
23100 3.4532077123518658546 8.3424972165359800869
23200 3.4671376790634416132 8.5099767104302692644
23300 3.4879437076380241933 8.4366898963078593709
23400 3.5096899485406862773 9.0596213191121996999
23500 3.5212782649234637411 8.631883007566720778
23600 3.5370318166433492024 9.2936363323130706249
23700 3.5514930026718070089 9.6038238029979208221
23800 3.6089701293130893589 10.091181698745300466
23900 3.6758527629612478549 10.474718397093500499
24000 3.7439442437585710444 10.210977824363400401
24100 3.7963351531420226337 9.7384981020683092368
24200 3.8030160223762061733 10.226430485485099808
24300 3.8326764025730155616 10.972852215405600518
24400 3.9083891766702381076 10.987336253943899678
24500 3.9551116836256592357 11.194222694495099546
24600 3.9807204203695096822 12.058707803462999308
24700 4.0494620604050792778 12.599326747466299992
24800 4.1501117732316972209 12.240095840312999798
24900 4.2957590237461120708 11.778280317737799265
25000 4.4462193001969527728 13.005841956030499418
25100 4.5925404111940775209 13.424624236154999224
25200 4.7103557769288046941 13.480986647921600508
25300 4.7820030321837645459 14.504431058425499401
25400 4.8610941463828503117 14.871925562351700378
25500 4.9358070761371948265 14.549199932483299236
25600 5.0209797885099192172 14.630057790932099238
25700 5.0812280089219541424 14.484294629088800832
25800 5.1249737272176316694 14.277484898469300134
25900 5.1752667246569821202 14.896051453052400859
26000 5.2347348264745896529 15.369574739015899212
26100 5.273197194411919142 16.37961768790160022
26200 5.2820656282078548571 16.736433237952699216
26300 5.2772071647494511737 16.38634851279270066
26400 5.2916563846675108707 16.189658917871799559
26500 5.2643482372715260098 16.134564718095500524
26600 5.186981753914166049 16.20666834360039843
26700 5.1044075684080860711 16.307475257249798517
26800 5.0115221289619729106 16.057108450730698479
26900 4.8948778978958253916 15.318635602060400203
27000 4.7909414701603241227 14.688981717743100575
27100 4.6764547332769836885 14.384918786791999423
27200 4.5319081329081036813 13.986048522668799166
27300 4.3651957410798312154 12.844382896475300626
27400 4.1886759160763684662 12.036236369944299796
27500 4.0341151281995548672 12.028725337885200375
27600 3.9033953109831576178 11.905587870776900061
27700 3.7560638299108459748 11.248651059356200577
27800 3.5985586909474323036 10.588278935341699949
27900 3.4662983248962917493 9.5478843639802093435
28000 3.3688399029816626928 8.4967164587186303493
28100 3.3027085591415183963 7.8617296569428098962
28200 3.2025904551017059241 7.3601201631709995965
28300 3.1026337971301463092 6.4742818371949102385
28400 3.0011502387595214714 6.8460083538191200958
28500 2.9054294027057752103 7.389622399070669978
28600 2.8368496744632123452 6.6632176169919201669
28700 2.841985299397884468 6.6005022534963302405
28800 2.8535918552555039618 6.2900116605604097231
28900 2.9461445550086429179 7.2159380079484600756
29000 2.9946020153683376996 7.8219808290769803349
29100 2.9749056648814904413 7.8853552934971702371
29200 2.9578084812252880553 7.8001024766277300415
29300 2.9606858250772059016 7.5080182429445203596
29400 2.9738033610080703006 7.3699582946724699895
29500 2.9600427695692252961 7.3477495003535704399
29600 2.9535764339696912728 7.1650352854288001936
29700 2.9864725813716264113 7.8217781499555396607
29800 3.0180853624534726976 8.2962615520714404482
29900 3.0182355430797560558 8.5214249403420794238
30000 3.0027817856335921043 8.5193710453835791441
30100 3.0095736962442969364 9.282896982243430628
30200 3.0467286940572466669 9.6588055226315603363
30300 3.0429601554483829418 9.3950738974762408873
30400 3.056899200591062904 9.5313820873000096867
30500 3.1439887573825764377 10.328879309133000675
30600 3.2538900511424841966 9.1339975420550008067
30700 3.3595621722729132053 8.6704972614262398878
30800 3.4215215961426213021 8.5755366202717304702
30900 3.430561509899585193 8.9019601605267091315
31000 3.4301773886065198838 9.9853347743794902414
31100 3.4309099899246895404 11.077682893433600242
31200 3.3770340158155969235 10.883599661343799525
31300 3.3449422954332699298 10.14158010616790051
31400 3.228716431861212488 9.4753484392788092094
31500 3.0632924026477548196 8.6113585498810500951
31600 2.9413762992425005471 8.0769277481696697407
31700 2.8449830798721498226 7.0194680204841803928
31800 2.7399693552051989087 6.3792019039933398616
31900 2.646795237386557087 6.0519224098278598944
32000 2.5375281912968308262 5.8978280779024396807
32100 2.5394533708375313097 5.7502737072640703886
32200 2.5567801709082598194 5.2892554200005896803
32300 2.6882814329784978646 6.0178655158144103154
32400 2.8903557844250005182 6.9513741443689598398
32500 3.0641338774233619624 7.1220404669405903419
32600 3.2285360187288492106 7.5854043305938700925
32700 3.3353413273046896848 7.5523177380548300874
32800 3.4023167408313312876 6.5776844934156901701
32900 3.4840443502687770128 5.8933052998270403222
33000 3.5409978934616743729 6.0360358767592998674
33100 3.6140763138700600088 6.3279832607565902336
33200 3.6554328600137648841 7.0964708998570396048
33300 3.6736340394939936971 7.4967950267503997708
33400 3.6902389135297246625 7.896273131473329876
33500 3.7458050270577061269 8.0969465407488101505
33600 3.7680205271948246093 7.7126634689763298169
33700 3.8004653589780277301 7.2993834445196599248
33800 3.864800890934862565 7.5007095871208395721
33900 3.9462296977338269244 8.2982052185022805446
34000 4.0115605082870269271 8.9776406451736505687
34100 4.0873180959590511563 8.9439603033639691887
34200 4.1415988175174396346 9.3506254445398191422
34300 4.204560702796065641 9.9581708480522692639
34400 4.283444594466490507 10.173326149343299818
34500 4.359703397048061646 9.9454845771990196823
34600 4.4769563575627611129 9.2636724325905603905
34700 4.5810419007827292148 9.0421014078746999587
34800 4.6287152377044922247 9.6505874229030297329
34900 4.7090841100798570551 10.250901258608399402
35000 4.8074831983319867845 10.163906472841299333
35100 4.8799385623851989635 10.583365971560800389
35200 4.923930749842520882 11.284500046303900689
35300 4.9321438317435175591 11.736812878862599163
35400 4.8692531959912903616 12.037405575166099325
35500 4.8007924053461410452 13.084084985270600043
35600 4.7601562217617932049 13.742187098355300279
35700 4.7271603534578208183 13.248792157854099472
35800 4.6774672438319893075 13.71296255983789969
35900 4.6587731618944259182 14.167784915438399906
36000 4.6501572903469075015 13.77348894533129986
36100 4.6352545128396958063 13.608923317542300779
36200 4.6570557260692462265 13.583187152821500021
36300 4.6282068163144698403 13.795958973334000675
36400 4.5718589436704126783 13.489495062031700456
36500 4.5312234802765853914 12.886711710977799328
36600 4.4725575795449321603 12.746393912337099508
36700 4.3915176016725192554 13.103977963873299828
36800 4.3505478114027260617 12.429455465334399378
36900 4.3222527455511432493 11.94144068459850061
37000 4.2525199828963620163 12.330665946900699836
37100 4.1863939626815689365 11.866753779970400373
37200 4.1157825788827713254 11.579521527970799255
37300 4.0187247347313359569 11.570808090903499377
37400 3.964378455617475705 11.724238796973500243
37500 3.8810641159811600787 11.005740372237800884
37600 3.7376682876823932311 9.6767644766392795219
37700 3.5888689906904578386 8.6836643213258692953
37800 3.4448395990556921475 7.6383482541874503369
37900 3.3089064502542320234 6.7767009799041195706
38000 3.1768034729519745163 6.3830509969791000557
38100 3.0259435753433590044 6.5182805711034896845
38200 2.8256312268464429671 6.7141226714623796212
38300 2.6580357737844169108 7.2049615603753700555
38400 2.5617345337663004479 7.9156545520001397875
38500 2.5066276163482568151 7.8277723718728502433
38600 2.4532794013037646508 6.6454844197397200389
38700 2.4395893727707980148 6.6435106938017201017
38800 2.5309304640964822575 7.3950880801944602894
38900 2.5635652912508621881 7.5524014057062398564
39000 2.5766733442148326283 7.974550455652890335
39100 2.652371039332953373 8.4300143882312905674
39200 2.6983673325460495462 8.3713802254019693549
39300 2.7539689502116528885 7.6036184325404203577
39400 2.7941138984401217016 6.1846509681861601138
39500 2.8224251559501891684 4.967409275913640343
39600 2.8764616081024865224 3.6465602034733501924
39700 2.9188207538833466081 3.2203827039269401489
39800 2.9010337624680886393 3.6322661357802799031
39900 2.8775125895004789456 3.3399977691523101697
40000 2.8555728747311945881 2.7853455865728200536
40100 2.791378309530023305 2.6808970279361998834
40200 2.7578565594232404834 1.7553574306252099912
40300 2.7002140929603708486 0.98173128959831601481
40400 2.5980010632287577899 2.3255102189079601693
40500 2.4882884208250928282 3.0067665369054199509
40600 2.5055075081884883303 2.9277599225570800634
40700 2.4897239002499333971 3.2148879035066300069
40800 2.4797746634383952546 3.7886821117613500576
40900 2.5737214959847358742 3.7881383340905201429
41000 2.6085294786772217357 3.9953412177059801635
41100 2.6576970552156504723 4.7968179559181702842
41200 2.7120887152948198739 5.3340798264130295792
41300 2.8628687352424444512 5.9323017123464296674
41400 2.9834415278669266236 6.8226471082894404319
41500 3.1533020307268788684 7.5606818465209402191
41600 3.3218048204465890905 7.6250141525977301882
41700 3.4750105223990126468 8.2731348486093700956
41800 3.624071186012778778 9.8511321343707596299
41900 3.7919903277285715859 10.658407582561700622
42000 3.9485372403718370649 11.95782834012710083
42100 4.0469307903888429578 12.728972466104899297
42200 4.0989352346927381276 13.054979948432599457
42300 4.1787311027896869575 12.653326958890900755
42400 4.2353780940335132854 12.674380628136900029
42500 4.2705962555010295034 12.657322993979500225
42600 4.3243619139886275704 12.692720018718700814
42700 4.3555860546840063918 12.238950314283199461
42800 4.3864330422144561794 12.130500927480200701
42900 4.4289396097960986864 12.156893764548600601
43000 4.5034639693609364031 12.522362579198400567
43100 4.6243169369429670823 12.073285005306299666
43200 4.7663478815538589117 11.047929615505900358
43300 4.8879943644964747307 11.09323254749920018
43400 4.9818585402853790001 10.807556612339899615
43500 5.0491593459161876467 10.641141854667800715
43600 5.1072782246438972464 10.30667895281160007
43700 5.1501706151884372176 10.036647115057100166
43800 5.1883250688718671739 10.43149438971889964
43900 5.1695757059684988022 10.011488316260800602
44000 5.1584177659815173556 9.0350148187045196124
44100 5.1352823808311436338 8.2846331979768894627
44200 5.1244732681611466774 8.7656558211092203692
44300 5.1397212017912146109 9.2084520791233899217
44400 5.1413011108393291693 8.6584083124998603154
44500 5.1227698013980127456 8.5029242731826091273
44600 5.0611143501585198479 9.1525197109973994714
44700 5.0021721942252010962 9.5882308548813703908
44800 4.9492844942389710994 10.129255730885200038
44900 4.9079210189395192643 10.530939032097899499
45000 4.8698674553260428155 10.642016398338700611
45100 4.8234245043883259285 10.99819067619480073
45200 4.7289624852959919465 10.90963508695469919
45300 4.6135813226748911831 10.238303818670500434
45400 4.5262505667323500447 10.283198656655500258
45500 4.4413198276460077452 9.6010444725869703575
45600 4.3443435897737829876 7.892874345196879915
45700 4.2368119130228603098 8.0839404097715501507
45800 4.1596232822572281052 8.1923980292697304861
45900 4.0899744603796603926 7.9558901401210402327
46000 4.0344611618311727597 7.5087783701680903548
46100 3.9760129681652292 7.2411329819907397365
46200 3.9183883500823357693 6.9610793283527199193
46300 3.8917156788018192337 6.9958660548430202653
46400 3.867880767347750659 6.5929782308469802032
46500 3.7698688474414017158 6.2905381896190002422
46600 3.71433572990851113 6.5131151751249500848
46700 3.7038714777586836391 7.6944462012033403298
46800 3.6697940541874713993 8.5716849153877596734
46900 3.6599627252885609252 8.6925945552524694904
47000 3.6528778997145661123 9.613786241327030524
47100 3.7086999948403440719 9.8331448051463397064
47200 3.7651325011700516043 10.280535964302899288
47300 3.8239777653810649305 10.801778993234300685
47400 3.8674639216958350829 11.713396367739999704
47500 3.9135597445915246695 12.486435231527799772
47600 3.972987855551361136 12.155279877845400094
47700 4.0238404714115088012 12.285343325962900352
47800 4.1000055682518743438 12.68767814007659922
47900 4.1876388696235595788 12.914688098757499901
48000 4.2654399779740890253 13.152813911679599457
48100 4.2986805119671309683 13.41115220011680087
48200 4.3451794330401511957 13.673240610060499733
48300 4.3968969317010433429 14.509124215384099799
48400 4.4639427193523220083 14.083403483852800164
48500 4.4860367681776276427 12.534323643738099818
48600 4.4849657309344213019 13.082906139297000081
48700 4.503319514961223291 13.44661123196219954
48800 4.5165107697315596269 13.651681456038499363
48900 4.5454742598138571097 14.045855431937500413
49000 4.5301075975210247648 14.085876026623800783
49100 4.494576615114057816 14.021791704290000879
49200 4.442760299406009139 13.666876492201900817
49300 4.36616860940718432 13.075078958910799187
49400 4.3108758186142406288 13.296708667127600023
49500 4.239109018232658066 13.187544629533299201
49600 4.1847419561008010191 12.751656443682900743
49700 4.1670147146875882171 12.218898760445599194
49800 4.1852915876662386552 12.016121221067400882
49900 4.2267791630102138356 11.574671746720200716
50000 4.2237196575895641359 12.377420279357700394
50100 4.1823886210590375256 13.522434786711599486
50200 4.1606093511896071746 14.088478329271000078
50300 4.1485275986358427502 13.883395103316100716
50400 4.1361568825218686385 13.574346166181099349
50500 4.1236323102058216605 12.901224402649699385
50600 4.1270568579073172444 12.727969719053300324
50700 4.1277783326844348366 12.654501383920999658
50800 4.1300404268703134747 12.116043632046700651
50900 4.066772552519168471 10.012030480670100374
51000 3.9931611361769259183 9.2296592333349991577
51100 3.9227079392435215688 7.8603448954861097064
51200 3.8676334883448220126 8.5452638325179695045
51300 3.8289825927889999946 9.4047741706804792727
51400 3.7671975662386500971 9.6070465215403899606
51500 3.7064534954828403102 9.5370997228702893977
51600 3.6498987263401501124 8.6986587666884993553
51700 3.5668845564681785909 7.7453196685075598182
51800 3.4828391219092007525 6.82741336583794034
51900 3.3786139589588826126 6.3562014173207401768
52000 3.256105928173361086 7.2283220249645498967
52100 3.2646572819314196856 7.9147234983311296475
52200 3.3279047152458716141 8.1411754517397199038
52300 3.4254538661377345043 8.513878120165550456
52400 3.5954885498476016892 9.1171311465912392435
52500 3.7779778540247117569 10.032150482724599527
52600 3.9632072264669431227 10.050203648324000483
52700 4.1169290282941908288 9.7241940384087293126
52800 4.2280228780900630525 10.217068033533900362
52900 4.3122982795945681289 11.344774454532799979
53000 4.412358769832038341 11.312439652404400192
53100 4.483696637123560258 10.948458645657000332
53200 4.5922572682020019741 10.220391798813100337
53300 4.6884878600903521217 9.2908257114998491488
53400 4.7981456891647722429 10.118007144324199231
53500 4.8726201468919310145 12.014076926188199224
53600 4.9513351639707554597 14.168394551623199717
53700 5.0073568498647631486 15.923091166363999349
53800 5.0627184951072523589 16.030824963208299749
53900 5.0841214595981991664 15.1873293352005998
54000 5.1264752094040675345 15.637021864756000866
54100 5.1594978702887814848 16.015236143723999618
54200 5.1715058551255879138 15.397975253404899476
54300 5.1565715019537670116 14.94967559334649998
54400 5.1635481360497585968 15.669633725134000102
54500 5.1544310791698109142 15.83572882308889973
54600 5.157181609007776224 15.708641101064900525
54700 5.1460788331226767767 15.309690856383099344
54800 5.1036698323706399805 14.97699924610740041
54900 5.0234847495302430431 13.852503097688499523
55000 4.9235205402579218514 12.617809058624899876
55100 4.8114524933229816384 11.038659548217500728
55200 4.7259023092856953241 9.30990037784154012
55300 4.6385948997267130167 8.8173983468996492974
55400 4.4849928849868208047 8.5030712785059598957
55500 4.3517665486520415996 6.7297235491327800361
55600 4.2337023933883051185 5.1477905651366295814
55700 4.1000528967027358718 4.6415583150551098512
55800 3.9634194672387010883 5.0371794977146002736
55900 3.808318858814191632 4.6388278578689403631
56000 3.7074681973292840098 5.0031430239480396693
56100 3.6178874491592032392 5.6614674092882300016
56200 3.5552629826248431932 6.4039279818310603787
56300 3.539552725980864345 7.0350257316801796392
56400 3.5076997136056258242 8.2197884912578391692
56500 3.528798296163326409 9.9801781496368295876
56600 3.5700521106851796915 11.510617561444599133
56700 3.5686092424457855898 12.783169819605200601
56800 3.6044942996657098888 13.927669133558300274
56900 3.6802030825887221965 14.158593104167099597
57000 3.7127889115553665 14.039366441555200637
57100 3.7491889785508853983 13.454611328207599641
57200 3.8346284255928888562 12.872277391273700076
57300 3.9290478981602294795 11.957064213455199209
57400 3.9809023692680747253 11.619588191248100273
57500 4.0178110359572425381 11.446182377927300422
57600 4.0720364296848350349 11.24772994456050057
57700 4.15260767530068442 11.059374271943399393
57800 4.2098331040846996842 10.969042022135699455
57900 4.2635762086087378719 10.273513562518299835
58000 4.3087979181105611204 9.8247950152737502094
58100 4.3429617746312558779 9.3929904519987292844
58200 4.3674519978982946355 9.1207485778552594979
58300 4.4288872314778213735 9.2341008401844604236
58400 4.4999029143169799738 9.2045354451498795356
58500 4.5497164079626184474 8.3228107184358108839
58600 4.5628028326386509406 7.6655984583019298739
58700 4.563937891065757313 7.2343475638702896546
58800 4.559297549244015535 7.0630399243902903805
58900 4.5129239620290029222 7.9784306417728503291
59000 4.4885390903952284702 9.4917442845924693273
59100 4.4974864384509851689 10.555921056566699434
59200 4.4997122456888600794 10.604077869660699207
59300 4.4737266560124462345 10.291492476716699755
59400 4.4467124299650127028 9.9180621839174794019
59500 4.4261007471799898028 10.487870154956599578
59600 4.4205887910059438184 11.208821402435900083
59700 4.396716807529021942 11.634858381163800445
59800 4.3999858163412879364 12.871073440606100036
59900 4.3679469463737117252 13.010613983299499807
60000 4.3077998213623960311 13.354083876939800035
60100 4.2186781178292376282 12.824905487392900483
60200 4.0965243929358861052 11.688734422863500839
60300 4.0215435355631967695 11.44340720883739948
60400 3.9731419428543284234 11.685779282626599596
60500 3.9186334181565429802 11.955072689626300431
60600 3.8540146452065706661 11.197001373697899496
60700 3.7891510587853836078 10.699730601802999175
60800 3.7484812260167248432 10.241156429349199897
60900 3.7178130247795313501 9.4284573731835692456
61000 3.6640527334329786591 8.7888759617637397525
61100 3.5387864591442386164 8.7211228855359994583
61200 3.3950584081124000058 8.711102943644080554
61300 3.2874488235956076387 8.7699262593509299535
61400 3.2210717999094935493 9.1590054628354593547
61500 3.1667690588852059896 9.0945998960898304375
61600 3.1085709579197362551 9.5104809970037091915
61700 3.1288581224688125637 9.5766604786422195872
61800 3.1857643197902363319 9.5173980951946894891
61900 3.28474454220863743 9.3156974902325195842
62000 3.4263520593975749229 8.7727867828214591839
62100 3.5392875128024834375 8.523699477955259951
62200 3.5904250802407471355 8.5372055156950299448
62300 3.5936133705961874618 8.362411435521540426
62400 3.6907735036496926995 8.8491855667153505038
62500 3.7564791940849735496 8.7647637556584303553
62600 3.8618374128274290946 8.5478426758537295882
62700 3.9206419860849046621 8.617562630364300702
62800 3.9147583920039519256 8.2956357063788193074
62900 3.8826723802477163261 8.3998032115044996004
63000 3.8185908322615631505 8.0517926599797693399
63100 3.7438289518152365609 7.8055203795225596153
63200 3.6621066197472762482 7.88428475378738014
63300 3.6227954937090176557 7.5993809403916099399
63400 3.60334663733282623 5.943247340319819827
63500 3.5480661043530603571 4.3181516753199797876
63600 3.4989804450724615315 4.7664040573976800275
63700 3.4733661194399987338 5.351679140767820364
63800 3.4396978578186874209 5.8833740645879100128
63900 3.3491931859037693542 6.0935596618802403412
64000 3.2797553738525437872 5.1295724716336099647
64100 3.2406398472675546074 3.3510827938081000354
64200 3.1771004046310737934 2.5356708684902100615
64300 3.128857718855643899 2.3849391807988897796
64400 3.0667346109312565439 2.7135660804256400702
64500 3.0085276183432538843 3.4231232609327197913
64600 2.9301171772465890442 4.5186872858569300249
64700 2.8419918372539192397 5.5097443678250703769
64800 2.7647853742069554706 5.7072069502257702922
64900 2.7186946168779990707 5.8784581652400298424
65000 2.7368405934893771381 6.2256528512123301411
65100 2.7866618593911076651 5.6649623653324399086
65200 2.8763786195534488677 4.4074235400531200924
65300 2.9395296144288169948 3.9400574533958701018
65400 3.0299772047403745745 4.7066868411626501256
65500 3.1473138025290476882 5.7222013489208096715
65600 3.2859666515432812695 6.3881945360656997579
65700 3.4606688032068571026 7.119398040600310118
65800 3.6677018874832580941 7.1829261534965800351
65900 3.8582169458084907276 8.1666771499633501463
66000 4.0031768601103614458 8.6190425885665895578
66100 4.1426826528095270774 9.2230730142749592915
66200 4.3012324798126977399 10.100613025606799411
66300 4.4424984706251695599 9.6590758758486003899
66400 4.6103798122540444737 10.039857505926599757
66500 4.795269234100038247 9.1924690245185693982
66600 4.9407104570560145262 9.4441687689348992052
66700 5.0851630860831820158 11.193137697473000358
66800 5.2437517241764428633 12.885634776821900616
66900 5.4067692999304188817 14.36752522577699942
67000 5.577096296358858396 16.009341261093300801
67100 5.7257900260491414457 17.783983930883099589
67200 5.851875612589255482 17.991749759707399647
67300 5.9363055231828552039 16.908812487697598925
67400 6.0113267059218902233 17.458527709327100297
67500 6.0595252790627993633 18.249681919448001111
67600 6.1254391269184562674 19.035188188133901122
67700 6.1823662955464531166 19.664907011437801287
67800 6.2232305196707011774 20.183177447293999762
67900 6.2327383997877685573 20.374642422201798553
68000 6.2314754871870849939 20.430002974742098587
68100 6.2264068675264274688 20.0570403554756993
68200 6.1962970138101765016 18.480601616527998488
68300 6.167884430022916753 17.607792928245199704
68400 6.1466254452722646207 17.532437139193699949
68500 6.1079912461245955413 17.404743403502898502
68600 6.0342417719113905505 17.947277980750200754
68700 5.9544247216282482071 18.230011192233099848
68800 5.8970758155034257442 18.306548965420599728
68900 5.8342250057343001401 18.033006133026400875
69000 5.7637174971602851414 17.554562699766201206
69100 5.6752035383122620971 16.984772586792800553
69200 5.6015797405181384505 16.12831690619620062
69300 5.4930276166678639882 15.066776814138700402
69400 5.4105772196032591026 14.743276814259699492
69500 5.3279637740838934334 14.15779844274979915
69600 5.2303253049825420007 13.409725452755999697
69700 5.133634884475419824 12.731589155815800751
69800 5.0032508975284644137 12.293539283262800765
69900 4.8892785267801350813 11.697803988605700809
70000 4.7427575041927010346 11.350284746936100788
70100 4.5974040449008537479 11.302676603712800585
70200 4.4796916600991032453 10.857871933261300512
70300 4.3357904368291260155 10.996027874183299744
70400 4.1739276878273914306 10.861040235730799353
70500 3.9742875497733165524 9.8572782711216504481
70600 3.7800442083215308742 8.9652136368081691842
70700 3.5843563745782272001 8.4726430424617493742
70800 3.3625909523597155015 7.65724310074994996
70900 3.0934088676175570676 6.4696729062848898906
71000 2.8592567344771504523 4.7544746877562600318
71100 2.6687014333381258169 4.2444243379423696183
71200 2.6243675023383694622 4.2569757575696600682
71300 2.6226951877366357913 5.0702870461988096551
71400 2.6625072171804204935 5.8947817466789800278
71500 2.6993104512423036212 5.8597383467224704034
71600 2.7603161209748874327 5.4579243195511502051
71700 2.868973786919749358 5.7089284449372303953
71800 2.9684787634802982659 6.4673865755409796208
71900 3.0989227224810336203 7.6877611858687400215
72000 3.25465773688268456 9.0561214451044005358
72100 3.3610919295779888571 9.9157015217339505853
72200 3.4356794267116486097 9.6207436970549107258
72300 3.5421984959419163808 10.260621233331100655
72400 3.6282760013454464776 10.796907932329000701
72500 3.6896949446898226199 12.536653699807100537
72600 3.7658919781619215605 13.271432509603199534
72700 3.8848503100665765508 12.716129284313099745
72800 4.0239260289292468897 11.726456195835899265
72900 4.1925994786799849479 12.282355746157200826
73000 4.40958299566567824 12.713707316066500397
73100 4.6402104995786110919 13.417003254048299965
73200 4.8189627089718083397 14.320839515561299748
73300 4.988600834961367525 15.137388959681899792
73400 5.1436439593292329064 15.964549251920900019
73500 5.2657959809989902666 16.98027467172429894
73600 5.3512046214374731079 17.359984903735501405
73700 5.3877603297923091219 17.221705476243300836
73800 5.402574475907722551 17.177852786549898667
73900 5.4010116313157379153 16.181395115794000361
74000 5.4058161596452976028 15.453581160743400602
74100 5.4414625171649433355 15.54645408333849943
74200 5.464465970125790939 16.227542462205398976
74300 5.47934777617380675 15.956656238491799371
74400 5.4870889904575870233 15.051792364828500581
74500 5.4824709952612336039 14.060970496177800371
74600 5.4529557682632319171 13.544636590874100435
74700 5.3922744080923070698 13.134525776693399379
74800 5.341762669741634717 14.007109341286000159
74900 5.2939658071440875986 14.895617781881199448
75000 5.2484401026466649398 14.567974968536299585
75100 5.2166274362072000415 14.252706483314799613
75200 5.1491223279159665793 14.092504054211699938
75300 5.0456579623261985645 13.555660376854399729
75400 4.8978005875341370512 12.333576233879799844
75500 4.7676750466145918494 11.141783730691399157
75600 4.6335542757135108616 10.824958848417100654
75700 4.4711635125331081753 10.096446952797499819
75800 4.3056988298920026992 9.4358722585743795008
75900 4.1588655348696121905 8.088022200247500848
76000 3.9947053463842756571 6.3928259549680204188
76100 3.8230664224833965648 4.9945834442726901869
76200 3.6751673245160074721 4.8472423884550597251
76300 3.542043907214657672 5.5071413646242701745
76400 3.4061350322545442815 6.2356335876067099377
76500 3.3048652106182623278 6.4089268363937703654
76600 3.2175286972556529363 6.4656364149141296593
76700 3.1271018206042540122 5.6573589156917503118
76800 2.9889225344067820167 4.4721325406416498893
76900 2.8863140181523858629 3.7800246963646100262
77000 2.8543249575017677344 4.2663974917985001412
77100 2.813830089526447864 4.2534508027994002433
77200 2.8178926465232900789 5.2972423924119196315
77300 2.8522233497148046233 4.7024162684579096094
77400 2.9383923242806631038 3.6460320960359497988
77500 3.0720022164755644845 3.6022320950720598809
77600 3.1611769253246104761 3.4044791606816597884
77700 3.2349396498628997243 3.1032290489066500783
77800 3.393594568389687538 3.3717967198297498221
77900 3.583232915361196369 2.5309978273621300815
78000 3.7307549084718027999 2.8506647625210299601
78100 3.827098658360199579 4.2982913258627801767
78200 3.9350717658796070531 5.8092812414731396231
78300 4.0557256987235010826 6.2121385396406703094
78400 4.1384864700006387395 6.8440028061489002198
78500 4.1854092790372767752 6.9989554951932602123
78600 4.2444465019179142828 7.9453977205442098963
78700 4.3117159316101281163 8.9861144098947303149
78800 4.3823610465374134293 9.2888130006927696058
78900 4.4448729662000179275 9.633796298923639867
79000 4.4933378740468068457 10.385687598257199227
79100 4.5094284533341593146 11.081753357944599259
79200 4.5093084776254945822 11.454226990697900845
79300 4.4932626346080422053 12.140717325587299769
79400 4.4668145825379133029 12.097957000898500013
79500 4.4535444868103404303 11.781400937285699371
79600 4.4068978478958786837 11.955540663352799413
79700 4.371707361712854123 12.727840256438399891
79800 4.3371871620824462568 13.182086097422200055
79900 4.2982583588148157716 13.208583115297500399
80000 4.2394825140911924777 13.291759410568500854
80100 4.1477697817866383545 12.577078824639700727
80200 4.0391165776135586896 11.153989558069200783
80300 3.903214925004147684 9.9362526582540198206
80400 3.7913070369727495112 8.946767991905600681
80500 3.7016482521732423372 8.0487638346170005121
80600 3.5645382723634337907 7.8934906127730997127
80700 3.4261114555415419503 7.0451254712762203525
80800 3.321716445745006574 6.3917421916699099782
80900 3.241994131365495857 6.7871951191964097205
81000 3.1617572110874148095 6.6641922535148498952
81100 3.1002012112215440176 6.0596273116851602225
81200 2.9752933015634730474 5.4393256561505802793
81300 2.8962674166571851231 4.8071902985593304436
81400 2.8487985358311616046 4.45473996965742014
81500 2.7737870795786929712 4.0156771076136497101
81600 2.6957480042303414436 3.680549536546660061
81700 2.7635434143555448472 4.3523707260146196063
81800 2.8459911047772621373 5.0260555122847003773
81900 2.9429337272507543055 5.8260879552886501997
82000 3.0268871207228076337 6.5671583291561201889
82100 3.1205887298658869788 7.4188327023003095562
82200 3.1765483135261747272 8.5817396048034808587
82300 3.2092775637131412125 9.1699107056873305766
82400 3.2764913282134608963 10.004227864627999622
82500 3.3768608289456469862 10.424760429986299926
82600 3.4975711294188513989 10.512680701267200334
82700 3.6154380451251562079 10.938713315195599307
82800 3.7764028189146077175 11.454395776202300539
82900 3.890355313742841048 11.970336811952199341
83000 4.0002403677122364556 11.752992461046099848
83100 4.1360908091473049808 11.972908882513999984
83200 4.2408461016598728577 11.611140934620900467
83300 4.3465906482675977784 10.893585321311899605
83400 4.4441778599154346807 10.285925285533899398
83500 4.4903908346256944384 9.794925518625630545
83600 4.5623230819194677821 9.3528017084042005536
83700 4.6315842544201331066 8.4228442549335991174
83800 4.6827777559660512807 7.7772958784208299221
83900 4.7411575848823277468 8.3029555611363008438
84000 4.8331320600745586447 9.8635785711742496318
84100 4.9231131722075316404 10.956036533025699242
84200 4.9859020284610124918 11.469077208152400615
84300 5.0440961561215216236 11.244840423843900368
84400 5.1141543763142722767 11.629553208791900687
84500 5.1566296718603856775 11.953848747524299156
84600 5.195371893893304005 11.919401949123599849
84700 5.2328122618295305202 11.903075990065699941
84800 5.2447726309702478176 11.888214615051799328
84900 5.2222233138268556729 12.201806770970499372
85000 5.2012604691605677232 13.471071377457500162
85100 5.1749865615494137217 14.046078229661299375
85200 5.2073534338813152189 13.783422355295400052
85300 5.2161592917241934586 13.342303215559500273
85400 5.1981853324956670548 12.964254661383000311
85500 5.1979649075088065757 13.100484258852800323
85600 5.1576712045822974417 12.934087965451599445
85700 5.0881740649787543518 12.368332274667299231
85800 5.0231700360254896154 11.837664570996800251
85900 4.9576115065574111185 11.130002671671599401
86000 4.8826238697979240655 10.116596534831700183
86100 4.8034792597836073469 9.4843809171633104427
86200 4.683966622412245151 9.2975877689369106349
86300 4.5578990103189438443 9.430520407690719864
86400 4.424704623672076842 9.7141437358639493027
86500 4.2884884221015138195 10.418927119937199777
86600 4.1375860894330642736 11.012394615481699844
86700 3.9672405794920577726 10.597744130578199417
86800 3.7734569290867367997 9.8883879417050302152
86900 3.6142267079070218294 9.1793159104630799305
87000 3.5278633440097495466 7.9265996477549798271
87100 3.4996687212504911102 7.4206079998102003614
87200 3.5170641786640337578 6.5224866261628999808
87300 3.5372872060630089486 5.5082516386756097404
87400 3.566511194620276104 5.9052357408403803873
87500 3.6398148418875524435 6.6875080726918803009
87600 3.7342416315855953002 7.3165780901865300478
87700 3.8134640166724369514 7.2078551628441998034
87800 3.9047649846259377959 6.7360348153389697501
87900 3.950308863740898957 6.4064020903018903397
88000 3.9370639781617233766 5.9645004775930798857
88100 3.9151542102413561253 5.7091682300302499797
88200 3.8846612231932087234 5.8283492485432297769
88300 3.8483326710113998637 6.2812773438466500409
88400 3.8103820667721128856 6.3223779559126898064
88500 3.7854610935658912219 5.8458477446170302727
88600 3.7898185567879463242 5.4945920440624496095
88700 3.8009909476774308423 5.5724456885003501583
88800 3.7823835496544653267 6.0224072002739097442
88900 3.7735176390673323965 6.4360435922534398046
89000 3.7693871203422024685 6.7611184929607297533
89100 3.7365924125303568992 6.9837722629012803921
89200 3.7008876869576425861 7.1249813023402204237
89300 3.6815329732592929624 8.1154772987716494725
89400 3.6671618533247509752 8.9746462080563400576
89500 3.608711919223975606 9.3812770659422302089
89600 3.5478358374366250061 9.8710609167116594165
89700 3.5282930595084027736 10.257307733364600111
89800 3.5138396874007553627 10.572498078799300814
89900 3.4940249284419593323 10.748989696573799435
90000 3.4645301853682233251 10.775426706193099946
90100 3.4771724474725393961 10.573612080453699491
90200 3.5279336013044173548 10.801620918506300129
90300 3.6002557916932569348 11.215474652915599307
90400 3.6730839144197195978 11.480852782714400462
90500 3.715191532119800133 10.71575168589220084
90600 3.7735628716983766751 10.928043613460799222
90700 3.8350949296889806917 11.792877171115799584
90800 3.901333900462836457 11.88182881857509976
90900 3.9801934906215752363 11.707809075795200471
91000 4.0483274123623980145 11.082056037897899614
91100 4.09834649301722731 11.132742105379900721
91200 4.1634287385759050082 11.41795175456030087
91300 4.2039025327935055643 11.842847989789699881
91400 4.2191367835159043764 12.569479491234300639
91500 4.2259290985541628771 12.987576028682200402
91600 4.2470863075067759596 12.491522165815199585
91700 4.2550548784458177565 11.040940560071600629
91800 4.2378051352748622449 10.38849172199060078
91900 4.2133729552945817787 10.383813143920699318
92000 4.2132879143392569787 10.375924097346800323
92100 4.2454854859181052618 9.7228151892607694862
92200 4.2310634756635625564 9.4760903342787194958
92300 4.1901459897677622024 8.8787932734092596121
92400 4.1389342303452423266 7.7953899767604397653
92500 4.0572419405904716072 7.0381331652355800799
92600 3.9439006738413868725 7.0713715558676195627
92700 3.8356386124152104244 7.4672130333132402669
92800 3.7446721133484470734 8.2371363283413803202
92900 3.6451290125456283775 8.6928617593558303867
93000 3.5737395930277662259 9.0251959882294094939
93100 3.5594489727742018026 9.6428194527847406192
93200 3.5159845741767798977 9.8707781619938792517
93300 3.4420964466689740746 10.141119511698200029
93400 3.3565558316780426118 10.067467013951599597
93500 3.3415246113961600827 9.9932458461362401181
93600 3.3266306890459764745 9.9583732946882896897
93700 3.285447577247264217 8.8955330462004802428
93800 3.2300931200785472086 7.5600349203829395606
93900 3.1561398842339349891 6.7254879371145399602
94000 3.0693598720352603948 7.5782234207011995863
94100 3.090210039314170487 8.4191678730749295312
94200 3.1051022006868924663 8.4596005828162503803
94300 3.1152315310603984067 7.7026018904781601293
94400 3.0712236010952369547 6.6854336194222101497
94500 2.9864966243673909396 6.1936409072418898702
94600 2.873065796112692194 6.3440330966374798294
94700 2.8285946174796983144 6.7722496336054902599
94800 2.8934671361116808264 7.2770867039432403089
94900 2.9872658509026952522 8.3021125971200504523
95000 3.0504627414145741859 9.3207029050194005748
95100 3.1334798853683958342 9.8401345359758405351
95200 3.2070747805053825275 10.149123159393699467
95300 3.2611607704940190899 9.9453381000370697507
95400 3.3375368011200472473 9.2385080270890806986
95500 3.397022635380661626 8.7628182279987996139
95600 3.4540062414332837193 9.7694900541229596769
95700 3.4546100467950591195 10.381924599578100654
95800 3.4286483207070128643 10.853068629664999634
95900 3.4253135932467011493 11.053791564991099605
96000 3.4334540825204333814 10.267073553211300663
96100 3.4786977335342714746 10.02001335846220087
96200 3.5620440439439886582 10.984363203331799497
96300 3.592394355616433721 11.387920971257699421
96400 3.6807993965337648667 11.364955403415299529
96500 3.7655391080347371258 11.407998261593400358
96600 3.8267110080969173325 11.462831338137799975
96700 3.8967275172267008543 12.393471746919299648
96800 3.9646614926549115232 12.975363290149600104
96900 4.0464596425622518794 12.494881816247000117
97000 4.069307584670176503 11.971795363747599339
97100 4.0773409338370605326 10.85335429945920005
97200 4.0725346546126868219 9.9509184441554694445
97300 4.0463944072052102641 10.018660392267399573
97400 3.997977542705241305 10.4890080510541992
97500 4.0050295674804203827 10.807400159077099389
97600 4.0314494948066457169 10.999645688069499272
97700 4.0405499036238801125 11.249115519655399353
97800 4.0529643597359203966 11.581397634959699872
97900 4.0749388757790807603 12.106599259785500777
98000 4.0545976881452352458 12.356710716774600201
98100 4.0368530501466342031 12.005159166988800479
98200 4.0412519723522644099 11.177604502626699912
98300 4.0543221645517615315 10.356501146186099405
98400 4.0824353378413960058 9.9059870918814691976
98500 4.0970439166112928575 10.242673174029199856
98600 4.1144855438709404538 10.414425260990499922
98700 4.2035722983031460487 10.271933936372299456
98800 4.2974362512168031714 10.362396800751200843
98900 4.376834570283454795 10.402042221471999639
99000 4.4257955441839342825 9.7073212880744694786
99100 4.454222289102428789 8.7669458133025806035
99200 4.4515248648160126166 7.5752169649494200954
99300 4.4566975599676990072 7.6673950646690496313
99400 4.4491011342451241006 7.9035889478702703315
99500 4.422598879799947369 7.8883384249191603743
99600 4.3762913334594832904 7.8928835177034404325
99700 4.3113317844521432676 8.2010547458633205054
99800 4.2360421110062498329 8.4911851531051691921
99900 4.1627625510726034008 8.9922486228726103974
100000 4.0877942781830114427 9.6231829593816105017
