Step Rg Re
0 14.363380015416002067 48.77502496105479679
100 14.352226552470041199 48.486790362202903282
200 14.178500921979232174 46.959008405645199957
300 13.862841941149516956 44.969639685264702678
400 13.430907276736148148 43.094908384764799791
500 12.887639638292290201 40.149446168107196797
600 12.2841361053116227 37.221452076907098672
700 11.63502614204903729 34.56485699876340334
800 10.95792989886939317 31.599002056921900561
900 10.23719816457948717 28.981096561504099185
1000 9.4678529705074492284 26.293454323651999971
1100 8.641211272873169591 23.11883063125389981
1200 7.8073995618041687194 20.816573897521500669
1300 6.9575941289229508158 18.311858279988598497
1400 6.0915390799211124317 15.276044056373999425
1500 5.1963777377797182311 12.341582824712000743
1600 4.3028493595807395522 9.1261819765729192966
1700 3.4850107876742244528 6.6112724364575496949
1800 2.7026364247913070571 4.5903426621951401998
1900 2.0948144345969028635 2.6333980274769901442
2000 1.94984780664780466 1.8704678025465499847
2100 1.9701051760279537639 1.9030153479500899749
2200 2.1567637377151589462 2.0321696384715899342
2300 2.1516138610624508942 2.119848643409040001
2400 2.1015515904245321011 1.5350252067947101065
2500 2.1254654396006453787 2.0822390730107600554
2600 2.158133192931259714 3.1902948237024300049
2700 2.2407035343877472755 3.8225403859379198934
2800 2.3338478848347801176 4.0389165580727199867
2900 2.2656797786290994168 4.556063188701229727
3000 2.1371825918816451662 4.8823848375034799574
3100 2.0800137755783509874 5.435628199331749677
3200 2.0276944795038143177 5.3394820655401602494
3300 2.0517900063956999723 4.5659839778222099937
3400 2.1177126426133696668 3.4641092083743298957
3500 2.104580520361710505 3.4820514590682298817
3600 2.0909283085010375025 2.2177242343644700817
3700 2.0557250668735576049 1.4187393984847100903
3800 2.0967070795454212373 1.5530978647436799456
3900 2.2169185011699683585 1.458337907468010064
4000 2.206553827101595644 1.8992828118428699558
4100 2.0723361553775956345 2.060214044684709922
4200 2.0499092653032895406 2.1156652914433800028
4300 2.0029913390330169598 2.0963668499943199919
4400 2.088834205033980318 3.5999080833860599427
4500 2.0774290769428618297 4.3287209460436999464
4600 2.1466356833652691094 4.9318182027612396112
4700 2.2678746140386731867 6.2342696520269695881
4800 2.119786097347529541 6.2951062695767596722
4900 2.1846249635282291024 5.384772826200859619
5000 2.2976676171225238754 5.7876419166065300459
5100 2.2136700161827933542 5.0949687732410797736
5200 2.0610386454577054316 4.1946096727260400172
5300 2.0339039153399736115 3.5585513124506800153
5400 2.0286781291041480202 2.9487578725774401533
5500 1.9998235172968343853 2.784664946266460106
5600 2.0171124812379810365 2.8871914396836499961
5700 2.0236019084115892674 2.6137209442847399998
5800 2.0367142341917459092 3.1365848306349999319
5900 2.1034262502432850006 2.9575634572441398262
6000 2.1114927947382526874 3.6015983659231198821
6100 1.969303584810446317 4.0104370320654796345
6200 1.9798860347650768521 3.4861308155760197813
6300 2.0632204538035314734 2.9742113487540597916
6400 2.2116388361915269023 3.7732425053423801486
6500 2.1017670542209607731 3.7045327119756401579
6600 1.9855002876794130007 2.8574033101378302213
6700 1.9808393820247074402 3.6478824513340302182
6800 2.0205163845478066875 2.5653722503613800576
6900 2.0460605448360809078 2.200497192064339913
7000 2.1155555972274573406 3.866659677508430093
7100 2.145184583527438793 5.0474632151609997166
7200 2.1012565000024507889 5.9624972160702798263
7300 1.9781082527834934481 5.909496476526070019
7400 2.0170632698768176105 5.2284890175229303821
7500 2.0409755238654119225 4.5620159576108001431
7600 2.0507749381570188341 4.7864592208407001905
7700 2.087731175256716476 3.8188270219775399816
7800 2.0897167555669469152 4.696587584361579637
7900 2.2021910009280420972 4.9178413758032304415
8000 2.2607363021611428522 5.1681723268181096742
8100 2.0901198050568736697 5.3776606643822804088
8200 1.9529856476992240033 5.7466602644305400105
8300 1.9905652719452755495 6.1349782898177300794
8400 2.0876647582486049792 6.8918953706375400969
8500 2.1180645978491985382 5.4653820810870801239
8600 2.0681955654996508898 4.756498999081889778
8700 2.0662224932949539991 3.2475484100755100947
8800 2.0477535082046776083 2.9921832175769300655
8900 2.067631653603773767 2.896563202578839924
9000 2.0087651360202292139 2.4805288528552198457
9100 1.9851153710356037596 3.0325717305327302142
9200 2.0056966401702847058 3.1411753183419799385
9300 1.9693377095518471709 3.1463610958280301411
9400 1.9976568156903660167 3.2071581514352898168
9500 1.900936121055900152 3.5774156937591201633
9600 1.9806510817310076789 3.1440152262093699065
9700 1.9942468069395216101 3.3895477433030198888
9800 2.0898470256281038715 4.0756101874615495717
9900 2.1849470902156227226 3.8801733106793898642
10000 2.0968667568046699401 4.4195978110220703883
10100 1.9816880704785782008 4.8585598329727401889
10200 1.9850853647134141244 6.0315403618059200141
10300 1.995510646756936346 4.8470246157017902178
10400 2.1664602572367677169 4.1557073064968204079
10500 2.2887654396292207437 6.0901994009128399554
10600 2.4003644251600375625 7.5332160238651502127
10700 2.3610718614128556325 6.3648999966702204389
10800 2.294392580995950226 4.9838998221644699171
10900 2.2502121121199119003 5.1636781938621796328
11000 2.1831284893236588829 4.715539619792780357
11100 2.2262915062046677583 5.4829260494817502192
11200 2.1979363385306851519 5.3359793847014902468
11300 2.2632301871929669801 4.9374957285023901576
11400 2.2946091268554904552 4.8580961545792700207
11500 2.2427471016394178172 4.757864008272069789
11600 2.024257369655108274 3.7144434048086201194
11700 2.0759486185512807666 2.7375564807679699797
11800 2.0196496100983627464 2.2630508722393898324
11900 2.0651437716967464553 2.3897467876650200225
12000 2.1299297715142575527 2.3756954062821300511
12100 2.0865704791717849531 2.807217170714459975
12200 2.0004752434738541922 3.3208040518535297814
12300 2.0384476434212923657 3.5233587041282099506
12400 2.0262958213410993125 4.2927276589373999371
12500 2.0617843540312295048 4.0040182014327596605
12600 2.0385999191700516775 3.9967604560179599282
12700 1.8939047925783643045 3.5191079193148198101
12800 1.9650173482665342917 4.1624379392220403062
12900 1.9486535203499870672 4.6130719086817801866
13000 1.9243305262836716274 4.3988235483017597005
13100 1.9639803807853297712 3.7202775387472302171
13200 2.0336550524527052808 3.8920734702520300985
13300 1.9305113983616166706 4.4173395314953500801
13400 2.0326640524804782117 4.3778684830808201056
13500 1.9067331210995759339 3.9832792495370599184
13600 1.9515657717944605576 3.52938919119522998
13700 1.9696809291966914657 3.9122317126438601598
13800 2.0114678356482103005 4.3941349754873701983
13900 1.9787911377551201664 4.7169922269675801374
14000 1.9763393079998612389 3.4055956614909401736
14100 1.9376763688653020345 3.1530842977439301755
14200 1.9488053634666151481 2.9737683035908499818
14300 1.9219491021102552697 2.9041695175419701691
14400 1.9482992535984864357 3.100123463981950156
14500 1.9382347032511029195 2.9441075032317498561
14600 2.0454037462572949302 4.1184880781176103071
14700 1.9968944690765879635 3.9935624187870901736
14800 1.9610592855120398958 4.327084358373359585
14900 1.9815996927339041278 3.3495585685009801047
15000 2.0292889829106339761 2.7572541958806597862
15100 2.1024634559029311554 2.21952330870970993
15200 1.9853338826373299053 2.1406818362772201958
15300 1.9907869020226076628 2.6245862094763001693
15400 1.9607402470535368888 3.7602085944486298708
15500 1.9950166307273506927 3.4690171196253101193
15600 2.0030230631408936226 3.5559869771021999085
15700 2.0668708832293045674 2.9664339467704401443
15800 1.9751184933958962908 3.1498300379337798027
15900 2.0057539066367837677 3.2711654603764301896
16000 2.0833953693711260158 2.347876547656039925
16100 1.9870987881850763479 2.7844151404837500507
16200 1.8945732277556348588 2.3984994244517401363
16300 1.9817994426633709359 1.7454394959078900484
16400 2.0810341664270159967 2.1305577632741501404
16500 2.0692796337961736342 2.2317649332079301239
16600 2.140382817397833648 1.3212863455454200157
16700 2.0985227719761834209 1.2645839620969900885
16800 2.0505571781948281895 1.1355438532193600221
16900 1.9438526721848166101 1.2867904137084000826
17000 1.9168986105995089453 1.2342489132243499306
17100 1.9293793275630104489 2.947335979885080004
17200 1.9449270236803157808 3.1945456660599398369
17300 1.9739056511417316653 3.5375366560290100182
17400 2.0321504438468056541 3.0227839087767898185
17500 2.0614955526405189801 3.6868966533262299556
17600 1.9675815657699871064 3.3560374433949200501
17700 2.0451480038085647628 3.0446040275451098367
17800 2.0716877687014663145 2.4936649759875901822
17900 2.0083838147362040871 1.6164003262796999838
18000 1.9703652912886151505 2.0669907932139999218
18100 1.9840205597151854278 2.5888002669740202144
18200 1.9803158339743640592 2.413825827503050192
18300 2.0507645193960231111 1.6810199427163901031
18400 2.0071897324479310853 2.2045773024278698671
18500 1.9885635406345232301 2.9899298905786100278
18600 1.968969004874609352 3.7695139617837201129
18700 1.9061686756811868637 2.9828936299760200335
18800 2.0524639099059727165 3.0317532225509999932
18900 1.9834790021260539916 1.7715619336781900373
19000 1.9866600048756666297 1.2815610799027499223
19100 2.0126734363645994996 1.9861390956113800232
19200 2.0310819168030009862 2.2282658473902801077
19300 1.9131636205240778459 1.8948903462580000134
19400 2.0687061419239247684 1.2533322833849001032
19500 1.9919680497623855064 1.12236269639028996
19600 1.975224218579673563 1.2946499498872499068
19700 1.9441616617260815136 1.4138872767374599526
19800 1.9334939327725670921 1.9270705544316300006
19900 1.9867440501243083251 1.7889378242414200049
20000 1.8871056401166210748 1.7717354631714199442
20100 1.9126228833389129491 2.3345743255835897934
20200 1.8960653155774380707 1.9950761410107200611
20300 1.8711420867177701588 2.0002335825197401498
20400 1.9315526817050772124 2.5830029699678798139
20500 1.8747165211980718613 1.9373992512401099209
20600 1.9436772940353586048 1.7041992862735400038
20700 1.9953444209084800764 1.0811326373981600124
20800 2.0164336505075324268 1.1760478668827401005
20900 1.9728953098900543495 1.2373875060513899182
21000 2.0161085870348447457 1.306246320993740051
21100 1.9623051887297779938 2.5430278094632701169
21200 1.8960207052140125583 2.1658933265305200244
21300 1.9463598377255031391 2.0446000746383701241
21400 1.9887270903625580143 1.9790015334038000283
21500 2.0076497635233252481 1.97793239879131999
21600 1.9763701333331695764 2.1692911238015701869
21700 1.9489012382020090008 2.1551141702884000217
21800 1.9930395355789183309 2.4916809321282098466
21900 1.909071798679008003 2.1808678664243101863
22000 1.8769276410733852778 2.5535027251814899074
22100 1.9227580097714851437 3.1120208300194001083
22200 1.9893837228392592387 3.3803810480616500733
22300 2.0350054775356576364 4.0603090661716096932
22400 2.0359620979769674776 3.7649813220478201004
22500 1.9481440179977287386 3.2092515157641900991
22600 1.9617852795667796162 4.0207543230437101656
22700 1.9403047455198869642 3.911899920026100208
22800 2.0003567997111182386 4.7990034804180403682
22900 2.061033775780107824 4.0484979675101495644
23000 2.0737413341092185703 3.8125045053646298143
23100 1.9960811018940995964 3.1110253359249000482
23200 1.9580624828491552947 3.0563144210175798854
23300 2.0035833998842247361 3.9184921574655100507
23400 1.9831268148792002837 4.4167587662585798824
23500 1.9863251172315761206 4.9979481965303298452
23600 1.9578793069632718371 3.9686690261257902002
23700 1.9843074581442590176 4.2626798966549603875
23800 1.8884733979510914814 4.454644615910500427
23900 1.9689051571694018428 3.8173635821975899773
24000 1.9194261508188175114 3.1481109361996297835
24100 1.9001422434056456368 2.9311410861037199282
24200 1.8559068900735140595 1.9037062838007599019
24300 1.8604905749332019127 2.3299165694976800012
24400 1.9091735037682484588 1.7328739984428500609
24500 1.9035856832501500957 2.628736715968500004
24600 1.874324878444176834 3.8683881484627598013
24700 1.9017813346370779914 3.3832745857756698626
24800 1.9190960674415391551 4.6645075786489496039
24900 1.9307612175012862643 4.885234915157860236
25000 1.9114307395395253586 4.4248697681771602674
25100 1.8741317733864091277 4.5559976973250799759
25200 1.9892634991913791254 4.838400198525230067
25300 1.9545472420332581365 4.9821587962000704053
25400 1.9390606514283308393 5.6109973642549100248
25500 1.9549585112834462208 5.296033485844519717
25600 1.9880111302868872514 5.2562847743688001501
25700 1.918248580075123888 5.4799703438191302851
25800 1.9765339757487538908 4.6708675144013200864
25900 1.9780621375002049867 4.3996536917335298256
26000 1.9452747222004043159 4.5474944602115998649
26100 1.9247791154863280738 4.1253974302152496278
26200 2.0047378598006422301 4.0909796896325403281
26300 2.0088275052130328824 4.3905943505227096324
26400 2.0019301940740716894 4.7053940326093801616
26500 1.9985226007275147531 4.9711975175925102732
26600 1.9974279549277118573 3.4124596553048900383
26700 2.0351338929339894968 2.8216315235671300954
26800 2.0219925792232968931 3.6278144477656000255
26900 1.9835218373026384242 2.7546005094526200274
27000 1.9174257375189531771 2.4400507948514800205
27100 1.8866040481802479611 2.3240816650181099767
27200 1.9732802389136641086 2.4978598188303902106
27300 1.9516054052815947628 1.8875695957598999097
27400 1.9064618932420132058 1.1858318805529499684
27500 1.9297620075268140383 1.0223885565730499447
27600 1.967412196534662483 1.3453767392472100184
27700 1.8940733239377915975 1.2795846685066301074
27800 1.9038822213588733057 2.2215439031282198101
27900 1.9177414185451444606 2.0615933162823099067
28000 1.8529846513888124093 2.5755284777733598034
28100 1.9258623017066123229 2.6573944309380901352
28200 1.8698389931820829091 2.8263413232722198742
28300 1.8893579184104074553 3.2241351398516000515
28400 1.8426880327060006781 3.0590889262808298454
28500 1.8845153416142654823 4.3197957038467302837
28600 1.7925947933790078448 3.9573893647270499407
28700 1.8644427227061755037 4.1268005450548299606
28800 1.8674687856338070269 3.7920748575723899343
28900 1.8257709904269892043 3.844584400906350119
29000 1.912632969120875881 4.5521146284219495826
29100 1.9212488183473914738 5.4499444509850798468
29200 1.8651381097039421153 4.3275196108159903474
29300 1.8975549044763921902 4.5347701728877796157
29400 1.8883703787506282978 4.837845513569639877
29500 1.971514281105658295 4.5690876047830304429
29600 1.9382242207629754027 4.6952051332689199725
29700 1.908399151741368982 4.0394324627735098687
29800 1.9502055348519875544 4.8522644261523799614
29900 1.9815189183714809751 4.6064184537779597761
30000 1.9887755954740489184 4.5297719680135601905
30100 1.9040241695496324947 4.4357805008701802763
30200 1.8456266994099368439 4.1741904451201703452
30300 1.8665235185963944264 4.7451841088116202272
30400 1.9635866499687164577 4.9396618710212996106
30500 1.9117300130680812131 4.5731764474119396269
30600 1.8307832758554947183 4.239168970650079693
30700 1.8850569001482970766 4.1719776930010796789
30800 1.9534832313110879198 4.5227409868475900723
30900 1.9742365555401468757 4.3741610475992001028
31000 1.9775671665867182725 4.6482918258506202847
31100 1.9395358277943370862 3.7422656551620301357
31200 1.9125665213170648382 3.3835276313069400089
31300 1.8917576353283742652 3.0224127538655798375
31400 1.878748778338870995 2.7564145813673599505
31500 1.8331651926545295961 3.406147851008260119
31600 1.8550222818426289617 4.193263635809690193
31700 1.9120244713102103606 5.14612383101774018
31800 1.8669325221163954875 4.3722650528332502873
31900 1.9051861764919133524 4.3894505146315196953
32000 2.001364910332330993 4.8206506617110598256
32100 1.9514297841621088825 5.2706308271779800378
32200 1.9067794420370132169 5.1574249522740496232
32300 1.9242352880658852854 5.0308010812404697631
32400 1.903113780310444314 4.5105831570684902232
32500 1.8790060471720189117 4.6195099702539303976
32600 1.8779302557564632181 4.1191056579600902054
32700 1.888252690233345632 3.667971955298409803
32800 1.9359725116421215851 3.909789993903459937
32900 1.8597943614385978872 4.7650380678722701333
33000 1.9360264958801738366 4.392663414941529787
33100 1.9236977172753817467 3.8842451355327600737
33200 1.8245680048247037153 3.4868961898971098101
33300 1.8661257504078543334 4.059639703804940325
33400 1.8441654063741972358 3.7253278441505899288
33500 1.839253162115918272 3.1574284897912900938
33600 1.8596461042837360012 3.2224238769197399712
33700 1.8952984562717822836 3.3229141481393598134
33800 1.8784121586164768125 3.5416518415397097996
33900 1.8459679582481187676 4.0179983993693397792
34000 1.8081019434184621986 4.1576073727133096014
34100 1.887477119496720368 4.6585311691935498146
34200 1.8157234543187801279 4.0866808079980296853
34300 1.8047108240067519791 3.5975548838769100257
34400 1.8281050209320031108 3.4460090652005401779
34500 1.8050137194577937638 3.1131638482774199872
34600 1.8347687932403804467 3.2318019463865601537
34700 1.8071101901711073001 3.0848928979450001009
34800 1.8063564322662053474 3.7188748229351600294
34900 1.8239881382802436427 4.2371790971668996661
35000 1.8433198184809174158 3.7328125251347299418
35100 1.8092864087857256639 3.3284602098900100131
35200 1.8146150160815686103 3.125619294973149831
35300 1.8249372937076875356 3.7114605041594401769
35400 1.8614000642894996673 3.8890475888115001446
35500 1.8261449523246966464 3.7822169080850001066
35600 1.9010063749735610639 4.2983133252241803035
35700 1.8924440072193546847 4.4516460461772400237
35800 1.9313202198951835431 4.3815653267185998843
35900 1.8596501563677589886 3.7183206991212398584
36000 1.8617170527759547838 3.3811661778344701546
36100 1.867134259860946166 3.0425414365064198385
36200 1.8628005353509839992 2.4711436619315998442
36300 1.8485033800173558127 2.6805232349111101087
36400 1.8048335625577871522 3.7768914661639798602
36500 1.880552976475965421 4.5519746234259903517
36600 1.8800794511063176895 5.047024372832749961
36700 1.9384443768894359383 5.3300525848044797428
36800 2.0522754982911615151 6.204916582521970092
36900 1.9799048282510103292 5.4348430579577904354
37000 1.9756963303515535646 5.1244609530525702112
37100 1.975999875793720717 4.9195471587086601062
37200 1.9633962007605030298 4.323429057670890252
37300 1.9027750318713889666 4.8849181960672600766
37400 1.8818719919108342076 4.6502333733540099914
37500 1.9004574987303981537 4.7175374221358801208
37600 1.9104390967490958442 4.0294784573765003444
37700 1.898319588978276462 4.3010658218411901288
37800 1.8867324229086552823 4.9386173327569800051
37900 1.8762817566703695604 4.303416708729139728
38000 1.8266740056113752733 4.5019069778053095732
38100 1.8896389388891647876 4.8561418660980404383
38200 1.8728369303258967093 4.7287025599976901802
38300 1.8987521577320156663 4.481306060650219969
38400 1.8640191986290015613 4.2906642473674496685
38500 1.9121344776055380077 4.6101444225340095784
38600 1.9279834999479867896 4.5151247250209003425
38700 1.8705480627342885303 4.3136640224840601121
38800 1.8778440560033831108 4.9897544101753101842
38900 1.8417303890044287584 4.8054602777506500999
39000 1.8549620195079545848 5.2156523973901798286
39100 1.8524773317028631059 4.5429444490266197576
39200 1.8863105528525387911 4.5380942572091198528
39300 1.8467421413255886709 4.2538084408629099897
39400 1.811003725720857549 3.9366031401868699646
39500 1.7996466791350906878 3.4217175127788199696
39600 1.8097082767404646386 3.8815574521238898065
39700 1.8516307184820570697 4.0698845896899999985
39800 1.8385598755945846694 3.4216535884774499365
39900 1.8948726080875473166 3.0722406732395901585
40000 1.853182636472861633 2.8450301906890200776
40100 1.8348051526510957832 2.4117925241704698536
40200 1.7842021533720604509 2.2423205470136999828
40300 1.842400744608688079 2.5071666276627397885
40400 1.7745215845775259567 2.1135313985322601305
40500 1.8253953812260790279 2.3347142860930598651
40600 1.8318434683510973482 1.9598294185915698939
40700 1.8605922363914035866 2.2755249855961401373
40800 1.8485774120122526742 2.2624574090683697847
40900 1.8372627726729757747 1.9022738868682100843
41000 1.8615759727375997823 2.8055447588879500742
41100 1.8301529750056155788 2.4386954000665799214
41200 1.8317419739797147216 2.9259760610028200389
41300 1.8397517397579217224 3.3683408634400100468
41400 1.8254441810983836891 4.2585885499005797783
41500 1.8558556191311386119 4.0401755686392899491
41600 1.8579910496832494626 4.3161139635893004396
41700 1.8282350323292617666 3.5454047726967501397
41800 1.8518068399525526857 3.8671403000038599984
41900 1.8290577139492416592 3.5463256134871699032
42000 1.8566506820068400252 4.3045190089378699838
42100 1.8139802476940074527 3.2724772359526799193
42200 1.8597447057565805739 3.7093234923041498163
42300 1.8215069298469555026 3.894328804247220166
42400 1.8803135147142351347 3.8086721042237101642
42500 1.8392621149592647267 3.3798008987991998708
42600 1.820326424792952924 3.5047549957300101475
42700 1.8292182813266344432 3.4066452779660898464
42800 1.8290992909016945411 2.9933204162529598591
42900 1.8521087605030810419 3.3917399758521900033
43000 1.9019697112991964527 3.5141988617463502109
43100 1.873516011155174521 3.6404146530121699321
43200 1.8055325312181920161 3.7726119303393499393
43300 1.8247252251346357532 3.3840166759251899542
43400 1.8447183166871734539 2.8009706797909501574
43500 1.8165454770104421112 3.3819363495588499191
43600 1.8332273549628961273 3.7737996882152100575
43700 1.8156490565861269637 3.5223390996394199348
43800 1.8342907107438846115 3.3999196321011098121
43900 1.8865140092622669776 3.6833286513854801569
44000 1.9069667144986799379 3.2450717556355899163
44100 1.8562342510412008778 3.1729351177768401193
44200 1.803919992728693078 2.7587055848554298265
44300 1.8097420824694330221 2.9168006169438198683
44400 1.8655347869627394441 3.2251491367723699177
44500 1.8180188854179504254 2.6233840937287200568
44600 1.8316215804028361802 2.4555277855528001574
44700 1.8301073251151029897 1.6871029728164399497
44800 1.8415646012479207627 1.6315597483999200179
44900 1.8854958375480201926 2.3202017432444401734
45000 1.8685912043949508554 2.1986558633588000333
45100 1.8580980863220828425 2.1168886379719200619
45200 1.9213618506511431772 2.1442793020583699182
45300 1.9036481401736122798 1.8565939784823599634
45400 1.8192444956250948263 1.1848310376345800865
45500 1.8202151872885838912 1.2172828319050099655
45600 1.8444613690938609363 2.1479245606775698718
45700 1.8511994480684439424 2.581253482655390119
45800 1.8975399229477758478 2.9085692834304799348
45900 1.8135939719799398784 2.971345620272329846
46000 1.8063555482112336747 3.3891616031616500493
46100 1.8214164389006026745 2.8272772354208499657
46200 1.8419886095795290348 2.5024975120662298345
46300 1.8675399103092589215 2.0761016515136798688
46400 1.8533718990651173453 2.1051363120306900711
46500 1.8260233990933425474 2.2137693012047399144
46600 1.8622732768156970984 1.8856580047483399998
46700 1.8648823977832795773 1.1502170542939300635
46800 1.8774477533426869869 1.2129084454997500764
46900 1.8274324610281538206 1.5949236447007000272
47000 1.8146917965899351799 1.7501109744930800627
47100 1.8262036607106033603 2.0481766728528301158
47200 1.8282765273452754595 1.0697469460013999676
47300 1.8106923074343452829 1.0609949439306600727
47400 1.8393924062777782247 1.0702556200090000971
47500 1.860070834473311896 1.5403287619599899116
47600 1.8875339427852497742 1.3053117565556000557
47700 1.846516717593221335 1.6127381973818000205
47800 1.9056571788577576498 1.9284191818924600881
47900 1.8568930090524193854 2.2880630708934099893
48000 1.8264722483912423368 2.4167247673327301172
48100 1.8434619388862878431 2.0130149704965201174
48200 1.8308039679758678631 2.6262217594820498334
48300 1.7969966580638543352 1.7308731009688100855
48400 1.8241781151881235612 1.8776667637210500139
48500 1.8436703634837587895 1.9271956152339899671
48600 1.8250314536618235106 2.0225178626628901313
48700 1.8309024358195102877 2.5566668585567899896
48800 1.8620479464639085876 2.8057826573910498169
48900 1.8530932755806739376 2.5140667693123099902
49000 1.8464504124275049612 2.7577849770882800762
49100 1.8858710661613724557 3.1242645733306502187
49200 1.9070226231555975627 2.7087589256667898852
49300 1.876379581307345612 2.246828420467549936
49400 1.795203753362598631 1.977375671704229898
49500 1.7825565153642337624 1.5442260960265898895
49600 1.7717750334132655876 1.9171220186939799124
49700 1.7543081650437306607 2.1410215350752399566
49800 1.7461575706832599408 1.6423466551038901073
49900 1.7786140206585621115 1.0219477477702600954
50000 1.824796287913526216 1.4340663708873300219
50100 1.7966051093673081063 1.1609715773795499238
50200 1.7856786827153674491 1.0258770033026400892
50300 1.8016224131849665202 1.273050795938750035
50400 1.8206808488447654426 1.0380965305112899166
50500 1.8352676079027527845 1.0486669938806199021
50600 1.8588611577352724957 1.3008051034431000748
50700 1.7926149925269698748 1.3212467360727799814
50800 1.7849315412612047904 1.2361269370271898982
50900 1.7793867423712166342 1.12558771723321005
51000 1.7804382334832620227 1.0167187145957901073
51100 1.8135869851885753068 1.3113951585036600633
51200 1.8407508710715563272 1.3390008411402400945
51300 1.8096642013076693623 1.2100628841380800527
51400 1.7967991100902156454 1.2724093034693300108
51500 1.7903272964506240506 1.2201460132564498906
51600 1.7791089731373868066 1.4885524715048898958
51700 1.8110229108451711966 1.189897033822010064
51800 1.8020718640872179783 1.2021899851691100203
51900 1.8047637536856042662 1.4247190703331200634
52000 1.7736086414714811177 1.2154114811410900998
52100 1.8132658460058497241 1.678009264150760016
52200 1.804762052877705969 1.7784542163598799913
52300 1.7935145318760465916 1.7274020820839099954
52400 1.7867110631171130297 2.2677311975612299833
52500 1.773297487753366708 2.7136638051047801135
52600 1.8148905445084222432 2.5080306249871400226
52700 1.8326883801531483886 3.0998638513253498061
52800 1.8276051267809909628 2.6301606125729199981
52900 1.842720731082577057 2.7439624398107698156
53000 1.8272378999690217505 2.4869395514474499365
53100 1.8399748649393774524 3.4211604561007598058
53200 1.8426848748417978818 3.2009027661689199995
53300 1.8033309650199189633 2.8711539821929998872
53400 1.810849556920953729 2.7602330876776601798
53500 1.7720914315804034977 3.2324776447033198856
53600 1.7875491790108821721 2.6608653126344798956
53700 1.7730880536248359025 2.1240854721596198473
53800 1.7951403342145699771 1.4046839740581900102
53900 1.8074804216559567926 1.3298928849174700417
54000 1.8059738531850271226 1.9637919359782400885
54100 1.8081546001620225628 1.2009620923915000912
54200 1.7979236061122716439 1.4404588041282799793
54300 1.8173414455823604374 1.0868227555602500978
54400 1.8226291230031483881 1.1944924904134599508
54500 1.8084474286003839882 1.0500247443610799536
54600 1.810761070404048656 1.0616702863786899869
54700 1.7991977723796330757 1.0688846873731598919
54800 1.8297301722661045709 1.1318462384335599147
54900 1.8172377546713049945 1.342584848690639987
55000 1.8607087898949032923 2.1692777992347500593
55100 1.9020400779316044559 2.3148721190815000348
55200 1.8672767207939078293 2.7966208318112699693
55300 1.8522175994987968295 2.5722981854880999641
55400 1.8442791111478111787 2.7598024162719601016
55500 1.8180024987184111307 3.0187729968777601286
55600 1.8548329460279282532 3.098366199913630048
55700 1.8276799242245203025 2.9424246009568602034
55800 1.8288163834721897771 2.9460724399204401003
55900 1.8669647909148519016 3.0755568765500798101
56000 1.7989777041261860724 2.5009270017559899202
56100 1.8207880004347321012 2.1441620931288900564
56200 1.8393194796515515144 2.1229544515433298457
56300 1.8176556050716552448 2.3853371593604197898
56400 1.7806518928400623114 2.7241376539894401887
56500 1.8136296705700551968 3.0605875265387800788
56600 1.8218141835683439034 2.6818374984174599973
56700 1.8287759742870943747 2.7823222430344798362
56800 1.8297416931144296903 3.2588711044949199014
56900 1.8140774165466251322 3.4120870336887101359
57000 1.7897727775389042915 2.6151095601010498903
57100 1.7769717248630687578 2.3170992942551600358
57200 1.8148076093241243267 2.1284617147625701783
57300 1.8063920008975582476 2.4113585395774101983
57400 1.8025755115122301664 2.1705818485799501794
57500 1.8010506397250645172 2.2279693003748701763
57600 1.7656012517594381617 2.5628438109472799766
57700 1.7763484289764366331 3.1986327775005598539
57800 1.7618183690946549458 2.7217923792905498459
57900 1.7818492110679873264 2.9048041006288101151
58000 1.8053507650281395147 3.6623508314132000585
58100 1.774981516938645365 3.3904849504065501797
58200 1.8050564370946273751 3.4938701495655499762
58300 1.8086705461485137469 4.1003614975921598429
58400 1.7987570840540096917 4.132332341568580425
58500 1.7831208819327049042 4.1964129869448001386
58600 1.8178853397554934901 3.545632318528950222
58700 1.7701911899037838793 3.6106831867019000271
58800 1.7691262701932355395 3.3453514584731700587
58900 1.8032375242141305272 3.7147836648111898228
59000 1.7942591967605507897 4.0518917206657096841
59100 1.7802798892844566847 4.3349882579559197993
59200 1.8079702589039707838 4.5299375334463798382
59300 1.8308339971553526659 4.5466393421425603805
59400 1.8152136670699901 4.4934679883102299769
59500 1.8207639183805797156 4.6494793788848198801
59600 1.7895973522277102141 4.2874481415006595597
59700 1.7991237864608566888 4.489387719192809989
59800 1.8177397089582081335 4.0777332863666497786
59900 1.7999004231021320521 3.7973821129176701383
60000 1.772011804759230591 4.0597504262593400171
60100 1.7699204605457543593 3.5552914741433698786
60200 1.7720639882093252027 3.8040227889288300567
60300 1.7787060878034299805 4.1268565907561702844
60400 1.7850858606946271578 4.2095661831027504363
60500 1.8023121787896758672 3.6941860004873499079
60600 1.7865490302133146816 3.3806241995582100301
60700 1.7768526029366202845 3.665362998979570186
60800 1.7880650702369795813 3.9936321024826400006
60900 1.8000030258313235443 4.024482261872679878
61000 1.8046425350020465217 4.251829471694009932
61100 1.8061804986651897043 4.0086256919249096953
61200 1.7987937297439613449 4.3848638269756303742
61300 1.791468979908396264 4.1637277146862903265
61400 1.8146936039612286962 4.0045233632950401059
61500 1.8263131781555506095 4.2672333840235303626
61600 1.8294140633492321779 4.5370496166663301096
61700 1.8381255238642582039 3.3977247158209298306
61800 1.8051976900100672463 2.775061304819129937
61900 1.8240543627906775637 2.8302522797768498997
62000 1.83881723185360757 3.3808700690848998427
62100 1.825881224970066441 3.323691466179869991
62200 1.8047142772311046688 2.8848953098802398998
62300 1.7795576527435830183 2.9130347058405599014
62400 1.7846005267430140595 2.8944937964775299122
62500 1.7830176367678580718 2.6924261846684900412
62600 1.7782143998029937837 2.7369674270484600775
62700 1.7897221929965645426 3.5590065917790298933
62800 1.7616212042044392394 3.1338286319567099092
62900 1.7718995284606608998 3.1464274116524801883
63000 1.7867413977107049483 3.1396979803060598435
63100 1.7800434961979749726 3.1158155841646801854
63200 1.7695969086152454341 3.0165187372815900346
63300 1.8151207011682457537 2.8095307845617498721
63400 1.7831650609039901845 2.8887481317864200925
63500 1.7748549060154810153 2.8345582302934100305
63600 1.7951445680185391662 2.7836191453505301219
63700 1.7539194261223689519 2.5863571095276500778
63800 1.7540481758095705089 2.8074052267069400379
63900 1.7892380843579476224 2.6130668370260101696
64000 1.7674255301534471663 2.8381479069326598363
64100 1.7964745408289677364 3.0292243101957598839
64200 1.767389833383857134 3.1957073702007101623
64300 1.7838418571713503535 3.4890357177108999309
64400 1.805920385367346892 3.4193072734308698202
64500 1.7702307672168415831 3.1379815434525899498
64600 1.7926947781796089831 3.0754365889586701144
64700 1.7866138862896532302 2.8807370868606900771
64800 1.75967414036630454 2.6917711452800201499
64900 1.7480237533581592935 3.1723624966866399433
65000 1.7765510470659218178 2.8969263884426301736
65100 1.7544352041658648478 3.1831324276612100732
65200 1.7740285631739272088 3.3873428095077398048
65300 1.7717914776664762666 2.7681515293663800925
65400 1.7450183859651295926 2.7640318075238998752
65500 1.7458382775869691894 2.1622163492142401076
65600 1.7574903382937976382 3.0705403014864098843
65700 1.7701231713504119725 2.4466981948948700598
65800 1.794788516798578426 2.1898069795883801092
65900 1.7701688950559546498 2.0933319044035600953
66000 1.7832466521504224399 2.5396590584376999011
66100 1.7737844124373485233 1.9728632113978699092
66200 1.7894066034749052108 2.3993507958179898232
66300 1.7864015575614358156 1.8847442040195601098
66400 1.7659471391767156412 2.3410597247386699671
66500 1.7497430342666229208 2.2532995143505099023
66600 1.7542454500708404286 1.9044290703289099564
66700 1.7704232812265203734 1.8371244182794599364
66800 1.7374109063914995321 1.4763838807892599725
66900 1.7437129438068514897 1.6849458633194200896
67000 1.7270365095703732461 1.8296570421374800386
67100 1.7288610944081861387 2.1137284245434297958
67200 1.7526771520469299759 2.0560334120730501262
67300 1.7652201500665538614 2.0472088125593299601
67400 1.7882078227513764634 2.2777140467392600343
67500 1.7734435129272922982 1.8134458217124300727
67600 1.7487677927079587903 1.8499084034024400047
67700 1.7489214870034162086 1.9774288066394700714
67800 1.7472923282932126821 1.7394061416922499408
67900 1.7772168979970504044 1.9402254120832600481
68000 1.7759047667845999641 1.9449123698002599436
68100 1.7630655686688694317 2.0903518648308998529
68200 1.7668750985644037232 1.8416723796667600066
68300 1.7780674674648149214 1.8074087505035401069
68400 1.7818471143718861427 1.7340257596693500197
68500 1.7679986126144804359 1.8821604865439500731
68600 1.7916357897892729589 1.7030844308388399799
68700 1.7599512025385393166 1.7310377579778799539
68800 1.7842074426780993868 2.3346403318804100913
68900 1.7632655605263400922 2.6155296804846002168
69000 1.7607939886033505683 1.7408627280735000653
69100 1.7661728916672871925 1.9879194148621299743
69200 1.7453890124890725222 2.2280635962902000102
69300 1.74426360387241286 2.1335467215329799728
69400 1.7427482807429794942 1.7794315257350699078
69500 1.7268998466292275751 1.7517424651829700544
69600 1.7585687454570049226 1.8341457950491000251
69700 1.7666868598436782367 1.5438008144655499532
69800 1.7611734640293137399 1.8846598967261700697
69900 1.760604827847831455 1.4439816639598699322
70000 1.7906625691644117992 1.8011287131065198963
70100 1.7893979929902177339 1.7710265574083199347
70200 1.7689551511687378049 1.6566098270214499877
70300 1.7561031991804270103 2.0805495111700000876
70400 1.7674164815075301682 1.6698778319430001016
70500 1.7766012349601836284 2.0425895697710698684
70600 1.7562042886310300638 2.018962410453020162
70700 1.7892359926655552194 1.6798020126996100476
70800 1.7606861797524189228 1.5051189563376599079
70900 1.8004097344527170144 1.1440933063118599033
71000 1.7894068462887477988 1.2650721364305499428
71100 1.7832563865977206774 1.0854461456151300869
71200 1.7623604278373632415 1.2091009401124599432
71300 1.788675353539601609 1.0646469757241099341
71400 1.7593625792864200363 2.1769899045574301333
71500 1.7868303372515106364 2.7841490607822501069
71600 1.8015373447956153363 1.1623426347174699025
71700 1.797136021344948098 1.4457261485972701109
71800 1.8247660248037707031 1.0798101402690800654
71900 1.790730529950635086 1.3093625886926600899
72000 1.7634591567897235365 1.0321820235127399101
72100 1.7925143710620221604 1.4773912066932499698
72200 1.7998095881916473804 1.813174962085309927
72300 1.777985575835105081 1.9736484831008400676
72400 1.7639320021829016927 2.1975561794661500059
72500 1.7496218076424716603 2.2807070415508099437
72600 1.7515179514743139944 2.7980633752077999077
72700 1.7421114909787305258 2.2478332204460200749
72800 1.7667868804489517132 2.1122907633310901154
72900 1.762782927557624113 2.1006080532952600137
73000 1.79533080921256194 2.2826178910519701049
73100 1.7834345576150847368 2.1449660295926800124
73200 1.7649905173193378705 1.5867297302822700455
73300 1.7709679733398697721 1.2769209412475699406
73400 1.7649599485448657088 1.1372592222815200991
73500 1.7738570496526580023 1.1929822333796900047
73600 1.7539999497121705474 1.068706125985239952
73700 1.7413118090515184999 1.0893097600140400072
73800 1.7796153235248930446 2.0924156081233999949
73900 1.7635631051798510427 2.1073098179766600602
74000 1.775434401597204781 1.8767441870761500944
74100 1.7764611577475759585 1.848900513571889892
74200 1.7938423782120789252 2.0764052261370697927
74300 1.7776823090612747791 1.7217365553279000423
74400 1.7788703068557800702 1.0474242728803899727
74500 1.7564601048858212717 1.0858593845217598961
74600 1.7610123845569261025 1.1030246420751499414
74700 1.7598456940052036312 1.4105507552262399606
74800 1.7446539141340209333 1.10322466745634995
74900 1.7761571583277633302 1.4991080482389400608
75000 1.7624634383603072774 1.7323484223630400969
75100 1.7552597981049020692 1.5063746343225299373
75200 1.7489689412253741629 1.1844797589333500021
75300 1.7478372396534931354 1.0573630501209199117
75400 1.7584786652978492416 1.1676206045744499384
75500 1.7522661213321684137 1.2363842181335500392
75600 1.8051283105766364745 1.1943625930847900918
75700 1.7719132050517898413 1.6502710462218499465
75800 1.7747408389753585034 2.4673553098149598739
75900 1.7851226141495075694 2.7216456468643301925
76000 1.7999269593592153171 3.3602094472557499927
76100 1.7763796985946922469 3.555057949888820179
76200 1.7689435401391948588 3.1380933578312899535
76300 1.773600126568771751 2.8769873686370601717
76400 1.7885545665448514541 2.6484492740077798523
76500 1.8162189626019278332 2.462785342472990191
76600 1.8343190607185664298 2.1540082163312899155
76700 1.8118960334946487833 2.3244786142632198889
76800 1.8366440436283879567 2.9058438747561501359
76900 1.8104431336036834743 3.2906332760070098331
77000 1.7666660137996823554 2.3295949380919300786
77100 1.7985900078605268071 1.6611882521681899938
77200 1.7952906399412029703 1.9392973598423199899
77300 1.7844985003752724673 1.9874248694636200696
77400 1.780514953727022176 1.9536769994045100063
77500 1.7962345977460489888 2.0635231410862400203
77600 1.7951635534079499745 1.8895451448155899943
77700 1.7935670425892489277 2.0147537827754700146
77800 1.7760465873575919105 2.0352883921160200842
77900 1.7909733150797451096 2.0686402221294302173
78000 1.7941476082700389405 2.0894311080770400224
78100 1.7725381472312864428 2.0954444931455298295
78200 1.7787700180905867686 2.2490394917176099732
78300 1.754315728444798772 2.5987797951861000278
78400 1.7782884162437608833 2.0932198761000000431
78500 1.7823661596406827901 2.0364276150411400046
78600 1.7822417605639642169 2.0286854931011402137
78700 1.7687229375265915987 2.0001335231363799316
78800 1.7662843107650534336 2.1113123567934501956
78900 1.7385333899451616002 1.977132854873780099
79000 1.7209280967476030533 2.1481593452301801506
79100 1.7351173710355958235 2.0057141962239097843
79200 1.7467430775597045933 2.6266840512398998975
79300 1.7581340826427107604 2.748064491990540148
79400 1.7477013519565400834 2.5176512167369500261
79500 1.7448587578772005724 1.1235711206290899256
79600 1.7458192827373202327 1.1844099412319899489
79700 1.7623358229989696255 1.2351417196574498991
79800 1.7599058388026154187 1.1175043442224699142
79900 1.7883093849768803008 1.0972229291683799346
80000 1.7866711523084564117 1.1772594287312900807
80100 1.7800067093691440689 1.1420265293686400199
80200 1.7540730396371877475 1.2002721392564199565
80300 1.7547236625073137084 1.4351801205370500192
80400 1.7524484505550512736 1.2746483386306399765
80500 1.7550231800680069494 1.2444882950694100554
80600 1.7581307272558315269 1.2366659052066799607
80700 1.7562930317795826252 1.4806217058536599307
80800 1.7514536788855468163 1.4902955586083899142
80900 1.7521828528634169064 1.2968230652974599426
81000 1.7699708758036607481 1.4904537509849700161
81100 1.7617143215469839301 1.724460739388899988
81200 1.7714577880400523835 1.73189489641119998
81300 1.7830351631292229442 1.7302892661275899311
81400 1.776201670568561708 1.1002413262654699988
81500 1.7855411400624101592 1.1085555250605600985
81600 1.7391889906526141196 1.132235542105650028
81700 1.7501466011358060015 1.2431549633020300138
81800 1.7527123099741905854 1.258054509907430063
81900 1.7345857405966789155 1.6052472559985100364
82000 1.7637520701494235897 1.3472469881461299757
82100 1.7459416798385363201 1.0994942080798100204
82200 1.7488508871393764199 1.8361226018137499771
82300 1.7535193602099403698 1.7821793188290899757
82400 1.7514427996603310067 2.0131239600330799178
82500 1.7657488255958082579 2.1924207211135899875
82600 1.7720612333781078362 2.037910733831690191
82700 1.7582781471208481783 1.7680619870443499142
82800 1.7504827049181896914 1.8399130430595700414
82900 1.7608165746998125645 2.199648245394210111
83000 1.761759685713328194 2.4911208894614698117
83100 1.813535750357756049 2.7165908941430498835
83200 1.7940493157307217942 3.3758314640413500385
83300 1.8189092952553371774 3.66421744231583002
83400 1.7868486881362652952 3.1158978018028600232
83500 1.7393020851027471974 2.5144539967267198755
83600 1.7512384971423193836 2.2555609859243901383
83700 1.7856216188415010571 2.5804491430312999078
83800 1.7821689960892828086 2.8013515450029697895
83900 1.7788202451233383616 2.8000682603446600538
84000 1.7489915919279273027 2.5393443586034600834
84100 1.7545663512331641787 2.7682404445707597951
84200 1.7476570978885701546 3.1987354410154198447
84300 1.7902967796459912098 3.1836703767869898307
84400 1.7799912321617774591 2.9685201455933301062
84500 1.792994658752449233 3.0431361547511399657
84600 1.7763940817444707765 2.9617709754528198651
84700 1.7632905841782593459 2.9444379245641800757
84800 1.7502766324995655545 2.9866289834877899345
84900 1.7525831230448400966 2.7972308737104301102
85000 1.7642142484227298915 3.1732073932231799063
85100 1.7860034499419512599 3.0103795082344699807
85200 1.7839763962422554577 2.8739511265319799271
85300 1.7707839890982459696 2.7897562768401198419
85400 1.7525310904021229597 2.7090164791012298906
85500 1.7250371150481578209 2.6254047644789300087
85600 1.70858857637334971 2.9619176421458699444
85700 1.7344050923851774826 3.0581555213972100304
85800 1.7471040304324918502 2.4439276076861200515
85900 1.7759455661840837237 2.6183010667030801599
86000 1.7463337719463780662 2.7658487745935698143
86100 1.7719823700264858424 3.1215949653427399468
86200 1.7478361388540086807 2.7002783841292501421
86300 1.7590950138523193669 2.9235600818237501564
86400 1.7663228621650215455 3.0882349789699699016
86500 1.7639573454576327194 3.0373244778271399902
86600 1.7967879080213409182 3.080357879602740212
86700 1.7654627421514850205 3.1884371836837499536
86800 1.7646801453627569689 3.1102366068049698278
86900 1.7447918014469168124 2.7129720723506900448
87000 1.750683510946645649 2.8663050010970900772
87100 1.7533834601480349225 3.0046522556727199849
87200 1.7796430450046194505 2.7605228672224799702
87300 1.758827975511089825 2.7349380327440599991
87400 1.7482106632131562129 2.3158540551714699163
87500 1.7634470562356390211 2.218900237704709788
87600 1.7730466233497688133 2.3858192686849499786
87700 1.7577066378081069864 2.5531550397829998467
87800 1.7468974092757163508 2.2131879925328901138
87900 1.7621098677888784589 3.0197535007831097786
88000 1.7653374834379835789 3.1320559224190698266
88100 1.7268907568047251466 2.6454453542995199911
88200 1.7302003262126548488 2.7554793928989900209
88300 1.7570931259801945146 2.7399852996417601858
88400 1.7578409210134993135 2.6360485344669601915
88500 1.7547575949029885489 2.8461970063137997933
88600 1.786376207677809802 3.0630094573598101171
88700 1.7746246647566690235 2.6245085843916902135
88800 1.754459095890497311 2.0632337034105701079
88900 1.7551771805225500067 2.0728766833330598551
89000 1.7653208730181286779 2.0529488837270299939
89100 1.7531688176108513044 2.1036331796130900429
89200 1.7413327073952664659 1.7324790117721000637
89300 1.7613101686089944753 1.9505726318153400189
89400 1.7522521349303457061 1.5418165678119699624
89500 1.7533241042020988321 1.6558015337791600619
89600 1.7548533226338034474 1.4574004501287500801
89700 1.7435274851305668786 2.1099851234397699606
89800 1.7538300999531390989 1.819962066435719894
89900 1.748018775849049522 1.5960212339435499995
90000 1.7551952546825233537 1.3253869519619199124
90100 1.7502702366540925372 1.1313175759518701025
90200 1.7566096227374221606 1.1127897470749099629
90300 1.7678227787672917692 1.2414757693119300441
90400 1.7563759632484803319 1.1639776051024499637
90500 1.7595241632016260791 1.2667358021189401018
90600 1.7662119778304528062 1.1530228531582000784
90700 1.7448159483929543967 1.255741682624470057
90800 1.7296624102846482884 1.229604587917499936
90900 1.7421743567930567664 1.1716063208401499285
91000 1.7481552372489341796 1.228520422533710077
91100 1.7583003728179822378 1.0033531076689199413
91200 1.7329342221656425238 1.2442035024840099044
91300 1.7229201193234013889 1.1110246895669799727
91400 1.7611559079447358656 1.279819163358129952
91500 1.7281046118610581264 1.1558568378620099892
91600 1.7518480835307903565 1.0967151957075800262
91700 1.7282884199562982275 1.2070521475483300122
91800 1.7505877086498444761 1.3254654688446600996
91900 1.7478638996191802057 1.1161006984628401018
92000 1.736232637955763769 1.1046251332838399328
92100 1.7496702854638692681 1.3516846027835001109
92200 1.7620192103375882375 1.0272053453994201
92300 1.7962359705830168721 1.1928208953501000522
92400 1.7710368660077453473 1.0932368618038199592
92500 1.7433735992443881724 1.1665676250767000877
92600 1.7693425740986576944 1.2142329719357900508
92700 1.7690474660143284957 1.1829073173664299556
92800 1.765740490171976429 1.0975828842977199962
92900 1.740418239471695161 1.2094329065622999586
93000 1.7502239305696065674 1.5673798009797799136
93100 1.7506467973780468483 1.4739229661797998983
93200 1.7552474524146066681 1.1804614386317500152
93300 1.7483253434392560521 1.6489043656999100573
93400 1.7441867218012458984 1.7099185409239299194
93500 1.7294243370142901028 1.7477108979133300082
93600 1.749227547230337132 1.7052441999274199347
93700 1.7428604498976612014 1.2211830828678000849
93800 1.7382023340387231514 1.2522288992383099338
93900 1.7565170010835544634 1.1352224829040900023
94000 1.7373012739938749061 1.1837755803140099786
94100 1.7370609261853906524 1.2066977294471599169
94200 1.7315308966417186642 1.818114984978739912
94300 1.7568745593461942978 1.6045434081030900408
94400 1.759026929209292156 1.7431578108291900797
94500 1.7663703259362604214 1.8032565039682799668
94600 1.7443661863485413477 2.2385289548350000288
94700 1.769786787538240258 2.5231313217877198163
94800 1.7688983282573100819 1.9354786450586600743
94900 1.7329871524285693773 1.7664965364354499044
95000 1.7402658428735253704 1.4718493495922000402
95100 1.7419622331885151745 1.4298059388787900392
95200 1.7458503161511469415 1.081832240700600023
95300 1.7429379476500150847 1.5594673986383400521
95400 1.7419646216091739799 1.2059772632850600527
95500 1.7559911995913313199 1.3585366011364299332
95600 1.7887990710459429344 1.2081568162405900146
95700 1.7949874433548353991 1.5171111295952899312
95800 1.7825183300492302152 1.5024514320333299811
95900 1.7715282428019978322 1.2706031105813300197
96000 1.7683065857156725631 1.1144372164813201032
96100 1.7437666126790007937 1.127505202022990094
96200 1.7274966967262554984 1.153606570074940052
96300 1.7209043919518700605 1.0407360665030400693
96400 1.7509664850717701068 1.3429075963171899222
96500 1.7732327432821417545 1.6796313054637799222
96600 1.7809431629263834385 1.1923238088276100211
96700 1.7646977766398928011 1.0566398548110300659
96800 1.729278697469257331 1.1752152949469800713
96900 1.7682548102986750393 1.1247376037160199402
97000 1.7452579888337031999 1.5070427759511100252
97100 1.7584770764282366962 1.5513953118202399306
97200 1.7567588416343866697 1.1808063062403599819
97300 1.7416028060007191502 1.0810181762521200444
97400 1.7095403610228974145 1.0957952701743201018
97500 1.7379784749576463465 1.0649366618285800445
97600 1.7411283697019637184 1.1431592627364699499
97700 1.7561604535895514179 1.1880011597245099253
97800 1.7468221347296708501 1.2709867609678600076
97900 1.7565026193665758125 1.1125793232695100343
98000 1.7626982119152143635 1.3362438102419800234
98100 1.7491102414182035929 1.0760424949315801069
98200 1.7620240729154175163 1.189436507943979926
98300 1.7466267883849115883 1.0279684145452299138
98400 1.7481396654747385355 1.1070501038023199403
98500 1.7653174958499773251 1.238057504221049987
98600 1.7353966397068045779 1.078957841340379975
98700 1.7327310929647823379 1.0690543633480100727
98800 1.7291861047361527515 1.081567609699150001
98900 1.742373781130883259 1.0520978619497098894
99000 1.7414027563942062748 1.0861737833609299564
99100 1.7546262205517344501 1.0950789190756700098
99200 1.744321458335952979 1.1683901399561100742
99300 1.7530558342723769893 1.0564126909616500249
99400 1.7639006195977651181 1.0947983057349499614
99500 1.7584656960497748734 1.1474055120554500498
99600 1.7614525586270219915 1.0776665413072799016
99700 1.7616103650482191068 1.496581329733819965
99800 1.7647489927776787155 1.2868638927048499099
99900 1.7595388559637044068 1.0579539260631700692
100000 1.7286381166989346347 1.3987204519712399531
