Step Rg Re
0 14.364893042882519225 48.792764277210800117
100 14.356179410758135973 48.524384211223598129
200 14.188717709999362881 47.098778833923901743
300 13.884526625820686974 45.434973012407198212
400 13.471627393665896122 43.742783912932701185
500 12.961120723243377384 41.877776254139803314
600 12.390324905543486977 39.775623054374797505
700 11.774672483031464409 37.281736444244700124
800 11.124412416790898206 34.285872057946200187
900 10.449797096456389767 31.417165212369301486
1000 9.7517381683870993925 28.493514031468500036
1100 9.0403555702854916376 25.400912528361899945
1200 8.3103257266235868173 22.582841671137501294
1300 7.5707424813366568372 18.779425449924801228
1400 6.8497469858806203646 16.618110493195800359
1500 6.1085906173811608255 14.927091674938900212
1600 5.3626158229592331139 13.617305458936199258
1700 4.6300472500221774297 11.055639981920100112
1800 3.9274158111285117911 9.3079160815436008392
1900 3.2872036603546623823 7.5985274187754798803
2000 2.6641519819890921994 5.52547164717929018
2100 2.0925054392623785304 2.746325012930329823
2200 1.9760024178824777685 1.7449784983298100016
2300 2.0467668536114844713 1.236061926770920083
2400 2.185734521286735621 2.0795877237129301029
2500 2.1972094810866629189 3.1223853204328602118
2600 2.1335836633393920891 2.7939944183907501341
2700 2.0899116755084552466 2.415717539302149941
2800 2.2178586633739381107 2.4169697253338999765
2900 2.2847823224672922926 2.522518591751409911
3000 2.2391739006050292993 2.2758742887989900083
3100 2.1019859833910286007 2.9981352287748599394
3200 1.9456241916360743627 1.9668591762501999032
3300 2.0435259890312775788 2.175140921870100108
3400 2.0962708992375400641 2.4155818563931301668
3500 2.1285768275542453765 2.4808776082746200053
3600 2.1376809617662302365 2.8249065614276700487
3700 2.1367925200239348271 2.6201089106525299322
3800 2.1629720093956041893 1.6082070753091999293
3900 2.1513877952086364331 1.1820308160068500047
4000 2.1507994142413124905 1.5153277329769399007
4100 2.2987354509182842399 1.3692981747322900965
4200 2.3657193439898467346 1.4838834102552700411
4300 2.3483672521242100473 1.4148770328050499501
4400 2.3136874806826703832 1.1159252456703099288
4500 2.2575046924058890241 1.1154003178650699901
4600 2.2497224137486013795 0.99854531455347195212
4700 2.3757233699103568192 1.6233763491934500856
4800 2.47175482738187835 1.3945012189427699045
4900 2.5143485436039783032 1.9386767664685800039
5000 2.487462862901427485 2.2705534851706699051
5100 2.3929309872630839529 2.1226719209017899104
5200 2.3738695546659349667 2.4894672243597901762
5300 2.3349124846335156391 3.0658388397233098388
5400 2.2567806150980680435 3.6583914301477600262
5500 2.1702564034993834241 2.9136915580867301934
5600 2.2170858260827279729 3.5656427131088599403
5700 2.2171176527214417895 3.716469269790549923
5800 2.229230760326120997 3.1342310760925200519
5900 2.3850082791551971972 2.3588144960772701175
6000 2.4318370892798513161 1.9667718076940698957
6100 2.3596977929519820094 2.7564536079304597926
6200 2.4100090914752310134 3.4072794450647099218
6300 2.3992650064243692398 4.6066200199108697788
6400 2.4297722400029653222 4.9492051398351604163
6500 2.3380309256396021311 4.3467279239684000203
6600 2.2562999930035063656 3.7458311673623598814
6700 2.1938750219637004335 3.5210572987175701165
6800 2.0545880337799728999 3.4647603233652701782
6900 2.146571331380364267 5.0848727365105403919
7000 2.1564727225411686184 3.9364967034334998885
7100 2.2184522739339631592 3.0039207274944601522
7200 2.1822303025465932258 3.3139285408881398176
7300 2.2088859236434066347 3.0196603513585200673
7400 2.2276634503362129358 3.8981982669170700539
7500 2.2668525091668159099 4.2969152762553397551
7600 2.2751449063976534326 5.241006420110529973
7700 2.3028835983890676431 6.1474781994794902573
7800 2.3893697698380469419 6.3388087027039796695
7900 2.4561413683426978061 6.4982108049241595893
8000 2.5078204964023198542 7.584299659125980142
8100 2.5445928877125001399 7.8130524628297397527
8200 2.5482732096006088796 7.4675485068041096426
8300 2.405641264911191346 5.978975772354130136
8400 2.3357626833559046453 5.3734459902703202161
8500 2.1830740588480268549 5.4270708823098399165
8600 2.0456671400640336067 4.5280056024190802333
8700 2.1314205087214941337 4.0157694252464599671
8800 2.1349440644220423202 4.4765993287891197028
8900 2.0936233573607578862 4.5761941651125201957
9000 2.0025542206742201756 4.2037840410969096183
9100 2.0523942043876393093 4.6221361085319401241
9200 2.180490653763440978 4.6364177632634397952
9300 2.2106996609279931931 4.4208621967728598534
9400 2.216990398050192379 4.6709885203885503913
9500 2.1070853231408697148 5.0732995013167201392
9600 2.0786109603953635272 4.7572116648257001259
9700 2.0427273532025425062 4.9451448935671002971
9800 2.1207921656566828261 5.0230708277348403712
9900 2.1563770446042034301 5.6375408128299495658
10000 2.1924974044381690952 5.4699684150692400308
10100 2.11942408762553125 4.5934191396942196661
10200 2.1546632443848263705 4.2398059923257696013
10300 2.2448924349462568983 4.290541692569750154
10400 2.2312811146046898081 4.0958886656606496857
10500 2.1211705496578017183 3.111193838583670157
10600 2.0042122966813775697 2.7646509178717901811
10700 2.079588055505967592 3.309489217037199893
10800 2.1064930028844068843 3.2972986405664301834
10900 2.117599406036026366 2.2752985991478698047
11000 2.0077531678509599189 1.2312874320793700811
11100 2.0194616230173805249 2.5196045415206298479
11200 2.0799353262514856944 2.0442286601263499612
11300 2.0933166852246989365 2.2357005679826000843
11400 2.1447690240456314115 2.7692599115594398462
11500 2.1998949354714429916 3.7318122581207200383
11600 2.2716526142971646962 3.3015109995881299909
11700 2.31776629733329953 2.1572384733257399247
11800 2.375521216366093924 1.6090978410661200826
11900 2.3526071119699172307 1.438208845117229906
12000 2.3689595540662007345 2.1277504157774997928
12100 2.372510356167035539 1.9810141920230099899
12200 2.2483465075930926247 2.2746017302783601011
12300 2.2159315494485070097 1.6114883526704000261
12400 2.2380697934806224048 1.3400842922496600806
12500 2.1613335132145223838 1.8812820586928999944
12600 2.1671324928990163272 2.548115109026429792
12700 2.2333261525345857734 3.9864709167416201296
12800 2.1893351861434569017 4.5658591351921495871
12900 2.2552665496948050006 5.6015412790977103796
13000 2.2835918416946006104 5.589799357017380288
13100 2.2984218575723773803 5.4910260543270004163
13200 2.26440731989509203 4.9625578541307495684
13300 2.2430213514083949811 3.5223898162158397973
13400 2.1961660834145018129 2.5433461440891300676
13500 2.0945710142557687483 2.102716474798049795
13600 2.2025753017787965682 2.405944240817690094
13700 2.273473951370094337 1.7394953344711701071
13800 2.2929838220278435656 1.2142831664593400909
13900 2.3259403128724089882 1.1402619779040199521
14000 2.4201566911327443421 1.3422607589393700245
14100 2.3549570984209098334 1.1555317417307500172
14200 2.2234298360445579057 1.5716486717586499733
14300 2.0979160070813773764 2.0939374538864998776
14400 2.074229353949813337 1.8044773193932399646
14500 2.2136535300487247824 1.153325779302059928
14600 2.1736101381620076545 1.1451596271406099259
14700 2.1276227479878677684 2.2853344502571300012
14800 2.1133404061717122602 2.5725335306642698185
14900 2.1059939742222733017 2.5662383249697899856
15000 2.0285778209876221823 2.4374393580211601851
15100 2.0547415185128032888 2.5629859963548500268
15200 2.0032590772685812119 1.7581637458313499334
15300 1.9739628649838598662 1.3213694662330799368
15400 1.9689167361769193132 1.843767489719720043
15500 2.0027184066553638253 3.1425374640810401772
15600 1.9765517074008893683 3.350390903962050082
15700 2.0275294306830078384 3.6714046632886701005
15800 2.0602119237019880238 3.3549718641459000956
15900 2.0135425576832925998 3.2450400651463899848
16000 2.1185762987432665838 3.7002876126710999571
16100 2.07234112022381467 3.8723607579957501912
16200 2.0612698347916267316 3.8721800342513801318
16300 2.0208639519883484503 2.573987846030299842
16400 1.9829518062672697454 1.4185724981302900716
16500 1.9924517244383084247 1.2891372551138400304
16600 2.0748878704840021392 2.8291987084897001203
16700 2.0962242038235312513 3.5759235060274701112
16800 2.181948589492312518 4.4257135831558302996
16900 2.1539406938048646367 4.6975539932485599337
17000 2.1499376276813833009 3.4260950753092798138
17100 2.0618433152392192653 1.6091950837472899227
17200 1.9883731542969189654 1.645504130951809918
17300 2.0568955693998187684 2.5522401826186000839
17400 2.0367505445083544657 3.0628861477170201688
17500 1.9789981684169979381 4.4369450254564997138
17600 2.0854299810557064276 5.8850866598897599857
17700 2.1299549043173775509 5.1863728726266797864
17800 2.0920240212908791655 2.9640343438611997939
17900 2.0213776702496386584 1.2291951448664799607
18000 1.9938960798844596045 1.5199403669047599763
18100 2.086111608318436339 1.666695566054160027
18200 2.1196218973964047194 1.3852138032735199502
18300 2.113826800320671051 1.8064405361427899877
18400 2.0847848051857567064 2.1600498635504199463
18500 2.0093610033312527818 1.0488763693363900575
18600 1.9435396338799828531 1.0459299260542000987
18700 1.9824078905888844471 1.4502137746776300187
18800 2.0413329009375398293 1.5132527315661199463
18900 1.9973241194059319081 1.5130935471484299182
19000 2.0261562352835453815 1.3281764180629600514
19100 2.0475346424495479702 1.363593822069139927
19200 2.0051446150557947767 1.5243792049426398982
19300 2.0348492546716814289 1.8701823334283900202
19400 2.1019745845194179878 1.2476957951214799891
19500 2.0519561905253169698 1.4724294219776399295
19600 2.0447609137293798476 1.340103472027460052
19700 2.0644102992400186203 1.4249372195164700106
19800 1.9875945806138668459 1.7222884696753300027
19900 2.0275297760975243833 2.3894162696345500052
20000 2.0799617548819337998 3.164847210822720136
20100 2.1082243349126734699 4.0334389624517399398
20200 2.0575784161962973329 4.2799944526224802388
20300 1.9484649750021905135 2.9607274217622898682
20400 1.9695737475381087656 3.6409951663719799519
20500 1.9735734337984738307 4.2565036272359195735
20600 2.0287035768808072689 4.027702593729950209
20700 2.0013947580600466303 3.5870303332417998732
20800 1.9809179048555785041 3.1606543598784999638
20900 1.9813094318660362525 2.9639250093539701858
21000 2.0379200367495746704 3.3761595532779500317
21100 2.1168097488999699785 3.2377478295037800393
21200 2.0354046386367694588 3.2920412428835801322
21300 2.0729053416479898964 3.0230762096870198441
21400 2.0512111226215914428 3.7549386321131601463
21500 2.1349969152651189219 3.2772576241729298729
21600 2.1756524279710309777 3.0209985525159899211
21700 2.174708166050847602 3.1449320679313301774
21800 2.1460484647209865372 4.0863813932338102219
21900 2.1255527968797855998 3.5360086648042901025
22000 2.1339626174677976955 3.8051158978928998344
22100 2.1316538881595405996 3.6721308985274698777
22200 2.1159056940093621257 2.9446807187601597988
22300 2.017090302070229324 2.2057698105207101946
22400 2.0691986329855733828 1.9806778172889500933
22500 2.0480077531867428853 2.2144911146558801107
22600 2.1155706389010036084 2.0198947020773401206
22700 2.1554835110077581461 2.7813525454692897831
22800 2.0974073203599918891 2.6864500196309699653
22900 2.0568754916712372882 2.3535605664423702166
23000 2.0692699195531019107 2.2540361134927597853
23100 2.1132625509978852918 2.4224092710630698022
23200 2.1890838111323644988 2.6999992322148997914
23300 2.1996909983595194227 3.031944752249669861
23400 2.2793650213736307286 2.7114286244313898777
23500 2.3590428030304004814 3.2884368306127900183
23600 2.3379154596984568215 3.4932193176704999793
23700 2.3525090451008066061 2.84075061679047014
23800 2.4059924509590602248 3.1119190692369200768
23900 2.4293001503973474797 3.2648107200524800753
24000 2.4085283803988994933 3.3787196910692300911
24100 2.300415291519182226 3.5693883822855898558
24200 2.2691333239184325876 3.8097080034092400957
24300 2.1596218020445441255 3.9213321174678599235
24400 2.0248896514617231723 3.491492534228270106
24500 2.0257690010164322025 4.0831350411315403548
24600 1.9345069038149074192 3.955605522409519903
24700 1.9251202294161136042 3.8811199815132000346
24800 2.0109916264150049514 4.0956265284345301225
24900 2.0204401593017697891 4.2030035028084498094
25000 2.0101183280412775467 3.5465653947190598494
25100 1.9948758918906170923 3.6291791834954700846
25200 2.028837776715322061 3.1983619970574999058
25300 2.019992234162327982 2.9418383358892299384
25400 2.0580118311716946167 2.1294706268684802097
25500 1.9722172530260315693 2.0702375770217700257
25600 2.025676834504509749 2.1799371365351900565
25700 2.1273645194757015986 2.8651173756052399355
25800 2.112831693386622689 2.8109677625484601471
25900 2.1671807295041749519 2.8886571069609501272
26000 2.1319697707578129098 3.635010864479589987
26100 2.1246395084748783688 2.874228223706449814
26200 2.2010156959324231885 3.0071094195789100922
26300 2.2123227965311276222 2.603474584936269931
26400 2.2854239222227121786 3.2594880076047898498
26500 2.3662935032646386091 4.7011283366270202322
26600 2.3578328458220001451 4.8413407255479201652
26700 2.254524372329352655 4.4791523997423503545
26800 2.2165773443732548209 4.4738769192896903348
26900 2.2105406702366652283 4.4331612097647203896
27000 2.0940556474160008094 4.4631692340628097426
27100 2.04709695723349272 5.0983901637331001666
27200 1.9169732864768123104 5.3974325912472203015
27300 1.9281669437441597559 4.7886213797071697229
27400 1.9987981004866537393 4.1869914131952299385
27500 2.014639843372347805 4.3196923170392498292
27600 1.9715035617795761969 3.0559980627330700642
27700 1.9956707984026329505 2.8369547373167698368
27800 2.0544566147591640792 4.409599249932830034
27900 1.921361670260164578 4.5236474449485797322
28000 1.9286299362312029348 3.7218660085988699571
28100 1.9455284117016728995 3.4554601756674299118
28200 1.9849712420241831801 3.6356965122627999953
28300 2.0196390829715067383 3.6215903753047000713
28400 2.0340173886131611702 3.6927609178613298724
28500 2.0521384519804710678 3.8345561392254099431
28600 1.9973314547116338691 3.1261264729286901698
28700 1.9672368897868304227 3.4109207986242000565
28800 2.0013460271167531346 2.963693013830090095
28900 2.0306269649115158415 2.2982046936248798907
29000 2.0444712088434306985 1.7320812154084099799
29100 2.0330787496898126143 1.0751340830702700302
29200 2.0921718269589266725 1.5158531785947799708
29300 2.1117065634372989003 1.8758744036600401017
29400 2.0063021879784055379 2.0527616171477101048
29500 1.8994387120710354289 2.8640524732457399715
29600 1.995919414581835527 3.8469684276062499073
29700 2.0491122364760792074 4.1445499187045697909
29800 2.1323629247647848395 3.6268741812671398961
29900 2.1631850295567542908 2.6197555436677699703
30000 2.1113735230297443479 2.0359050303349102151
30100 2.0169922618419078297 1.3594426012438600715
30200 2.0407588669583374141 1.3958667007303400265
30300 1.980600868350436139 2.4585310362631300762
30400 1.9474873182584007125 2.3535343656460998574
30500 1.9743685564947903721 2.1349999776097599025
30600 2.0046675982363919566 1.5158131997809201064
30700 1.9229348466788327432 2.2264467205205198397
30800 1.9545437886607985867 2.345444491000379994
30900 1.9932965056556839478 2.8592520248682697925
31000 1.9631959997000474338 3.225736000452419816
31100 1.9527865584944970045 3.9717726641437400836
31200 2.0264206875225188043 3.9006507974316400045
31300 2.0216701955477427433 3.1283583005924100462
31400 2.0612105642443641074 2.8916388378713397955
31500 1.9680471326538633292 3.1121823162126798223
31600 1.8961931243564427163 3.3928108882780501077
31700 1.9817805436590865131 3.6251118079420101559
31800 1.9693452783221225832 3.9681849806196800579
31900 1.9631191574374455833 3.4454105487610999781
32000 2.0000294258942044046 3.1440751581890897803
32100 1.9863375790214155003 2.4927680435856798269
32200 2.0449865895951759853 1.9776935697546400572
32300 2.0118568289410472261 2.070779143531519928
32400 2.0063102523943365796 2.2794744467304202118
32500 2.0689317187897393602 1.6716805980426199252
32600 2.1044071408178974814 2.3495269585201499218
32700 2.1157039154966335026 3.8236475035917898424
32800 2.0467281407544564154 3.9081605412488897855
32900 2.0838173063135689844 4.0004994761135499459
33000 2.1413750006750795762 4.1138838551707204161
33100 2.0905274427764504175 4.2979467874329797539
33200 1.9899898235417075032 4.4402314135803697681
33300 1.9185081146488973669 3.275946523902780072
33400 1.9512510857436458078 3.8073223022855597897
33500 1.9915192542976067891 3.5710074948132097816
33600 1.9519703705673456806 3.1057091025019101238
33700 1.9457380655888001364 2.6441295183406299252
33800 2.0552310643915814303 2.1047689100223698766
33900 2.1497758399594855128 3.2518600669418398219
34000 2.1227501603412526343 3.180181897988139994
34100 2.0627912865904893813 3.3704385818141999742
34200 2.0805975511983585413 3.9789319393411699544
34300 2.140924663991986332 2.9019159376205498901
34400 2.1061514341643228221 3.3531905205845298212
34500 2.0799901176811350645 3.5097123556261697885
34600 2.0505919432203416619 3.0100977891357598715
34700 2.0055832600224250406 3.5168294446557402111
34800 1.9867748783809819901 3.6623999190562201989
34900 2.0357188801999313021 4.9207098954440402494
35000 2.0395966667165237318 5.0950542573427402004
35100 1.9953450624374571287 4.5696958740901596485
35200 1.9590392269546650361 4.5434673913943903756
35300 1.9286402353884535277 3.9981253101845499742
35400 1.937214572459807771 3.5727383218905099938
35500 1.9674660502133820561 3.6232068141714601772
35600 2.0096146428492640545 3.5660525500560198431
35700 2.0492197842847481581 3.2414016631044200167
35800 2.0095926926917755395 3.4889984736032699786
35900 1.9823885391267739298 3.5594345405493399426
36000 2.0216763512070410336 4.062811741794670084
36100 1.9903958329277193773 4.0263467671452799479
36200 1.983974311886171682 3.7571257115152798534
36300 1.9040072060589439129 3.4408078501952199524
36400 1.901879761661520174 2.9249724886526400347
36500 1.9189270592889822176 2.7940025366242697835
36600 1.932727385849533297 2.9363286052997299436
36700 1.9941408609676305463 2.7568032252826100148
36800 1.9712575273308268198 3.0785560171906700688
36900 1.9568295147706284975 3.2132736978149800677
37000 1.934702232391628085 3.0876673822456699448
37100 1.9238001958630654986 3.334498264907309828
37200 1.9328556340743843212 3.5372289585094098818
37300 1.9304741558243179167 4.6584592336271199997
37400 1.9571172780687389192 5.1880443185238602766
37500 2.0234218917583386421 5.1822393533129798016
37600 2.0731532194942889902 5.6006932724925704292
37700 2.1132331191353426192 5.6449430189865097418
37800 2.1651123135032133149 5.6294324104806898745
37900 2.1782030733263066935 5.3264104261216003167
38000 2.1727816816047318405 4.7693678803949097755
38100 2.048856722654938789 4.9276849826167401503
38200 2.0880229784027686257 4.7001803070376197979
38300 2.07152000807208303 4.3750592133199299738
38400 2.0979432903158561352 4.399095192571490287
38500 2.0515159182008924077 4.7815186476310396202
38600 2.0128957176577197963 4.6015036203921297897
38700 1.9856264168307611317 4.0569038387490898856
38800 1.9877509832001964973 4.1032274477819301595
38900 1.9385176736186351398 5.1617990702957996518
39000 1.9688378414486782386 4.9687819982151397724
39100 1.9645096384975908599 5.2482357547196896164
39200 1.9853476299446444209 5.0824558126281198511
39300 1.9438108646222127529 4.2184070633857198018
39400 1.9133241463667787219 4.2586228817581401884
39500 1.944337839828148784 4.4860671543636199132
39600 1.9453235825381678392 4.7991007426830103455
39700 2.0181745819232914663 4.8143449273577996195
39800 2.1817521234692272003 5.1684194630775497359
39900 2.1918388598105944531 4.8159252758857498122
40000 2.1938676300145516507 4.8028050627168896725
40100 2.111664912401480354 4.8329298950017598457
40200 2.0764117497856182659 5.1058693377789001744
40300 2.0972428147914747854 4.4796223782191404439
40400 1.9582617862276279208 3.3990040400970600309
40500 1.9996548963589895198 3.7170618918052000801
40600 1.9774803500217754682 3.8838308165431900676
40700 1.9493801625847353431 4.5231029944333398518
40800 1.9364960381138498491 4.5219137216730800333
40900 1.8850837894288579033 4.4701870450219498565
41000 1.9470685965675473827 4.5219794273228997028
41100 1.9435865054406937791 4.1308114184617901188
41200 1.9453323231174179941 3.4873875432690200071
41300 1.9111526282032584856 3.0088527155586999307
41400 1.9457315695602024341 3.6295346762266800233
41500 1.9412481856865260177 4.0651195910865398631
41600 1.9429191673998846834 3.3477223261590101089
41700 1.9447148880967699558 4.2135494886233200162
41800 1.9887904213993117253 4.1061290172464097736
41900 1.9971033008070870896 3.5939476687761100493
42000 1.9179480278407154969 3.2713141112475399019
42100 1.9184982159832848492 3.1468177908464998183
42200 1.9745037566928294037 3.2505330237211800259
42300 2.0147658788437468047 4.2672259752820895784
42400 1.9946990983609884651 4.7140291939370504437
42500 1.9956781417100670772 3.6525622608837600147
42600 1.9986772292030769993 3.8713005306925798443
42700 1.9700730383038298488 3.2572106390007600218
42800 1.9716764921365179664 3.3531741027575998615
42900 1.9741607534843219618 3.5542022213183499524
43000 1.9923200359964050588 3.6575272447352897842
43100 1.899774356333874259 3.2864789882957601286
43200 1.9827561477431012715 3.1350141755699501012
43300 1.975509612827769379 2.7889991502182898131
43400 1.9883257554273805479 2.8006133883789701144
43500 2.0675401693480504051 3.0519849648912900086
43600 2.0191266457359873243 3.292072531520469969
43700 2.0340205248791698445 3.7003225766269700614
43800 2.0613956543945639588 3.2483056999718398217
43900 2.061386127741668961 2.7195858682280800167
44000 2.052740999337624217 2.728920324549569898
44100 2.0901786381335916154 2.9672219649345801251
44200 2.14424810937655419 2.3917525321553401163
44300 2.1206975074676939208 2.5891044683711901264
44400 2.0839335221164088097 2.2522206220554599199
44500 2.1590727182843152399 2.4330531219700199941
44600 2.1356909233526493175 2.8265435122487501118
44700 2.0311197409662713476 3.4210090930411900523
44800 2.0209553330277048033 3.7833911985246500009
44900 1.9235394958807658927 3.2183568766414198947
45000 1.9088570428280251523 3.1569917732723200565
45100 1.924594315218879137 3.358175409328350014
45200 1.9136491172537752892 3.5029584629282100039
45300 1.9067241478757430695 3.8270193222584998338
45400 1.938084450243327872 3.7992148279346298345
45500 1.9591867894757848401 3.7136241332100801138
45600 1.9302768748863627923 3.2458864650226599835
45700 1.9250832300114502083 3.1081290845808600132
45800 1.889548863816272517 2.3490457113447900106
45900 1.9133037746968946102 2.3208812495580199986
46000 1.8367342485573590061 3.1867578521956900772
46100 1.8482754387196049795 2.6198165922730400901
46200 1.8508062755439340652 2.1353087525166998262
46300 1.8178683023032271571 1.8818982411684999079
46400 1.8760368493751784502 2.2043215063571000023
46500 1.8332825363646170214 1.590265526302099941
46600 1.8370666866640932291 1.9632030563969300463
46700 1.8871823583773523758 2.0457233415760400774
46800 1.9306441905688589422 2.5130682365432601699
46900 1.9772497215140187876 2.6345438544210098009
47000 1.9817893917009836713 1.8713520310008600056
47100 1.9556345138904878134 2.0254573130921698088
47200 1.9710793003423814351 1.9445704819501099525
47300 1.9273386782026897812 2.5214346036818500174
47400 1.9264803252839670655 2.7345727951788099119
47500 1.8988814109449925205 3.8809240721210898073
47600 1.9250869065113291878 3.6175854329551100363
47700 1.8913519266123417495 3.4638119124728699028
47800 1.9454413389215909902 2.9920606152293500735
47900 1.9553596766979393085 3.2032402124654200115
48000 1.9816708231789981198 3.2732791130038600969
48100 1.9649723557273670593 3.6906579932254901522
48200 1.9491450532683596286 3.2117581442808198489
48300 1.9945619478288070248 3.4829491273024602016
48400 2.0480477827703684746 3.4894992173219101517
48500 2.0929349080886656687 3.5830673875956500218
48600 2.0483547541498063893 3.3363669350686597781
48700 1.9835011901384194122 2.4535852997508400541
48800 1.8941715155408311855 2.686813654414479835
48900 1.8878195264711028489 2.5460889435620801535
49000 1.9107400805085885676 2.8434829068390898854
49100 1.8908064348876316707 2.4756098114663900311
49200 1.9180803643099098021 1.7819785040012698918
49300 1.8780945993629316604 1.0473923884066800305
49400 1.9253244912054907623 1.0486137717577799222
49500 1.8688630474073288923 1.2794398718863699838
49600 1.880874020906363242 1.7925185264214800185
49700 1.8700046379729482471 1.9368715583659499302
49800 1.8919712133968202838 1.7298829322781399398
49900 1.8610353132635177875 1.5811155856148699783
50000 1.8591887019375190615 1.7202032785250800373
50100 1.8438457744296512519 1.6706668533578099556
50200 1.8745636296571976942 1.1181195734936200115
50300 1.8864791307148984778 1.4170350804428499814
50400 1.8706325459505737108 1.1145574037226799735
50500 1.8718155078093208221 1.07569796588847999
50600 1.8986877245086730692 1.5759981799330899932
50700 1.9544976071248338911 2.131597932316549926
50800 1.8468844953999548064 2.0571035479844601568
50900 1.9069983345706253974 2.0023747786292300788
51000 1.8714229483687541133 1.0623296458355500071
51100 1.8570659448843236383 1.2014739986661600035
51200 1.8530013046754694184 1.2238376324931399264
51300 1.8589824093866147425 1.4396769357576499893
51400 1.9111272811878852185 1.7538954179864800764
51500 1.8387075744567549229 1.6138779513896199802
51600 1.8431245686781798643 1.3040291826307999212
51700 1.8720034947128900704 1.8274714918751500115
51800 1.8569886671698900837 3.1357654545536099988
51900 1.8586193817609204526 3.9515736956418399117
52000 1.863238705595182676 3.701275312902339909
52100 1.9152662655061463148 4.3820574345374101455
52200 1.8934500314830360335 3.8405851357395301982
52300 1.8435583089008420465 3.3612638916827899394
52400 1.8506219652712716517 3.5650927593059398291
52500 1.8853596913970454008 3.5925727136302900711
52600 1.8397623830404139511 3.0492873879085999889
52700 1.8943361576696848836 3.1853694070427098772
52800 1.8360825884388449758 3.0574856585475198578
52900 1.8300037570674398957 2.8243956860638901318
53000 1.9073601248394635999 3.6892832140400098062
53100 1.9168794498966257311 4.5187615447612898834
53200 1.9139860558111705391 4.9538015135518200793
53300 1.8664124456595261314 5.1976302224358397197
53400 1.9169346664322342022 4.6117506331924298379
53500 1.9163637493752430085 4.7223164154713499485
53600 1.8848901156433190973 3.9682896973767398663
53700 1.8680318995055309461 3.8064477545188699636
53800 1.9204619065090937635 4.888555695300540016
53900 1.8744943375522016282 5.1101668751895603648
54000 1.9134941318141529543 4.7931167194295900558
54100 1.9576809499469440823 5.5407410547610700391
54200 1.9636946801979346944 5.0797537588238297346
54300 1.9301938754302192525 4.7709944977357503504
54400 1.9055982753753015757 4.2489287623689095952
54500 1.9299422796705205663 3.8453223657432897831
54600 1.9040164223344300254 3.786324698628699803
54700 1.8655016403365534128 4.0948172323674096873
54800 1.879812435647983726 4.1403203154973500233
54900 1.8689629552540165669 4.24888195699042992
55000 1.9040093846352665885 4.2911521268493295622
55100 1.8878897066018420769 3.3357868590324799563
55200 1.9178603950305532777 3.625765196128619916
55300 1.8509749549449825423 2.9862962242476398522
55400 1.8373531759712826705 2.4683546094084198863
55500 1.9131678855998659472 3.5472648792214198643
55600 1.933529883267144589 4.018341224084119645
55700 1.9004199316458854074 3.5453278452535301746
55800 1.8733670304993799149 3.4829673445521498465
55900 1.9141934990042459575 3.6288714657738401215
56000 1.870239128229828296 3.0215528796065900252
56100 1.8508342494894833852 3.7206216584407401093
56200 1.8740723110382084826 4.2489152252588899827
56300 1.8886570667488635777 4.5910436691437901402
56400 1.951176682990045208 5.3915106871254998566
56500 1.8982476317883305583 4.8747388354870704319
56600 1.9067492906215748327 4.6543418805663501203
56700 1.8496211832965998578 3.5411958112671100274
56800 1.8627647167991441268 2.8669858908788299345
56900 1.9127086806787600981 3.4280735658622401019
57000 1.8658815715661176693 3.3573132961647798034
57100 1.8807964741399438857 3.6546591448701599703
57200 1.8046641704310468768 4.1690561947555497824
57300 1.8889121259807584163 4.3013208592075198311
57400 1.8848666722494460402 3.57404589838473985
57500 1.894904112802339613 3.2796878217772098552
57600 1.850208756498301188 3.6825733455166700381
57700 1.8659440062890690903 3.48018351834961015
57800 1.8374493822678934496 3.5976329821410000243
57900 1.8452591183506186212 2.9491348642643600009
58000 1.8361608898726677896 2.8154828164332901252
58100 1.8310517148821343625 3.0788085251602201886
58200 1.8432598831725965915 3.5744252429119400816
58300 1.8916658864158892861 3.9342794075903499973
58400 1.8115233552021945407 3.5095002862030000301
58500 1.8446329078231522569 4.8428344960332596614
58600 1.8764038720297300245 6.0209665864223200771
58700 1.8643587708560389604 6.0796575494048301636
58800 1.8850962932029033947 5.8782238718214099293
58900 1.870315886364152691 5.1229133178657697556
59000 1.9071751027177594739 5.0383082909571701435
59100 1.8306168844290291453 4.2036607315010501296
59200 1.8769736218635095781 4.2211996519019097107
59300 1.9055217100793095941 4.0536369928765001447
59400 1.8872671713061597298 3.8834949774812801415
59500 1.9340417176034008229 4.4592180849557996325
59600 1.9312237998349244261 4.9899468398737401031
59700 1.9064199657375282548 4.1453529242213695838
59800 1.9389292114109133447 4.5658884242416304389
59900 1.966156317779190088 5.1806344801875097161
60000 1.9217705039764849673 4.7938720171484998644
60100 1.9004093396007015748 3.9246634371700901411
60200 1.8783248741525071512 2.8143753416632297792
60300 1.8658539583600770584 2.6060374693578500782
60400 1.9032247238700885639 3.2609315706188097828
60500 1.9228062243972932066 3.6005039686069197913
60600 1.8743659375268322265 3.7315763610020500352
60700 1.9383023308176010602 4.3345127315778997357
60800 1.8890503155712807803 4.0076017620818200626
60900 1.8483150947893749461 3.9448089570718098962
61000 1.8411919641950327264 3.8547300166629501206
61100 1.9054043998944063532 3.8671666809903402218
61200 1.8412597514124497966 3.233550572160519998
61300 1.8554850941976124279 2.8256786261480399958
61400 1.8727604506684383256 3.2634399877592499273
61500 1.8758707604046589434 2.9453808537711898552
61600 1.9482254408439227955 2.960828726968720126
61700 1.8981140513851040286 2.5721461107981999916
61800 1.8758813679187480439 2.0019402773011001351
61900 1.9430691361700520581 2.2738867127728701334
62000 1.9401649013434489888 3.2786567909694799283
62100 1.9452195510965573089 3.5410282060464899345
62200 1.9413842744415978903 3.9345710600316001759
62300 1.9372152173707852807 3.7740658635051098635
62400 1.9332639642520450529 3.0521049812641098953
62500 1.8803378285720122598 3.2093935697751501124
62600 1.91502798182840972 3.665126656923530124
62700 1.9686889481314002737 3.9385595943168500987
62800 1.9450662927411783709 3.9644865439678400598
62900 1.9614431032015138268 4.2369727857841299468
63000 1.915349364528862397 4.1107962634580204053
63100 1.9288762300137698436 4.2543133286287195816
63200 1.9197331986312033969 4.4378630671375898231
63300 1.9207515600281828139 4.7393600801379403009
63400 1.8717251254106352931 3.889698440193360085
63500 1.8869015307197836151 3.1836929290061100062
63600 1.8653377034084064334 3.4301943898398499222
63700 1.8822568236875814041 3.3689714721066601477
63800 1.8692590836890863315 3.1464640131447900728
63900 1.9092792045891127106 3.4493596205944401234
64000 1.9043312208198537316 3.2332749707860801713
64100 1.8821877881930073606 3.6349218223852299836
64200 1.8214728440678786825 3.8948877148614600152
64300 1.8181172657860904529 4.2367104434376097188
64400 1.8528985569084028828 3.9396004209873001223
64500 1.8480309722619308044 3.5718945885919199945
64600 1.8407759605637086242 3.9726536809270101003
64700 1.7965829421415415723 3.7473711982214301663
64800 1.8157806461607719495 3.9022103433525501259
64900 1.8083970361174022123 3.7989848571876301264
65000 1.8282087345856399274 4.3096410246426000157
65100 1.7909980891023091765 4.2157785205349096458
65200 1.8422640902528024665 3.7387554332018400061
65300 1.878042709529387011 3.6693688568881501766
65400 1.8822101795430989934 3.8016404268628800622
65500 1.8770152285625774091 3.926842114300079789
65600 1.857087655768765444 4.0879637532803601019
65700 1.8883462441900538131 4.0329733060968999681
65800 1.869314310544310187 4.0679391354186495988
65900 1.8461803380738808222 4.361101472727270334
66000 1.8380497567736713282 5.0750761249605496062
66100 1.9188145824558375807 5.6099282796423697306
66200 1.8997646474696407992 5.512089001692070056
66300 1.8508448582940970617 4.7078851898133002862
66400 1.8423377794355551007 4.1194846737569701389
66500 1.8720862373866993256 4.6385983880883303598
66600 1.8889701538059762154 4.7137404936843196879
66700 1.8529957909483456557 4.8682772119047204029
66800 1.8428266829395876236 4.601541471495959712
66900 1.8500553728137663079 4.8213030199615500848
67000 1.8238068616322267168 4.4884924155055001549
67100 1.81019299484123386 4.4110289483445903613
67200 1.8207641152806557372 4.2426840521840096798
67300 1.8640898659843827545 4.3498468128093303875
67400 1.8175816789390601969 4.0919952875824101568
67500 1.8248763730310844089 4.3836602825076997902
67600 1.8239613424795109164 4.0920078820340002324
67700 1.8641787213500706777 3.8981153288686800629
67800 1.8700174866257184281 3.9365425422188700111
67900 1.7931010721246771755 3.9919306798468698894
68000 1.8284837128818629548 4.0090314415131800274
68100 1.8419565615593846974 3.731980368431190076
68200 1.8818214767233836238 4.2534134355287296358
68300 1.8515960984022405977 4.6986858035692398161
68400 1.8554362802694661649 4.9976906980981503636
68500 1.8349489373747895904 4.821180163979979838
68600 1.838329925627543826 4.3399778725479203345
68700 1.8561286463709065764 4.3988470520528002439
68800 1.8691491548904617392 5.3331326006307797627
68900 1.8219874787673338012 5.0949960045837299205
69000 1.8448587895695778283 5.2913921876323000149
69100 1.8438364763376966504 5.2865327261942702819
69200 1.8707241071388589493 4.9488653512866997985
69300 1.8534709167188705425 4.5570170685269797417
69400 1.858531129052311659 3.8450053980872498371
69500 1.8395092477624481742 4.0361311345952399776
69600 1.8747821549214989112 3.9338716276528300497
69700 1.8307672143000373044 3.8610668389422801994
69800 1.8456447599363330347 4.7784944526849599811
69900 1.8949320507246150136 4.0717485638799404413
70000 1.8493761378362032488 3.6245871725440701461
70100 1.828757030046437082 3.5686531228550899542
70200 1.8553910799088548789 3.8306988624730999859
70300 1.8849066508731309177 3.8970523154119600662
70400 1.8404723242588181265 3.1585654114104801948
70500 1.8438072126480820057 3.5652832943574002122
70600 1.7939041174874057472 3.3373927555982998427
70700 1.8486767894100641918 3.5072761649113801674
70800 1.8655331603945886076 3.067347433693250025
70900 1.8831055888169609958 2.9393916119393601605
71000 1.9206207429011683541 2.8355059061777900808
71100 1.8198197608856798713 2.2646311552446398707
71200 1.831094553051295204 2.2031333890856501512
71300 1.8651295444496280851 2.584212595137940216
71400 1.9136526876495230098 2.4914761658994599713
71500 1.8607054986696800469 2.4841908780061698891
71600 1.8602038128673521467 2.3182902815102601757
71700 1.8549870828703536318 2.3048320645158701936
71800 1.8489751020748912413 2.7753334805124398876
71900 1.859432905145051107 2.627580370045869973
72000 1.8700327017096280979 2.9110958808396198982
72100 1.8495413372506781524 2.8224852153050501435
72200 1.8652429282358649054 2.2701855624882298912
72300 1.8486395662682741925 2.7087216162887899351
72400 1.7985954058711872694 2.8568923976582900615
72500 1.8115607311796038115 3.650498502478149998
72600 1.8453446417743049057 3.8690261266006000795
72700 1.8637392740362739296 3.3218208456218500935
72800 1.8474210457400104257 3.0570360930049700343
72900 1.8127217679352984891 2.4082713366626600227
73000 1.810601704815174573 2.642427563940540125
73100 1.8508700580479036102 2.6520232470796698543
73200 1.8628390684774120967 3.0928752901766798367
73300 1.863093546630630204 3.7274304019353601269
73400 1.8187363847734763223 3.3138967103750598397
73500 1.8291522753916491517 3.0747781405676302136
73600 1.9070064375001196666 3.08788142851016989
73700 1.8089522383261755767 2.3712108868925900751
73800 1.850552576668635929 2.9433966197135998932
73900 1.7893850856173885155 2.1531673834479900798
74000 1.8234832042386130979 2.0852760427902401474
74100 1.7959786805092710082 2.2048604524818800066
74200 1.8630748134802912475 2.7996979500141701003
74300 1.8322720943358459245 2.7986490476789400716
74400 1.8248128734668409567 3.2288811461304400829
74500 1.8271988515957491295 3.3414725872444299704
74600 1.8365959570658216826 3.2568331797702301245
74700 1.8358785923155620523 2.4512592836821998077
74800 1.8625429103743165182 2.2735923399186699356
74900 1.8810426968581239748 2.0400919480937997896
75000 1.8550114213560733312 2.1462068238904299378
75100 1.8638795459440062885 2.1694150101812201825
75200 1.8490051781082608162 2.5289409131713997958
75300 1.8946623163109164167 3.0494558441575798646
75400 1.8922247391345361489 3.1194336847718400207
75500 1.8644284413631129205 2.4847616463380699514
75600 1.8635575206839261053 2.7418896971639301618
75700 1.9032489520557867024 2.4037414630816300587
75800 1.8733937743707596013 2.7178644670165099662
75900 1.8230602504425490462 2.3647857996431400629
76000 1.8345570291719999201 1.7858674579937900972
76100 1.8548920316698445099 2.0619693653656701038
76200 1.8813882192901123513 2.1015834289564998549
76300 1.9011608435320404009 1.9279706400160498969
76400 1.8823999295341986571 2.2356675740560199017
76500 1.8548628136180538295 2.4843303948051200791
76600 1.8560823775645676204 2.3739083205743298777
76700 1.8257329238454353959 2.7170281024088400734
76800 1.8435993997399682254 2.4066177656218799008
76900 1.801117865267329643 2.4198397963903000019
77000 1.8004230884428185089 2.4788159633521900105
77100 1.7837027709281636501 2.3659784750167700551
77200 1.8317766980562133483 1.9746751587895599034
77300 1.8612678775456843461 2.0081045045576400021
77400 1.8458959910695151851 1.2116053901600400966
77500 1.8746617765960835733 1.4001546801309299184
77600 1.9140992862410688424 1.4263314256702399607
77700 1.8267265457663663941 1.1006549485170300517
77800 1.8863056464215754993 1.2167958141379799919
77900 1.8240537449475164866 1.1381819978187299736
78000 1.8348809192964850023 1.0856075369457900415
78100 1.8060409959400889335 1.0086282639060399902
78200 1.8605550898443654617 1.0938586683929600873
78300 1.8665031263603748535 1.0107001354753799571
78400 1.8497140015576565286 1.0547830991303299708
78500 1.8578601901867648483 1.0751696348852999296
78600 1.8102253201786857595 1.0245257252284400984
78700 1.8534713774407316489 1.2795561660779599666
78800 1.820846440443357972 1.0895494228247599722
78900 1.8203969757494693482 1.4077204419602900032
79000 1.8643171547342196614 1.2214109027115100936
79100 1.8516345802060949488 1.4472644468606099544
79200 1.8447776061475062992 1.4202314183123498914
79300 1.817422240431800784 1.575197877240150035
79400 1.8385176008425068162 1.564214604897780081
79500 1.8377935241013088064 1.6453345585978400578
79600 1.825119182940973861 2.0845101573203099754
79700 1.8252842498721195685 2.3711567053563400442
79800 1.7971273126355564731 2.4743983552888599853
79900 1.802610609652179896 2.4225908047008801738
80000 1.8004891629234605066 2.3822012800300300661
80100 1.8230110680303217574 2.7668980352091598895
80200 1.8545108439506825526 2.7092309403400700596
80300 1.8163903380311581248 2.6088811214164198127
80400 1.8247433392894387705 2.6591816645163000032
80500 1.8640179537743228888 2.4312666297306297913
80600 1.8299367159736277255 2.3548366753119798211
80700 1.8619653234863144942 1.7641866103522501064
80800 1.8908113506488779532 1.9229013975456499264
80900 1.8108236375702631005 2.0017276649797599575
81000 1.8602582433322143451 2.4092387014016201086
81100 1.8499620716575555512 1.9606813176674200427
81200 1.8571005437963674645 2.2539982043565700565
81300 1.8617060912968219633 2.2789382541159399764
81400 1.8328131738017707786 2.1532805297927701815
81500 1.8404066781427732558 2.1665003342735498215
81600 1.8397250043919057827 2.0084058132890798554
81700 1.8658488504052614942 1.8723705833785699859
81800 1.860043708839398624 1.8402856273339500692
81900 1.8395882939851544435 1.7566757179476299999
82000 1.819325708764961691 1.5018325286949298913
82100 1.8362134803737935052 1.0152277265250799765
82200 1.8628178302183251436 1.1439243209401499524
82300 1.8430451009365700354 1.8009044952149499963
82400 1.8147979393869155817 1.8979921992204500381
82500 1.8234078709689911513 1.7830356597184300327
82600 1.8591662783255398228 2.0870156032803501844
82700 1.8287556409466370066 2.1022441183591298319
82800 1.7802376373661201736 2.0303828719982801587
82900 1.7912591253343044251 2.0683265628655700397
83000 1.8329209939211827951 2.304267136108109959
83100 1.7958589761670860074 2.2595472794733200139
83200 1.8316057619197645412 1.9398161566154799029
83300 1.8043216734919527156 2.7782225970864100617
83400 1.8196676025267806143 2.5952743299450498071
83500 1.8526112778037899798 2.0953852899663898413
83600 1.8416282323557424672 1.7976536508914100487
83700 1.8759427438557916279 2.1355628123370098415
83800 1.8308855167914277473 1.9265497270286899845
83900 1.8827070091822470932 1.9779251898569500945
84000 1.8695363615523161727 2.0322093978847499685
84100 1.8443377235243620937 1.7858855237188799858
84200 1.8693964285944077997 1.2354704520256800659
84300 1.8433253241186318139 1.5838881886267899279
84400 1.8783284505200805725 1.8789742124544799307
84500 1.8404186079994093728 1.8389900117719799599
84600 1.8265056341677070595 2.0991980633679099277
84700 1.8096429717010065197 2.681031067534179968
84800 1.7855531847205254881 3.018353767900780138
84900 1.8592526465500831545 2.8918586586528500781
85000 1.8469297282883430089 2.9424640660101699652
85100 1.8349134544867795604 2.7195963941537701913
85200 1.8444422324930722645 2.5294441940242600175
85300 1.863355877225309376 2.9443565840381498155
85400 1.8596838117289891112 2.7785757140757798567
85500 1.8098386676921751626 3.0272561540852001016
85600 1.822765212516440414 3.0813678890229199148
85700 1.8190248376911346551 2.8753295727133898474
85800 1.8559819363052951768 3.0764389941859398014
85900 1.8641038962269664836 2.8651205124157499426
86000 1.81910375674438618 2.5853596186586700334
86100 1.8423097055356936202 3.2782839937109500283
86200 1.8557470572214520566 3.2653016553891900386
86300 1.818426228446330839 2.8638629556402301901
86400 1.8251544769161200943 2.3981344619562499076
86500 1.8318507820457525792 2.6312166497570999013
86600 1.8069006519155377255 2.9773118644341898253
86700 1.7983280231965237395 3.1728381985721099134
86800 1.7911556754851909457 3.2281335727580300343
86900 1.830118208231965804 3.3230326675693198091
87000 1.8202400695134122177 3.2472337615991198057
87100 1.8599853925824014755 3.4127431166246000593
87200 1.8246988635114511634 3.2802809402439301323
87300 1.8257908437589815964 3.7060325083112202194
87400 1.8527293352275562288 3.6321461848363401081
87500 1.8769018334611102805 3.4555997158607998365
87600 1.8213886766119309346 3.6940700834958701826
87700 1.8062835626712840931 3.5750784492592799779
87800 1.8136655786490489817 3.3251712927105598894
87900 1.8306794151445171526 2.9015006552141398011
88000 1.7919708708741555192 2.7000219847787798599
88100 1.83574500118720918 2.9389567903370199531
88200 1.8082584198536337805 2.5961768869428700768
88300 1.819202386387981818 2.5864778962868197887
88400 1.8221295918936100122 2.7638065516747101213
88500 1.8511313951560677271 2.9750253396112298354
88600 1.8156553932281669361 2.4143855492887200676
88700 1.8381500735204148178 2.5901978730332899659
88800 1.8399100691723320189 2.8887090726050899114
88900 1.8623144768387240866 3.2571068941640799466
89000 1.8149947744488343915 2.5791241212194297994
89100 1.7819098076686303855 2.8488465885340099604
89200 1.837096592328302469 2.6131574057593600635
89300 1.8251806307807389995 2.5926886085995399789
89400 1.8399617396085579113 2.2955793331034399785
89500 1.854135861902497906 2.6797900921272299612
89600 1.8438738406322146002 2.6947380730884900046
89700 1.8435609684271658804 2.233279170298830163
89800 1.8371813822074494205 2.1955675242205900943
89900 1.848754010889709587 2.2315087286509198705
90000 1.8370385048307666942 2.0126476860792799073
90100 1.8284443368204290614 1.696489709147390057
90200 1.8559915124499517525 1.9187174743214598926
90300 1.8259900900938859092 1.4899914957880100452
90400 1.8013138347652133398 1.1098130474351299846
90500 1.82450875108947419 1.3380989652533499257
90600 1.8298553272572937178 2.1133594486688900282
90700 1.8332108835805971392 1.8041402071096099835
90800 1.8501026669047895279 1.7616480083747800833
90900 1.8128462038797428235 2.1213332859188001045
91000 1.8535651298976982826 1.7392721222548499505
91100 1.863834134043240276 1.9871708243581800435
91200 1.8434435236605162256 2.7439274900947299152
91300 1.8415544457486825447 3.1418749475485299172
91400 1.8546428857821783964 3.3139327778418499193
91500 1.8427647548299259661 2.9227728667018100239
91600 1.8435113345649127847 3.0457656355723399244
91700 1.8196575398837115944 2.7882403119109397949
91800 1.8432867098017258201 2.8917117321755800852
91900 1.8489162795088605051 3.3676363953452499445
92000 1.8256805166902110305 3.4330019448384598846
92100 1.8190403312001715008 3.6343452990972000549
92200 1.7919465999194330585 3.3224434610891497854
92300 1.8441224357320564753 3.5575013726728998975
92400 1.7922487927953507647 3.2668712511519601982
92500 1.8005750362309882462 3.4110699109715998389
92600 1.8023259702710672236 3.7234782662310399459
92700 1.8295103438251782979 3.4616604530786698746
92800 1.8285860107152143161 3.2838721011794600457
92900 1.811305278986719669 3.2563656033129699807
93000 1.7990452975570816463 3.0962217622853498433
93100 1.8138299034899016959 3.1800298609376000947
93200 1.7949923560594727157 3.7055158739288098779
93300 1.8186855688343090964 3.3544343009309298687
93400 1.8400696477990576838 3.0259467335975900326
93500 1.8440239173067836109 3.5618237704485697925
93600 1.8535318964895897142 4.0546797290110800915
93700 1.838522476367517644 3.755887557259709908
93800 1.839500957795715097 3.8451038370425498769
93900 1.8288889862688275656 4.0998741473689497283
94000 1.8226771965297177136 4.5948590605282797483
94100 1.8108923501117459853 4.351145735180780072
94200 1.8173668888776146613 3.1490237603564001923
94300 1.8064984880005425794 3.1586804302171400671
94400 1.8474100522527441282 2.4286601810040000515
94500 1.8171847462569266085 2.3703030930730699666
94600 1.8338853565097013032 2.4866059543727998538
94700 1.8635053115846880178 2.4552273276485498954
94800 1.791357656458387515 2.4130046664737498929
94900 1.8000845088658676829 2.1346125035540999271
95000 1.8277932216917449626 1.9670979153542100804
95100 1.8442716204104654398 2.1026389418488800054
95200 1.8501874955427077829 2.254354775474700201
95300 1.8387951921113978582 2.5846329656162101429
95400 1.8002815591820098273 2.9119597993198200747
95500 1.8461514342307612235 2.2021919241153598001
95600 1.8560720389892646498 2.5661826927474900018
95700 1.8479130774618746091 2.7482429874029299377
95800 1.8514672589558665017 2.8733771711261502091
95900 1.8719641491309326753 2.8574742644164699001
96000 1.8386204150029039628 2.5680307826701200824
96100 1.8154690743193375724 2.4787781626793901069
96200 1.7706827691749422726 2.1835298900928701293
96300 1.806103365517211401 2.278011228747530037
96400 1.8316985669423402339 2.2598986934842399954
96500 1.7952867501383098503 2.3598609229141400689
96600 1.8458347743381446904 1.7268206410090201075
96700 1.8301088299377796798 2.2974270629583202208
96800 1.8103544850372632613 2.1826015266881801935
96900 1.8201337588701813619 1.5314547044540400833
97000 1.8415311488895207415 1.2689957830550699924
97100 1.8404332036020696339 1.1815054176483499315
97200 1.8510351792488324296 1.2948901059931698931
97300 1.8674365472788585496 1.0262491249504599455
97400 1.868430590400266933 1.0988002642306999856
97500 1.8542667557050342975 1.4267098297649600802
97600 1.8483472875276307779 1.4180666707811699911
97700 1.8443730273225913407 1.4398015730650499666
97800 1.8281919423285273307 1.2112301566563898891
97900 1.8083684527898313821 1.0457031241295500212
98000 1.8875193320109053818 1.5292765240443200181
98100 1.8650207336182187401 1.6179499163376900306
98200 1.8454051916470455286 1.6829180865918000887
98300 1.8840206172190383516 2.1201177225899701106
98400 1.8659936057092181283 2.4517426464451999024
98500 1.8373428233860258363 2.6455553198833601236
98600 1.8227322747284648852 3.1899062084899401093
98700 1.8541582858864662509 3.3281780574117099114
98800 1.824874072708103645 3.2617207458270400799
98900 1.8617193622029941658 3.2661170084158102078
99000 1.8835658828749703986 3.8244561152807898807
99100 1.8899178354916807976 4.1057896982805797137
99200 1.8205385653403240998 4.103239440186720266
99300 1.865472602313203776 4.4604568120124898911
99400 1.8197939404571090716 4.1751997176198303308
99500 1.8229442226890872902 4.0567852719177599496
99600 1.8491301319262938296 4.8233956939648097162
99700 1.876472717058667028 4.7324035302996998453
99800 1.8725304956800439271 4.742261685598919918
99900 1.8668600304969711345 4.1307530029823595896
100000 1.8411693337706251938 3.2685898095613001857
