Step Rg Re
0 14.379986186346329191 48.830371207957199431
100 14.369296531617731461 48.551929746662096932
200 14.197246840358531017 47.08428482658400327
300 13.885516447881279589 45.145822117427798048
400 13.462311234167138707 42.882703604959800714
500 12.936126986670839045 40.696849318925302441
600 12.353145346646511982 37.899770750769299354
700 11.726271137003317691 35.079815366381097874
800 11.067436062936948815 32.075577775584896756
900 10.372217123876692924 30.049640028255200974
1000 9.6486955898851061164 27.478120396113698831
1100 8.9099702555031097262 24.661542575876900685
1200 8.1618456136695378689 20.96428417889579876
1300 7.3923781343533958577 18.578472302513201697
1400 6.6215642352952137628 16.995507389548500043
1500 5.8523483136568312801 14.323335853667300555
1600 5.0742337605560061675 11.817292256997799171
1700 4.3510011650434448072 9.6402167930049404987
1800 3.6078630600933472294 7.9577697650240200034
1900 2.9577750754443141723 6.2608172773829400271
2000 2.3805909299108467536 3.893988546180100041
2100 2.1210033621003083759 1.7294658115770700224
2200 2.1543653559801794195 1.1240074578847600861
2300 2.3156410923776258315 1.2169678139241899562
2400 2.3455902392026897196 1.5173730421581799188
2500 2.3547384914781326337 1.8410883559139199495
2600 2.3544095172182699649 2.2094869340745502129
2700 2.1430167924717822281 2.3898794341905400529
2800 2.0630968866697512176 2.7792828932609299208
2900 2.1416782295078751197 3.1366623315050201626
3000 2.2423603661946676091 2.8839353508715199759
3100 2.3173006859295952609 3.4208252667288201465
3200 2.2597042752952396505 2.17692997743845984
3300 2.1797479549806211274 1.3604502350901599428
3400 2.1393966013717156116 1.3643899029964698943
3500 2.1067960953211239961 1.471105425783240106
3600 2.2201866282982254397 2.4918553347078198357
3700 2.30853775887735857 2.584952652888830027
3800 2.3161533683779667037 4.1820091567965995694
3900 2.3503274830813092322 5.7515339555461295618
4000 2.4409266744952571315 6.998780752457220089
4100 2.4263614175006344986 7.0164660933018696554
4200 2.3934539360054567503 7.0918106615127696202
4300 2.3548350903924193389 6.8477443983424999274
4400 2.3431746440185596825 7.2003501576768798031
4500 2.2702380765273040275 6.791174117479680028
4600 2.2496720276010666595 7.1525042325841203805
4700 2.2012451784431474877 5.3068987337328703546
4800 2.1097275394714047891 5.5323516308245901385
4900 2.0247807453163426672 6.1907310404644801949
5000 2.1421588209218205279 7.3967409851713297186
5100 2.1976314722037693095 6.5964702758931501592
5200 2.0700030098605237683 4.5225391195110100639
5300 2.0947309370714788379 6.0222000924776803998
5400 2.2740991126481890916 6.7811270537820096393
5500 2.4350012319662286409 7.0440791531691999694
5600 2.5907100110511014357 6.0928225712904300337
5700 2.611603251009819715 5.9069889208933403779
5800 2.5640575228407280761 5.0108036825282296078
5900 2.4477651727849263352 5.3122693148557500464
6000 2.3904710790125838216 4.9633324868534600682
6100 2.3254135736043211047 5.0319963267006597718
6200 2.210525765201680759 5.4836103995496303654
6300 2.0469248405282658432 5.8376576260213202119
6400 2.1437456819950893028 5.2578361988470101451
6500 2.0283281623272646499 4.2466577092745501076
6600 2.0705957895313811257 4.3977771970588497297
6700 2.2292619687137542606 4.6993569470734097848
6800 2.2640206215018614522 4.6208193366132297442
6900 2.2327077578572378513 3.6302769781826897955
7000 2.1623152273239991672 2.2462320486892601856
7100 2.230501365191260188 3.7595075838593898787
7200 2.2447431342772810048 4.5095705808164003869
7300 2.1209256360805226471 4.0684250046142800272
7400 2.1640191071799055322 4.6508550720731802741
7500 2.1639028300315952258 4.6517988594095296406
7600 2.1415650177302736346 4.6136326409367800494
7700 2.1382167395341200589 4.7421100199793402297
7800 2.1848625734786866204 4.7300212051128296409
7900 2.1062550702413127546 4.6869835167108302443
8000 2.0570500269038269892 4.4228441131415801024
8100 2.0601325808104413717 4.3705779625009704148
8200 2.1760003657267321664 3.8866655922348201102
8300 2.1098288679556218561 3.4001965991266600575
8400 2.1252663931846766943 3.119957701332220168
8500 2.0705294459740293256 3.1370228106217799002
8600 2.0640338879217012824 2.1849575716679301429
8700 2.0653407507733323456 3.2740494211682498182
8800 2.2137945213186469573 2.4416792621889897852
8900 2.1881101976989243418 2.4033771598374698009
9000 2.1276591419803372318 3.3903910382396800216
9100 2.1030401120059285525 3.8321251820164499158
9200 2.0965443634646581117 3.930064327598650209
9300 2.0693572037985217271 5.195145084248499856
9400 2.0513294295335535722 5.4092852694706401451
9500 2.163769522941224821 5.8033734541100399085
9600 2.1788059317454528951 4.9080848396434095804
9700 2.2200506686868894946 4.7367476296736699126
9800 2.1339497695622058338 4.6619817109486199058
9900 2.0775173357914149541 5.1166815581527895773
10000 2.0930384930651286801 5.5476873005051299259
10100 2.1058151674434673062 5.1825316428150998149
10200 2.1452466614098884001 4.6802294780777495831
10300 2.264831053613552303 4.6539605439370301809
10400 2.2080559491412135031 2.9530356247109699197
10500 2.1081165395104299876 1.3662293423213200949
10600 2.1394800405041887181 1.5437462769309300281
10700 2.1484694534521397991 1.9691622371191599417
10800 2.1177111670035189128 3.2230954519563601579
10900 2.222156213356281107 3.5828208826407501597
11000 2.1520517923431059515 3.6114760481965899608
11100 2.1546530746128822464 3.0782413855601600261
11200 2.0320496731738084684 3.1614411368713097872
11300 1.9604484198168607989 2.7544537443828498446
11400 2.1282289224194879118 2.5284533272322100572
11500 2.2011916382463407871 3.2496165173643900559
11600 2.2722343109677871631 2.9092336009670800578
11700 2.2050061281936117474 2.1634762220492200768
11800 2.246606523156392754 1.544030912159050084
11900 2.2276653706960414247 1.3869799371737299154
12000 2.2356578771882866796 2.6770684616950402024
12100 2.0716736285274963691 2.9368701493027300486
12200 2.1155116766875314838 3.0132275112602497913
12300 1.9920951777872664135 2.0937047995909900955
12400 1.9927955183744694434 2.067909080545990097
12500 2.0776086726233566893 2.7673606669174199979
12600 2.1634755127453324519 3.343156146894670222
12700 2.0775046702729578207 2.8463797902636001069
12800 2.0556284730091816115 1.8671397532795099838
12900 2.0224173138122374382 1.5169986513036499698
13000 2.0727358687792394321 1.7946866405244898957
13100 2.0888037361026605687 2.22758006076252002
13200 2.1236720189713018669 2.7941448226437399782
13300 2.1360627138518593071 3.288666397346020176
13400 2.1388402131770245518 2.7463152466463500723
13500 2.1877124488216779241 2.3507019294280300237
13600 2.2958551617922378085 2.1090297185510897826
13700 2.4050759264258294579 2.7094309821651099135
13800 2.3602662768503437363 3.2346415401098598252
13900 2.2704194621764908213 3.2541189983412199815
14000 2.2320559580202372629 2.5767302574774602064
14100 2.1390340574790109862 2.5836563508992398397
14200 2.0895293825632093032 2.8637346055907699771
14300 1.9786723415354823263 2.953739437221249986
14400 2.0501825640230952885 3.8137359657200100571
14500 2.0882341282017096162 4.0201650511714897007
14600 2.0590021396333262338 3.8366757973175000807
14700 2.0069739422660801687 3.0977215441502101712
14800 1.9742519212058011746 3.0305530561209201856
14900 2.005748414474122665 4.0762346120312695774
15000 2.0708040968401375537 3.9415080049231900894
15100 2.057452117941921621 3.6639579621054600977
15200 2.03368029797607619 3.0084462597983399057
15300 2.0121646971308067009 2.6907024125243799162
15400 2.0504763905051062167 2.9675207094097801885
15500 2.1040118463734924781 2.941080837694099781
15600 2.1000563014857682731 2.8067646376154500309
15700 2.1376585727934220849 2.877860771881670221
15800 1.9684333655396100138 2.3957825507421799394
15900 2.0161537394970485693 3.0046028301458997944
16000 2.0400091921730925115 2.7491722155201698818
16100 2.0297187608006641568 2.6193045090981099676
16200 1.9492061763619015213 1.5438578172492700702
16300 2.1202307923815730817 2.1584753141238799401
16400 2.2038465030177913917 2.3387721759098498708
16500 2.2105902855252574923 1.5652620515410700097
16600 2.1722431606018908212 1.2966246475776499469
16700 2.0744691419498662022 2.5023143792593400825
16800 2.0668532743263043905 4.3416017418510604031
16900 2.0738583725217973885 4.8667426754431897251
17000 2.0844622625006663519 4.8525443965796499768
17100 2.003202057013906412 4.3667010970327195807
17200 2.0422885358432143477 5.2705465564562201664
17300 2.0491617160518398322 5.5982513859316398452
17400 2.0133248194075474835 5.7916377403414402991
17500 2.0472403116062638517 4.963379823664870294
17600 2.118060862431771163 5.769525675056639713
17700 2.09996785218122195 5.4496197850582301925
17800 2.1152260784393774884 4.8459671065828997527
17900 2.1348836024950679224 3.7376252687970499267
18000 2.129352790442883947 2.777134543952179957
18100 2.0256863539298048948 2.4367219788748499809
18200 1.9264479116317756446 2.2897777941399097834
18300 1.9739971556492630356 1.945441171464949992
18400 2.0275641288013734886 1.023365436890800062
18500 1.983311385585631248 1.6051837094685899032
18600 1.9959634387635802888 2.6398015083433099548
18700 2.008889622331049285 3.7229802282408299696
18800 2.0253423649586466126 3.7112848588514602
18900 2.0728906547292802465 3.1126527169933400074
19000 2.0623801963861780884 2.6388761387283801163
19100 2.0319750089540833393 2.017121890549490093
19200 2.0111268707673244371 2.0263489643897898418
19300 2.0439572628197915094 2.8260568236530998476
19400 2.0358118518465730951 3.1902191531071100172
19500 2.04168012299111723 2.905058474738429819
19600 2.0857249248941536202 2.9060508049114401885
19700 2.1007086995018089404 3.3439511969539799097
19800 2.0191469052260671013 3.761316506058910214
19900 1.8924707499913573372 4.6128042719989696963
20000 1.9686549344444315146 5.2560069250671697105
20100 1.9967231210105853556 6.1058229319740098262
20200 1.9290290093457471698 4.5140706701801098788
20300 1.9896520894622602427 4.0525102655654698935
20400 2.0140882268197124461 3.9072558688165899277
20500 2.0054872975726256712 3.1780862434980599041
20600 1.957645243550045322 2.8375210134591402067
20700 1.9594209013625909499 2.186922146178759796
20800 1.9677015359831471208 1.7192026506307700462
20900 2.0498496024351879896 1.0623627106135000719
21000 2.016748150136046025 1.2645114333155400566
21100 2.0603059162726147235 1.9172327178916699353
21200 1.9815040678562423349 2.03796851306907989
21300 2.0325487688583443457 2.5754919447075601546
21400 2.1204026364911858771 1.7629837032026900445
21500 2.0715650862984444913 1.8195656552871499745
21600 1.9875685565022609413 1.9876971375731100622
21700 1.9672170142833349527 2.8344773751702199149
21800 1.9707813864732439679 3.050220385067900164
21900 2.0168777497182475145 3.8297572060896900581
22000 1.9728573487691845045 4.2695048715053598443
22100 1.9235054475126065476 4.4444592220599004051
22200 1.9317618857864833348 4.207393447189259561
22300 1.9545875911615231413 4.1315939966131400851
22400 2.0672397632134358325 4.4756995334769298367
22500 2.0433943341006810535 4.2742013311673598963
22600 1.9708576888449294007 2.6798495600992300325
22700 2.0001064650545048451 3.021772322579320047
22800 2.0732875602477593979 3.5389501849937898825
22900 1.9870135308958645215 3.0990321240331399899
23000 1.9107323368784911999 3.2567507004769500334
23100 1.9168234488918887148 3.6426225656222599447
23200 1.9258129925507510016 3.9005278716132401051
23300 1.8788733884216157755 4.2586898222165103789
23400 1.9417865045039226501 3.9347947779854401951
23500 1.9365684943284549036 3.6794783485461901584
23600 1.9074488772290154603 4.0363177667784198022
23700 1.9783501421257529973 3.2753919046377899527
23800 1.9663231288979752254 2.9134055117228001563
23900 1.9464321068606751375 2.3710574064886098533
24000 1.9091242987402357034 2.3329814989586799001
24100 1.9708242249993894735 2.3266016892151801798
24200 1.9605180552691003903 2.5168172905000898432
24300 1.9524169090616951827 1.4851652604716600869
24400 1.9405284039303909438 1.3882334087874799167
24500 1.9371536977005709979 1.2801327766668499919
24600 1.908232011554536367 3.4737360473439999886
24700 1.9861068421669241246 4.6037900897963401903
24800 1.9991813595141592064 4.4559309684669399232
24900 1.9195336050249358628 4.3005865301644901066
25000 1.9176301056694669001 4.4192940114040002442
25100 1.9448023852752196472 4.4127419455005600923
25200 1.9354389775584333044 4.141826345667950271
25300 1.9116464013316110115 3.8507927431919499739
25400 1.9543162438001751013 2.922353639411389814
25500 1.9441601908927321762 2.7511516322455897843
25600 1.9095098545433761839 3.003563743544249931
25700 1.879020996222306783 2.9927461458588000554
25800 1.9062429954945583344 2.8683484048930800725
25900 1.9191668479519785606 3.6556492464292600353
26000 1.9264601420310250024 4.2269785561200299284
26100 1.933061863681164505 3.3062151161350499251
26200 1.9543252519043485815 2.254575105324290174
26300 1.9992406369508073372 2.4342348151243999865
26400 1.9958880897024477985 3.3454274236409800025
26500 2.076440905007634008 2.8286502355184799384
26600 2.0196070147705205144 2.6394976267616399035
26700 1.9266705974115021505 3.3447662836196601077
26800 1.9062166324356060176 2.5666118959341099881
26900 1.8837664145699744012 3.4595365581445198799
27000 1.9548561509558219917 3.0540592041241101384
27100 1.970947400279610795 3.3027015952896299211
27200 1.9689332769374290333 3.6317404933897501351
27300 1.9257867416157381513 3.6907089031702802195
27400 1.9238265914832946013 3.7818972388832201581
27500 1.9531876513974437692 3.7804265985913900749
27600 1.9136857494041852323 3.1438954837153199051
27700 1.9108128121631213769 3.6949659459088599611
27800 1.9613426684221606511 3.5987959961829401045
27900 2.0307455789832435933 3.2279091683617600061
28000 2.0346282600787577444 2.3917337535886797895
28100 2.1280282741032436888 2.3692462694934102174
28200 2.0039097604522235763 2.5855159443984301326
28300 1.9355561734757340542 2.5852736057496801259
28400 2.0187365039289892898 3.0375941672707900132
28500 2.0191563742373870305 2.8741708853514600364
28600 2.0030066015119585288 2.2747588819706598962
28700 1.9855341417182372776 3.7290381886091998886
28800 2.0016203611973590881 3.1189036426945300207
28900 2.0374681394063514084 3.2626320844346201611
29000 2.1368870903606334011 3.3880681436933399731
29100 2.1676995189949015419 4.2160873690474396369
29200 2.0443976760487010402 4.5502152038517795773
29300 2.0067950755133443508 3.7439379406700399322
29400 1.9935281364423209638 3.174597672308640206
29500 1.9588300556946038888 2.5426057753517601334
29600 1.9342100171697611533 2.712085284503519933
29700 1.9403324215076267478 2.5791033860062899663
29800 1.9738933754105290053 2.6657924740865799329
29900 1.9612308977749350891 3.2035191128854800802
30000 1.9237468212835340253 3.4567858332841701063
30100 1.9771463783039120443 3.7512636737167799339
30200 1.9036016427166777554 3.138482835992010056
30300 1.9211893496037015794 3.7525243957349498913
30400 1.9439616775454136022 3.965194697079470032
30500 1.8931101114804325114 3.5622531144330098485
30600 1.8500154270982074323 3.3910682502731099852
30700 1.9274108788844188656 3.9193405866666699566
30800 1.935784152406400338 3.7992478689219297827
30900 1.9136785653043577593 3.308231584309900164
31000 1.9603106890573525067 3.3062982981348199019
31100 1.8820846227685357199 2.6487419775636298347
31200 1.9800076443983265495 2.7440953353052401908
31300 1.9430403170703152149 1.880436735879839949
31400 2.0070558469327712814 1.6996402039320299693
31500 1.8542939135321057087 1.8548437866054399148
31600 1.9477018129928644896 2.5192637569974998257
31700 1.986486503482380872 3.0658889668444699872
31800 1.9617065171502106047 2.8985874308343499983
31900 1.9243608364806803479 3.0111782778451199327
32000 1.9332468256201063017 3.1165534039753399753
32100 1.9296325557631974768 3.1203115580040701182
32200 1.9207602344721086407 3.9447881702763201162
32300 1.9405419838008686195 4.0051572589808097646
32400 1.9043488037267637392 3.6865126721011298727
32500 1.8744461784344452759 4.086785959643339794
32600 1.8925514966611871603 4.3664027257286202044
32700 1.8430922829240228289 4.4970477589319797218
32800 1.9262974482517902786 3.9475515258971700661
32900 1.9267167258956909848 3.3819096648611202127
33000 1.9209534439281072959 3.2707942612464901977
33100 1.942762781035462627 3.672451138243740143
33200 1.9366985774361178407 4.2262063862333203446
33300 1.8597852014355085171 3.7422702599140400537
33400 1.8843058158593470885 4.3144612680837504115
33500 1.8868925765479651613 4.0376004049124096795
33600 1.8666977658686132457 3.3596540809617700951
33700 1.8768768696942161878 3.5609002165651402194
33800 1.9045581837016438698 3.5983977510681701695
33900 1.900671140060683495 3.7458521391410402046
34000 1.9603090667109437373 3.2522966405067199602
34100 1.9788785921818046187 3.3403504028677701854
34200 1.973184170067730836 3.0300293061978598175
34300 2.0131120297286941856 2.8556110015192301965
34400 2.0279710640742414363 3.7794997731102100147
34500 2.0191609017707898843 3.4437666388973298126
34600 2.0122124793674496246 4.3875050206907602046
34700 1.9226002286464474178 4.1509375464059798944
34800 1.9289267093046096324 3.7677717789880298405
34900 1.986553988027278006 3.8604073136363199481
35000 2.0204734157225345825 3.7897156848081099412
35100 1.9172431549849133781 2.5700286484910801477
35200 1.9966061082055719389 2.8573980723810699089
35300 2.0406244677763685225 3.2442235215814299032
35400 2.0018088429848632792 3.4163670005572202015
35500 1.9732247276862193708 3.7528570454919898403
35600 1.9521838023495980963 3.9071080965823101749
35700 1.8988451916523398921 3.6250583696363398722
35800 1.9367424841060429941 3.5270880440050698112
35900 1.9272506815694245841 4.1222644403982195982
36000 1.8945597212370681728 3.6537568874662400553
36100 1.9461277009185187215 3.852002822831490203
36200 1.9681008998062408111 2.7961761025662799085
36300 1.9409787104360547438 2.334762682451359872
36400 1.89829285706855444 2.7387339033704400926
36500 1.8855948547193617237 2.2912497746975502011
36600 1.8981037195124721428 2.722159390863600148
36700 1.905125297572252796 2.1683184759041598255
36800 1.8904361477794373592 1.9428483836023100473
36900 1.8708326954831395739 1.9158878967483699007
37000 1.9105271270808066308 2.2811112284811301265
37100 1.9335450373000286906 2.2038555944795801267
37200 1.928341947639810039 2.2949964157421498534
37300 1.9762926934303750581 2.6860227680937498462
37400 1.9557761211390638501 2.4271023266507900651
37500 1.9358932968842781364 2.0264735111111900068
37600 1.9898858861437707102 2.2872021411408098857
37700 1.927280686999888637 2.5879250547993901677
37800 1.9331495873685506925 2.9387477441757301477
37900 1.944936644105508039 3.8822598131172201263
38000 1.8756806758628066234 3.1196264929572699032
38100 1.9063461548724955907 4.4330900138211903894
38200 1.9206714448668624762 4.2930225460868598475
38300 1.9205216165207348311 4.1597819608246497936
38400 1.9412246830533412822 3.6114227043650402038
38500 1.9683531440289265824 3.0378618159521000308
38600 1.9665087608123426044 3.9656071869828499743
38700 1.8833183282738263919 4.6403837088540402789
38800 1.9385824911178439756 4.5535419907796397254
38900 1.8789798553865102448 4.4499820606851399063
39000 1.9068648374279637547 5.3790558623567203966
39100 1.9674054223808012942 5.3989035902446298465
39200 1.9649131459709290315 5.2441094568770996176
39300 2.0132589694658866719 5.5222073656236503325
39400 2.0314836649483298814 5.5138245897560498321
39500 1.955815620181743375 5.4335981022580801536
39600 2.0352105514400502528 5.3537298545717399989
39700 2.0542452151150096817 5.3554901277078297284
39800 1.9410085104685077528 4.8531874551759903724
39900 1.9323159789079800142 5.1125191101801501503
40000 1.9395693285392041627 5.0721744776226298512
40100 1.935374630922385597 5.1148538135418801787
40200 1.9049566123148506946 4.3045060351230999274
40300 1.936322791804677923 3.7205744284453401427
40400 1.9365364227385610807 4.5778339494591095971
40500 1.9137565782201542142 3.9774064246099598563
40600 1.8203434200531678488 3.1091981403396200534
40700 1.8732121649359219084 3.4458423029233800072
40800 1.8834067051092466816 2.824466947830800212
40900 1.8608102752816375602 3.3092364813818599956
41000 1.8843896523731165082 3.3388623914630701783
41100 1.8807085080462153659 3.2230084851871398932
41200 1.8553490868327642271 4.2389999476879802742
41300 1.8823627297146188209 4.0165496408164500508
41400 1.9031906862909131473 2.8522872691191598626
41500 1.8691402128517704551 3.0869310819304498494
41600 1.9001221576554467863 2.7025269402786298301
41700 1.8753635803476784716 2.7947126897377798649
41800 1.887599930190295705 2.7640971618899299322
41900 1.9063766543728513092 2.0687338671856498884
42000 1.9101774356795242493 2.4965727863392301877
42100 1.8739311577489863314 2.5618749176682698021
42200 1.8201552958921074499 3.0702706345765498064
42300 1.8468500008178194705 2.9783427066249301696
42400 1.8698873233650785686 2.4797273617386599298
42500 1.8915527557105540346 2.1282891701688502195
42600 1.9427959403944756733 2.3142575849210400563
42700 1.9144071690754160819 2.458498360038849917
42800 1.8901223600530703273 2.5502759694706500504
42900 1.8544033594351072569 2.1165212353253100019
43000 1.8332914493006495782 1.1953270022689599372
43100 1.8662548699885730397 1.0398523723793899887
43200 1.8965266449935247461 1.0738878226187900111
43300 1.8627808872212459068 1.6805758131479699991
43400 1.8675435961254460704 1.6801444350911500791
43500 1.855307109542474242 2.3528305334842700702
43600 1.8412952303279721544 2.7054416957243700992
43700 1.8547747157167235876 2.9976060494552898561
43800 1.8549819206447348829 3.0520600272524198715
43900 1.8598119775858295011 2.6339487077731598141
44000 1.9384819502531571711 2.7759619988200601171
44100 1.8811432774728422679 2.9209102816555398974
44200 1.8580638772164843608 2.8305682639346900764
44300 1.8875300388489171244 2.7590080952406901282
44400 1.8718156822140319395 3.0008750628420499673
44500 1.8250865146159218622 2.8147048036846600283
44600 1.8518415370366734241 1.7194669371772999256
44700 1.9325975494832297041 2.0411157736413798602
44800 1.829034722077581776 2.0501525396547499724
44900 1.8478831006261027259 1.4821438533034700935
45000 1.8525623993981263915 1.1258807008093298929
45100 1.8334897889847836527 1.5018495435145100547
45200 1.8531110118471703085 1.7325206046843200092
45300 1.8333964380782932224 2.5066547062184501016
45400 1.8784648274483441988 2.7844011836811999316
45500 1.8606356911734038828 3.034339434377849809
45600 1.8607279368116731444 2.7397123972137200631
45700 1.8639183076192875621 2.794427146696770059
45800 1.8854167120588583018 2.7707247268476198343
45900 1.8934418410284339362 2.7187186911415999191
46000 1.8889768729315763451 2.0516114965929501679
46100 1.8739679452355464395 2.5263740786251100978
46200 1.851925371824193034 3.0878494904663500442
46300 1.9302585861246570609 3.9982810590052197952
46400 1.888708061802898408 3.3487933934548399506
46500 1.9059722202667701563 3.3491533977276000122
46600 1.900492531454113232 3.0546492733986498891
46700 1.9413666458740153065 3.5520806998297898005
46800 1.89688161572333569 2.6172199412789201034
46900 1.8220206560322496081 3.107015468975419914
47000 1.8316140761033179452 3.0979678149481100213
47100 1.8749498072260892823 3.2825076681689999702
47200 1.8895302139409744235 2.6378171986478902156
47300 1.8162032299071995123 2.2064698914316998035
47400 1.8093531350116103251 2.2401322119817401735
47500 1.8181415554640012466 2.3073141635375100655
47600 1.7981638601506528818 2.5002254049846599493
47700 1.8570043532577724665 2.6431335116615399805
47800 1.838945326704292782 2.6401545309836498276
47900 1.812486993802865376 2.8356574972819599267
48000 1.7441205976361771057 2.8835319673029800036
48100 1.7973654785841981507 3.2503130515862102001
48200 1.8105429409962405796 2.960190263989809889
48300 1.8448646560345223211 2.3217185923932701641
48400 1.8861733322546976321 1.8046826763763599288
48500 1.90231999943425234 1.785872523081049934
48600 1.866965300936761718 1.1212751634357100983
48700 1.8899314298103115917 1.3731883274781100379
48800 1.8791505969231860895 1.6909003451066499935
48900 1.8523154767299401247 1.2142263818569301037
49000 1.8573265237952369944 1.2008568938484200928
49100 1.8610766627084167624 1.2509111258097500574
49200 1.8600475494952981581 1.6012835482366400974
49300 1.8503882248512673048 1.8346261038236999497
49400 1.866893545872782445 2.0305721658394801921
49500 1.8329184068773691774 2.343426567679220085
49600 1.8795445372554659969 3.0537319075059601303
49700 1.8923043587562604628 3.9710925970597101831
49800 1.8856154897739654253 3.7036584623608201916
49900 1.9334847538091732844 4.0563196114315598351
50000 1.8648139130504355343 3.1710625296642200865
50100 1.8568495886042872822 3.1064083061594898183
50200 1.8795498264249588249 2.4842676582562801535
50300 1.8860241636803039 2.5212169064657499185
50400 1.9116248057497180479 2.8286592702976998126
50500 1.8636386223334255874 2.1438546939439300232
50600 1.8246368777237658154 1.6864803433296400303
50700 1.88757296011952036 2.1584508672798801143
50800 1.8785381087084453977 2.5773504098073001245
50900 1.8972732403679717361 2.5837948849352900815
51000 1.8807184056291679219 2.2939982869382000708
51100 1.8491967558409605488 1.9455102551743799211
51200 1.8770205200542813273 1.8518158193283700275
51300 1.9064405089087679279 2.9061197601709598537
51400 1.8956550463960324393 3.1535930065418797952
51500 1.8496270415601203663 3.5751872345321298319
51600 1.8403752092038949684 4.426586231857720044
51700 1.8224893366999947997 4.2706024348689499703
51800 1.8348486626220086304 3.90011024465907985
51900 1.8242023390781352266 3.3248081113434899692
52000 1.8450881469133693091 3.8157616221808901003
52100 1.8529307980536986467 4.071223729089649801
52200 1.788771556309342925 3.6081443749156698608
52300 1.7955799238247327487 3.6415615357368000815
52400 1.80914219566056933 3.9662689691150201377
52500 1.8379683762760994359 3.9120007520409001422
52600 1.8016371133851101227 3.7686281032257200607
52700 1.8371079841772488539 3.9471686123210698582
52800 1.8435588032563223759 3.2396673667905497851
52900 1.8663561349263919631 2.8851597438808900264
53000 1.8817164480883146194 2.6436770018890798362
53100 1.8686627996714628708 2.7989281310866100938
53200 1.8579663011596452282 2.3233235628423800634
53300 1.8407974187361542118 2.9330490255009200595
53400 1.868767240660785145 3.1993022996165301208
53500 1.855213412737713341 3.2203311614937097929
53600 1.8746177465486861813 2.8240018875041901225
53700 1.8806025560892016824 2.8727100540888002023
53800 1.8191596660212190351 2.8393369608907601531
53900 1.8415491862833250902 2.7430548003401398205
54000 1.8511527056120102852 3.1794579788915098284
54100 1.8386084982196351234 2.862967907504089915
54200 1.889718273077958699 2.6681648628807499435
54300 1.8237961212222686402 2.5804016713555100182
54400 1.8209599647093259733 2.8949269047410899347
54500 1.8743312538225898045 3.0134837673629499832
54600 1.8124616513845812626 3.4113807965123399413
54700 1.8490387715125449208 3.3366639244738398595
54800 1.8903472121695412689 3.435219972019309953
54900 1.8491489439174311205 2.9614549319397101002
55000 1.7758072521761461005 2.7271185348283801808
55100 1.8775028762772021373 3.1154071120900002079
55200 1.9127712976161541647 2.2441045046274799013
55300 1.8188824212342729059 2.4859305643503901706
55400 1.844662417934551657 3.156836259893919916
55500 1.8518811848284681965 2.7248939705831300984
55600 1.8483277098455341836 2.8517129249605299712
55700 1.8669298535148601825 3.0950684485098598486
55800 1.8825268997789692538 2.9948815601558997912
55900 1.8497976080761617812 3.0356671817581899475
56000 1.8453492870172860663 3.237586473509450169
56100 1.8154946341525488585 2.8292903826985797977
56200 1.8034175150823252842 2.2991761943619302144
56300 1.847112440325311411 2.678946255374880181
56400 1.8125206323824616383 2.5875325956079300305
56500 1.845570164845291794 2.58605281363236017
56600 1.8521951873391686583 2.2118747547156201172
56700 1.846008768115858123 2.1313000104664499013
56800 1.8536274399574745875 2.6435743871103598579
56900 1.8616388929167755339 2.9990862819081698376
57000 1.8572806681911364635 2.8500523742075398737
57100 1.8251129139657289446 2.4653627616542999057
57200 1.8948587825658533834 2.3119726906008000178
57300 1.8544619157735438009 2.3909924661772699039
57400 1.8161142545428019535 2.2027645692170598757
57500 1.8509922955764042118 2.5058912790913101531
57600 1.849310185164676712 2.5345921122468801912
57700 1.8386102086610647266 1.6321813929011499411
57800 1.8211882253152833488 1.5445272967944601028
57900 1.8398931412160999255 1.132923797715700065
58000 1.8552164905147818796 1.2853570252884400915
58100 1.8268746334637042672 1.1868788213280700994
58200 1.8725957105606034769 1.7402726282444900274
58300 1.8971483873969592349 2.0896537230741101254
58400 1.9424340150432986007 2.4933931776374800293
58500 1.930122788852678184 2.2174368412770899539
58600 1.9255234581596238908 2.4067828180342800692
58700 1.8925790606945713801 2.444892492721379984
58800 1.8642697995157635482 2.5624020349739398128
58900 1.867815963933465051 2.2675000104060099027
59000 1.8580251961054845555 2.1077421950704398057
59100 1.8404513331674472454 2.4229697342300799967
59200 1.8610972257016018538 2.9244285621634400485
59300 1.8437716128513976788 3.6572955398603199662
59400 1.8087590691515507135 2.8261609227690800417
59500 1.7834387290063147269 2.2977055393809999728
59600 1.8004982138210228193 2.0729328514401701433
59700 1.7912803558480674404 2.3783528753141198742
59800 1.8123988271520630189 2.8458892931875898746
59900 1.8046604607552483301 2.6394305704442899696
60000 1.8114126293359726905 2.5272221699360799541
60100 1.7841444682188674076 2.2072829149325299269
60200 1.8320443121539811138 2.4951177573584901737
60300 1.8212089776934214935 2.0778179390170201657
60400 1.8549458635203806001 2.4091481910311598469
60500 1.80232367893456491 2.2902234890840897918
60600 1.8593146682129351177 2.2099990253020198594
60700 1.8898876903491734769 2.5717461276088298128
60800 1.8222133212669533453 2.5194529799253602143
60900 1.7962406340380299152 3.1558855055820798086
61000 1.857527118622873008 3.5685298588558600485
61100 1.8524604852506971753 4.0126007170372401944
61200 1.8306847785900934866 4.2184256615339004171
61300 1.8892924278167233521 4.1115597956624201359
61400 1.8841670426962211504 3.5478595363167300114
61500 1.8996222575831800405 4.2809304224565298824
61600 1.8804709321135288924 4.6651037888346298388
61700 1.8854457142904930134 4.7905652245138696799
61800 1.8202502404483960063 4.0930760929180198815
61900 1.8100123471530216168 4.2896827451475996185
62000 1.7837349290938309121 4.1487573918715998644
62100 1.8164891949892598699 4.0048619712335700171
62200 1.7655093177717071651 3.312386395109350179
62300 1.803585028761668374 3.1088467156483701181
62400 1.8290668998188321925 3.2724554889925498991
62500 1.8170170237351204179 3.2662532391028999967
62600 1.7937508257413867785 2.6177222111553302142
62700 1.828851511083306125 2.7964825818165599536
62800 1.8572160924258598325 2.7242062665476001193
62900 1.8434339282812917116 2.6250686238201401679
63000 1.8493440605355684347 2.4237983297000997851
63100 1.8283982776111165069 2.4139559979677298607
63200 1.8306320759560772427 1.8319965526683099633
63300 1.8146846211856832998 2.2783022932143599526
63400 1.8355162454367377478 2.7047432908139898977
63500 1.8384816425349197466 2.5994464684650000486
63600 1.8252899531704196434 2.6317047312592398711
63700 1.8331212354017645261 3.2863313185522100568
63800 1.8380677046857822887 2.9597431885812599539
63900 1.8706514264273681469 3.1430956645966801055
64000 1.8226248267973288453 2.7889281734313198235
64100 1.8030328619907951548 3.9635254515749100968
64200 1.828385959459591259 4.2839126900391102382
64300 1.8301471205055745983 3.8225220160947199766
64400 1.8602468649024985758 3.9996440206819898755
64500 1.8189953540971102175 4.1594598161059401775
64600 1.802818594033290589 4.22653634847067039
64700 1.8460631896907406801 4.0001179643396795882
64800 1.8219627438497467686 3.5786727686344899091
64900 1.8114270078470620096 3.9567658418693301137
65000 1.7867707507090939689 3.5796534607849501697
65100 1.841484118026407879 4.1250654000787800868
65200 1.8092654575984450371 3.3149948643750799526
65300 1.8204260158446030626 3.676889872073600074
65400 1.8430958966715527136 3.1450789144802500097
65500 1.7748365787259308135 3.0725846047053200216
65600 1.8408304089531626335 2.7211321824831600225
65700 1.8343920250654126569 2.6196858290719999829
65800 1.8088874545595952092 2.801005330533690163
65900 1.8633350179686436476 2.8981617741727299098
66000 1.8428266180928896123 2.9005950812785701309
66100 1.8161681128010205288 2.7751267623559598974
66200 1.8294591857573485605 2.704249964748170143
66300 1.7982291398432848073 2.755942477123409784
66400 1.8061700053818328104 3.3608446126603399584
66500 1.8113814920876507575 3.4688947026907599458
66600 1.7904099384418379337 3.8102427236942899569
66700 1.7791843477788611416 3.6321971463366100608
66800 1.830889189982819909 3.8666306065681399495
66900 1.8326182744069645647 3.9465644821816301402
67000 1.7997813915072788937 3.3892997111727400927
67100 1.8142436642548447345 3.4687927746626399106
67200 1.8405921211864642029 3.6786348146511200774
67300 1.8046166125709666161 3.4566265308404497958
67400 1.7809882461805641718 3.965739670339909928
67500 1.8262508750870958263 4.623706376326490286
67600 1.8035780817162319067 4.3413084193298896452
67700 1.8072459035132322214 3.6713701381530499113
67800 1.8119395563704041585 4.0099163860282400762
67900 1.8177460706829902115 3.7382782496702597896
68000 1.8055061238908389765 3.3738603249002099282
68100 1.7900065108778004941 3.315913084889070106
68200 1.7961655571041703627 2.8721805784741798462
68300 1.7756553418939167166 2.9439139592915601895
68400 1.8066047861016532039 3.7006829417308400032
68500 1.8104864222524057471 3.0950489154409699388
68600 1.8290775251679018965 2.6738925586290398506
68700 1.8062800760100941044 2.0946524354373901033
68800 1.80081386891418882 2.2478018246614399622
68900 1.8175042290954841473 2.6747120458796698195
69000 1.7965976483163415001 3.1151218567668998993
69100 1.8350474078011465018 3.4268366707826398709
69200 1.8118190106556120167 4.1407188455768997315
69300 1.8195711645319740946 3.9762689722047199758
69400 1.8837306254790120441 3.7014734197322098908
69500 1.8135201033701737749 3.6847578579255801934
69600 1.7737254807742894869 3.6087002638367899898
69700 1.8059746956160893649 3.529547830836460065
69800 1.7840711653731418096 3.9592511239896102104
69900 1.799634290099267897 3.8419942220009799527
70000 1.7809631417739339998 3.8593010806075200847
70100 1.7490456176488993201 3.3378452873580499727
70200 1.7822135505590273041 3.0314821905844500094
70300 1.7949329500452257946 3.492092856075459828
70400 1.7856313484704304795 3.9126353386675698509
70500 1.7670709186412028036 3.8694872011257799294
70600 1.7695445130385853982 3.6642201015281798959
70700 1.7700658088413643299 3.4964127077454500991
70800 1.7888595459357166106 3.8341902429054899315
70900 1.8177520012434140728 3.7130226521447400323
71000 1.8098372210614719346 3.520420430815829782
71100 1.8036105459789193439 3.3038719757986498848
71200 1.80212627138580328 3.4406338525186499488
71300 1.7974420852871151322 3.3947005985894600499
71400 1.8212132458976593163 3.5373167005952499409
71500 1.82998830975378457 3.0981821408206497992
71600 1.8329692160505095533 3.2340304022634698278
71700 1.7811128866916292601 3.5952766820962498429
71800 1.8125996181959163067 3.1377600518064299173
71900 1.796823617920449534 2.6766669203228801166
72000 1.8027785801285045597 3.0221754171890298224
72100 1.7962058878320186217 2.9481043369891097861
72200 1.7713903578105156811 3.444211373382390029
72300 1.8137120748619701693 3.0043615968297801011
72400 1.8114252770030281336 3.1307172244864100996
72500 1.8176917137406469749 2.8338344567155901998
72600 1.8354291805463245346 2.6814371549734401512
72700 1.8030385522432275103 2.7713977292864799828
72800 1.7906143549117643499 2.6869467370140998064
72900 1.7902231881015908677 1.1954463697520800736
73000 1.7929748772190434725 1.4879179695916899817
73100 1.8158946193359162269 1.408425000030600005
73200 1.7994883098232443697 1.7137703670021400271
73300 1.7626493903314843781 1.6554272715809599248
73400 1.7688452940782748435 2.4489960200288400927
73500 1.8161744145133349448 2.6254964014079700263
73600 1.8105719054206848018 1.9608080171468100783
73700 1.8072895621185933734 1.7013130922473400641
73800 1.8250285344803638399 1.2430525874544600118
73900 1.7793817028988292428 1.0916505085595000768
74000 1.7867779255580569231 1.4105904976693999231
74100 1.791056270333220457 1.6616561440077199929
74200 1.7785991288449776171 1.9707294423390500082
74300 1.8060274576556540893 2.2723739244891598688
74400 1.8120986405276988673 2.9251564334569302162
74500 1.812951576822410038 2.8996594938614399517
74600 1.8453277083659951341 2.337547236414270202
74700 1.8726100320191105819 1.9006263078675200706
74800 1.8202022627589111714 1.9927910559781700783
74900 1.8109594276545428748 2.241534895719199838
75000 1.7837793561265118392 2.3397732162544500056
75100 1.7861266520765193277 2.3737685122580800545
75200 1.8091571545277189692 2.6839331414582501267
75300 1.8075641039119978437 3.2051805682806802089
75400 1.8025875986787063265 3.3561166867146199344
75500 1.7821112775106644488 2.840323728248109969
75600 1.7946027563442443764 2.9584781748176300908
75700 1.8100664543922446725 2.5134316061385701957
75800 1.8270614668059279584 2.720321103672179941
75900 1.8186358680297487478 2.5557367227757499251
76000 1.8391717594321876916 2.0924035575227999395
76100 1.8785294336654545511 2.7239248586729298829
76200 1.8453994911626345754 2.5826040817928102022
76300 1.7997885089472740461 2.1214257108493099757
76400 1.8130611852012232799 2.1242132627751799667
76500 1.7816223194090516913 2.3656380279392399402
76600 1.8031970490333533164 2.6934189279067899392
76700 1.7846073252712562063 2.4196004240969202215
76800 1.7937032610041994118 2.0526295459859200676
76900 1.8233015268193790703 2.176155875883840185
77000 1.8185910683850243785 1.9968499059630100412
77100 1.8190316235760681796 1.6826029538808200403
77200 1.8135140301450773936 1.5687365843350100647
77300 1.8124065392537662689 1.7528316049604999449
77400 1.8125722454763428804 2.0470542364585497808
77500 1.8097253591367135073 1.1324578409911800758
77600 1.814972461830681949 1.7500485733646300446
77700 1.815416116088451659 1.7743672316776999409
77800 1.8186469478315099302 1.6067403153526200743
77900 1.8033667708908012184 1.745570752458480035
78000 1.861708258651090242 2.2664050009308001066
78100 1.8053988759663053276 2.6346642837447697971
78200 1.8073241406466029613 2.8869669435166800397
78300 1.8091672059440258025 3.3729327128182298168
78400 1.7975734411613875086 2.996049814269230005
78500 1.8057356200395175971 3.0563575210454598796
78600 1.7674964527451033636 2.9726927804019900314
78700 1.7842524402670028039 2.9893016242578998032
78800 1.7855189483308744336 2.6993939164918701046
78900 1.7926626615265710551 3.0685789232577498353
79000 1.815077107605154394 4.0186937400372801932
79100 1.8164694092492825739 4.3137752790524999114
79200 1.8769941431124372855 3.9356959156923299048
79300 1.8264861624323494027 4.1478556576304699277
79400 1.8097640525329505845 4.2234404353680901067
79500 1.7730142900355423397 3.8908935330853799961
79600 1.8006798224683642218 4.2575129006575895829
79700 1.8129492190794924689 4.4545982178598597656
79800 1.8417626368053137131 4.5302055469677195987
79900 1.8204953348966617099 4.463992177244490378
80000 1.8072127336968519806 4.0294716126834302372
80100 1.7961542833345829351 4.035527292130789867
80200 1.838359966992725969 4.2702219108195400565
80300 1.8409602857862814584 4.7111325264365300214
80400 1.8427346191389579744 4.0082121683702203185
80500 1.7893284853886006758 2.9274042184854698334
80600 1.8028921670953506062 2.635060079641100117
80700 1.8384398005083613103 2.9139566538653500771
80800 1.8470629092543093819 2.9071819721235301337
80900 1.8504079098329464514 2.1060171023953899727
81000 1.8543785533475385385 1.8695721236244200458
81100 1.8261700006120999973 1.8890169626671300396
81200 1.8002670522566781575 1.8481895591543699986
81300 1.799795839198096381 2.3329796117095100705
81400 1.7776967551362781172 2.5246293167282098935
81500 1.785054066182587329 2.3824777525408098455
81600 1.8021102849223109565 3.1302636082160297804
81700 1.8415513684220865542 3.5970404285650001697
81800 1.8075356883070987646 3.578075740084909917
81900 1.7953583825547114738 3.5218145586321698559
82000 1.790411786433329544 3.3962420717613999166
82100 1.7890947086334054728 3.3532335330594000844
82200 1.8031705293741298046 3.367755199586690118
82300 1.7844047943721663696 3.1251180885915501584
82400 1.8137523098520405007 3.4901176242190299348
82500 1.7879137174870387561 3.2021836262746399271
82600 1.7529513322259731023 3.3552220077323400282
82700 1.7803465629699195549 2.9248743623777300193
82800 1.7954266006325920735 2.839137540587330033
82900 1.8009266869763871366 2.9173177471915798797
83000 1.7974722535222731334 2.6066956883356700025
83100 1.8213585164258445648 3.1613459677507598222
83200 1.7973396756470909619 2.6540331252453599475
83300 1.7956267646410841721 2.8522072638546198675
83400 1.7829261404220280163 2.7737093544572100079
83500 1.797540609437566328 2.7163860843879601425
83600 1.7832848394824640792 2.6845605962916998521
83700 1.7861131687519191669 2.7249650343471900626
83800 1.7745643854715587029 2.8162429624687299601
83900 1.7513927976157068755 2.8430625161914000465
84000 1.7935729743460084862 2.3597102240065801482
84100 1.7912069395561607266 2.2074322397872201407
84200 1.7993487187511851833 2.4229427258618398966
84300 1.77457572885010606 2.644040105471419988
84400 1.7791305123746843364 2.5760968889149999939
84500 1.7926188319581286557 2.6739498648948800685
84600 1.8026877157347442893 2.1608389837425598934
84700 1.8024739394447917284 2.2774271097371898698
84800 1.7659484601060189135 2.1404072945834098363
84900 1.7906482890675770037 2.4327500087973801257
85000 1.7804194681035709902 2.0003354974672897804
85100 1.7776039344554732669 2.3014363440151699436
85200 1.7838806003733209682 2.6246206293579601443
85300 1.7531922943667652692 2.2088444303168799365
85400 1.7903794164125272914 1.9362957644684699599
85500 1.7961094511850344002 1.9189344013345799311
85600 1.7929234449559796616 2.1358841524598601858
85700 1.8078974060684445124 1.8024836846898599774
85800 1.8017627730573901879 1.46768461112813009
85900 1.8014632880621546107 1.0842733744592301104
86000 1.7987461126242163534 1.0931775904314000591
86100 1.8157457343870764266 1.1026317155180200835
86200 1.8153175183948735416 1.9997231994387900667
86300 1.8108581994140353633 1.848434388875419998
86400 1.8403041482115727323 1.9213279791725799139
86500 1.8093663120067609018 1.8173688129555800597
86600 1.7744585801827914562 1.9723710675277899007
86700 1.8120458802465264636 1.9699742505885800004
86800 1.8073165669019641832 1.89544090956914002
86900 1.8061072855776534318 1.9766965869941899303
87000 1.8589202931462798229 2.1106520169696798561
87100 1.8956634738295135012 2.0617923729782199338
87200 1.8883857577764040503 1.919726989238720094
87300 1.8841846015297225581 2.1078678246164299637
87400 1.8687911546668136697 1.9370348159176400404
87500 1.8456968670780495856 1.9447901090485999465
87600 1.8495264060753793256 1.8183129281974399483
87700 1.8439091696637643913 1.9820976811475499169
87800 1.8483361054862492701 2.2165428258253898619
87900 1.8276700434382979754 2.1594327604904899331
88000 1.8231413005104846192 2.062439490080569815
88100 1.8147224418526561873 1.9267551903341200159
88200 1.8078232335864308222 1.5595181099593200535
88300 1.8090324059074114338 1.8568516146701798952
88400 1.8165821954253091874 2.1734614414664998883
88500 1.826017986211397659 2.1681171343158900378
88600 1.8120612236503739201 2.1740392700309700835
88700 1.8094455111855274332 2.5311745153499298766
88800 1.7984798236004797545 2.3843489892596898549
88900 1.7785740564630889704 2.1051662838609601636
89000 1.8208885290529046586 2.4929547869748200917
89100 1.7720451617568424574 1.8047689838356100189
89200 1.8089775328446671132 2.0566793437434500724
89300 1.8120268169403228598 2.0864405449875298437
89400 1.8061473244705947838 1.6946311065133399243
89500 1.7695581597212879377 1.7051784294525400565
89600 1.7934116854688861853 1.9493792440937800503
89700 1.79479036532302616 1.8427737952967300217
89800 1.79471991663193986 2.2830876535561701601
89900 1.8143007164958582234 2.088638086006989969
90000 1.8104268741962841194 2.1305600446560197803
90100 1.824030662252981605 1.9625017152140300514
90200 1.8018391188217457444 1.8339051401418899889
90300 1.8157654525606765628 2.1250073021401600926
90400 1.8006779270058184128 1.8852935033497000283
90500 1.7904547099920655739 1.7787979325987199886
90600 1.8079604116891958565 1.8498121645938299107
90700 1.7791901414240134383 1.8671283151103998943
90800 1.8118584329242433117 1.8241598644282499553
90900 1.8120823650542077221 1.8358368874611799004
91000 1.8320509851935309342 2.270702759536459947
91100 1.8369694755429075705 2.184597203242399921
91200 1.8269453867967135885 2.5525438480047899503
91300 1.8065783346136394805 2.5521503053117799986
91400 1.7684823192891294674 2.2629183961331897912
91500 1.7946180649358083325 2.1904653676391201422
91600 1.8054131854170196725 2.6374228443967600022
91700 1.8012535469423356371 2.8073346240632202075
91800 1.7879130293952920638 3.0364836820519198746
91900 1.8069445702925961417 3.0721222779556200955
92000 1.7677646068051411365 2.9330704130432398991
92100 1.7858013338774560985 2.0914956232118000479
92200 1.7758368907551269622 2.375384407309849788
92300 1.7971806441742879112 2.2529981902694902196
92400 1.7914259029776808951 2.0088171128964300571
92500 1.7953096846949114784 2.1402206400453898105
92600 1.7958972628255969184 2.3495274602328000135
92700 1.7838500493035358563 2.5090368726273100108
92800 1.7923281928098302451 2.801058401003400089
92900 1.7876609234301097384 2.4609146850149601349
93000 1.7487647865607427455 1.9351001665528799744
93100 1.7615365115578671684 1.7330632766669500366
93200 1.8015329774786321693 1.9306436761701299964
93300 1.7983131134014938013 2.4027845818805699807
93400 1.8110131053776592491 2.7732043340951801902
93500 1.8512033481763583431 2.819455580661339944
93600 1.8271224080975423387 2.5710382967897698059
93700 1.8338721267275981397 2.5264783647841100311
93800 1.8135018145629799857 2.551964262843129827
93900 1.810558194539149568 2.6916107588351398938
94000 1.8096807386219133651 2.4764958277793600594
94100 1.8697491056178374702 1.9510111460898900138
94200 1.8307813444107372547 1.8123453200394299412
94300 1.824681596287238472 1.6421211753101299102
94400 1.7721379492794668842 1.7819245689839300351
94500 1.7621409932460339043 1.9110324647083400951
94600 1.7729381540508941661 1.8262853000819700977
94700 1.799841885579598566 1.7474347749077299152
94800 1.7801925302573995413 1.6832516331226698991
94900 1.7897714095579495552 1.7673171421033699868
95000 1.7873633178468739668 1.8405730533190600706
95100 1.7805391813920521393 1.5147200233697699634
95200 1.7926077706992855632 1.644608314448509967
95300 1.800918554593028631 1.8709600512097699365
95400 1.8071834780452995517 1.7802307621943300742
95500 1.798477152394277967 1.8176598232041600856
95600 1.7860240007040011356 1.6595481037550199321
95700 1.8258024713599732003 1.8453416515688700894
95800 1.8277319518181831537 2.2862313188460601232
95900 1.7897408872135285307 1.5103100013689298997
96000 1.7784539649914885562 1.2567344043433499312
96100 1.7981835556404699439 1.3955692295729200669
96200 1.7907525525895477969 1.5537289956677799996
96300 1.765987512769842116 1.7562172224513199481
96400 1.7954419313109690748 1.8353187258459500164
96500 1.7744857903836397384 1.426017062149639969
96600 1.7875069241482710591 1.0703091614528998932
96700 1.7657924271630693891 1.1786531785539799966
96800 1.8192587558661068581 1.3673208833471899304
96900 1.7891961643723006681 1.1101824663080399613
97000 1.7578861442925528547 1.0779885972825000717
97100 1.7670377056635417912 1.6170867791834799831
97200 1.7945747948742738487 1.4010110491417300249
97300 1.8158040741750518521 1.4923056669451200129
97400 1.8344351708152963898 1.5083242921432700179
97500 1.7835903532088588364 0.9882783897466149714
97600 1.7964650921942899586 1.006729163521199899
97700 1.7953238387927972219 1.3398347878713599002
97800 1.7976109169929981313 1.0497975908401899758
97900 1.755138475630314554 1.2143785037715399966
98000 1.7735922932368113347 0.96670933954387805453
98100 1.7816986511095127543 1.2053357205938000085
98200 1.7880445172655570207 1.10883907575409002
98300 1.7948614352293104091 1.1942373987274599312
98400 1.8027635176339060763 1.1770948861562999799
98500 1.7921750586757589918 1.0487124083270600305
98600 1.7721461064093286808 1.0535250077822300163
98700 1.7826743992376872239 0.96589279531570504389
98800 1.7932416878521904025 1.428762398279239898
98900 1.7853471731620358387 1.7019235558773300188
99000 1.7565063488459951024 1.4889781595312800988
99100 1.7955672972605392079 1.7573616007615500134
99200 1.784292862632538279 1.4428201984159800819
99300 1.7490418845828423766 1.7077484407128800115
99400 1.7996197583071991133 1.7881585519509399784
99500 1.8053244104463133102 1.5002390516605699222
99600 1.8228864041715013844 1.7330538731030000754
99700 1.8146821178337562142 1.7463251019441399237
99800 1.7845341000539878262 1.5979725023503099646
99900 1.7865890530757593258 1.7290016187726700014
100000 1.7868393573551755171 1.8774776192371900319
