Step Rg Re
0 14.36058918814362606 48.765721866175198329
100 14.349356745654862522 48.475827432754698521
200 14.175342846077253256 46.937103675582100948
300 13.859088877322845335 44.935489087476803149
400 13.425617207516845397 42.833199010114796579
500 12.879992819506979274 39.95946187577219888
600 12.271765307253085453 36.691240865448797592
700 11.621167867775035631 33.861366829609998774
800 10.929745459679949704 31.282156756017801769
900 10.191355282273361738 28.51312137716899997
1000 9.4124665908927500624 25.784531343064099218
1100 8.5944355870616977455 23.714995714082000688
1200 7.7599805757268329742 20.923957381942599909
1300 6.9730738144679627055 18.815976282691298849
1400 6.1501239687721751537 17.191769277724500142
1500 5.2878515466805513512 14.883565734339899933
1600 4.3761513607242736867 11.76815445923429948
1700 3.6199300543586176993 10.874954466404000542
1800 2.9604917684926745913 8.5512804626597205271
1900 2.5992890339909804354 6.5090344146637404421
2000 2.5199539406933970653 4.8639503883552199781
2100 2.4722551384533941743 3.513199927555489932
2200 2.3122654857288367225 1.9272830154682700776
2300 2.1971014983138763554 3.1384272159535799851
2400 2.2310505840492744767 2.6270084197400600523
2500 2.2320544652717142498 3.2368337344409598977
2600 2.2192695012888754569 3.4247123409151498663
2700 2.2761893785311788641 2.8782982830807499752
2800 2.1736471567760435875 3.5244817769489698023
2900 2.3317389802168722035 2.8800889725249598783
3000 2.4388999691106834078 2.6174182562907901684
3100 2.3418754119362152899 2.7413084482118001972
3200 2.2955794697301961094 3.9138660039929900059
3300 2.3236743101832271208 3.9029305975997101719
3400 2.315073017108999931 4.4530329438862104041
3500 2.3643278899299073892 5.206229124022190291
3600 2.2736821453872764209 5.6790898157703999516
3700 2.1958854769188156375 4.9209050925539701282
3800 2.1380614363443855019 5.07744915266713992
3900 2.018075604028203518 5.6019968317270398828
4000 2.1115455431184328994 4.300654895932789934
4100 2.0873236819744893644 4.3975277435800297354
4200 2.0460187122668971327 2.7619091141939500211
4300 2.1702308177643097054 1.4763802360787599
4400 2.264316307221310165 1.6239438165022399563
4500 2.1977349353237767282 2.2581930503727400961
4600 2.2317260424489844262 3.032123885603649871
4700 2.2011155759367713181 3.5547917737588301534
4800 2.1832464202841763701 3.2496977923854299952
4900 2.0731530989520225994 2.707959887581299796
5000 2.0497652774512804541 1.9071588079407499894
5100 2.2277188686269600026 2.9437339543106197937
5200 2.2469973238710116981 3.492131665632849824
5300 2.4003540306635953172 4.2991844285002596138
5400 2.4094228884601731622 4.2643429527569800541
5500 2.2176424544006492212 4.0349377616277601888
5600 2.0312229981605267604 2.6535795518308900043
5700 2.0292367973382559043 2.2023045141047101758
5800 2.0660552412872461581 2.5707741601047300328
5900 2.0497773081598049671 3.1761320500544800716
6000 2.0191404879386309901 2.2279618370002900463
6100 2.0873423330804765641 3.0983893344414399351
6200 2.0950276228827187097 4.4698770984438898068
6300 1.9502123568989169211 4.3449890961345101204
6400 2.0064726153396961195 4.2693939558455999972
6500 2.0389990273597007331 3.3350398994155399102
6600 2.0584979401015504052 3.1259246659257100553
6700 2.0432778955462782555 3.2460232613092498966
6800 2.0253656201768786005 2.8906482213936000036
6900 2.0449820669678953067 3.593203737316939872
7000 2.1359896416794184049 3.8064195295216700643
7100 2.1730957124567664707 3.9162307950365700115
7200 2.2049492956551230982 4.2117743807036296388
7300 2.1093111086612701399 3.830601254890880103
7400 2.1469498537164675156 4.7759375381892503754
7500 2.1324264352162982661 4.5519207945468398435
7600 2.2082588067775210661 5.0248670303156997008
7700 2.110210091303450497 3.8697457000479298372
7800 2.0910137631628575861 3.8288925569149800943
7900 2.0898175070829902999 4.8858113543014800584
8000 2.0722737786487517297 4.6795343862173801597
8100 2.0529817179052920473 5.5501527901166696211
8200 2.1308535069451361998 6.1793487411997496395
8300 2.2013487481779097088 5.79078218309247994
8400 2.2153073511730836387 3.851027982579279918
8500 2.1223755660846266302 2.0881326480386999123
8600 2.1053304064240916382 1.8673581310005600287
8700 2.1082348744062469059 2.8174881633045800733
8800 2.1305545909386016667 2.5483688069870398252
8900 2.0817869016181651531 2.1934036789685600333
9000 2.018849892792431433 2.1490881132365999839
9100 2.0940237009401334589 2.4471660866674800339
9200 2.0063924532800325728 2.0056275446168601029
9300 1.9371082230848828409 2.728749567135429821
9400 1.9946265141037868851 2.3011270811751298737
9500 1.9694396613760405401 1.1270115725477700686
9600 1.9977760692839952039 1.3986558284566199539
9700 2.0521203260070777219 1.053868316187289933
9800 1.9416956371193672126 1.1055397150482100255
9900 1.986976815841643873 1.6347226825961500563
10000 2.0469815650801517215 2.5403892218221502119
10100 2.0373481939861446399 3.2428778734740699718
10200 2.0874753156488572436 3.2906611878840501539
10300 2.1327576594472401617 3.3362781236089000814
10400 2.0844609907785827119 3.857104583650300178
10500 1.9804906335923959659 4.1378457840876601281
10600 2.0631195316591957045 3.6182462551249798821
10700 2.082921815865921733 4.1483320608738099011
10800 2.0172058969504989001 3.6329980614346899515
10900 2.0126571743106036472 3.9059954232866798129
11000 1.867154121271487055 3.3929633397317098265
11100 1.9791075834872973171 3.737298984894750209
11200 1.9942829199173752741 2.8319765078068099839
11300 2.0529071058412946549 2.6298326671340701566
11400 2.0245147196944475176 1.9495002888178900591
11500 1.9929167112231562786 2.0108309132643897854
11600 1.985084478910184691 2.4145675135247000043
11700 2.0227638958066171959 2.175412457953730172
11800 1.9530981769149275973 2.0425131817607300455
11900 1.9738804952252468894 2.6097517059619499413
12000 1.9468709473906673502 2.3575495015949501365
12100 1.9769992762416681575 2.7791674560324901577
12200 1.9914843694598538537 4.1739620776463297602
12300 2.0253288724513578423 3.772223383455460155
12400 2.1613339194758478534 4.004862645917939723
12500 2.112289312198499136 4.3297657763543897502
12600 2.0606366930590374054 2.4726549679666898207
12700 1.9732731491746609009 1.0797301818735300927
12800 1.9404161973794136209 1.1860767510721998974
12900 1.9614517884198048314 1.2745660914367800132
13000 2.0241247802541364464 1.0736777663461700705
13100 1.9314384381417259995 1.1360866499566200094
13200 1.9838101764663695903 1.27092119962378991
13300 1.9182758228607748041 1.4065410542183900411
13400 1.9485330399555929048 2.0649545150843597874
13500 1.9444437498427016298 2.1447066983194598144
13600 1.9868998165182980564 2.5053601367339801698
13700 2.0270607477012658748 2.0653288714352702193
13800 2.1524886472847715169 2.2941986225109198827
13900 2.0907232223945131366 2.837666198882450086
14000 1.8757618268079985224 3.4336090601478002071
14100 1.94102053287894738 2.6023727127526199432
14200 1.9057584225975108261 1.963023235948859968
14300 1.9177495776691533269 2.4695003943144802072
14400 1.9467029597712237621 2.7943636448054300914
14500 1.9808153404572577116 3.2644127919172301056
14600 1.9262580362550192348 3.1167769217727201436
14700 2.0739496688400205215 2.3596695562706297977
14800 2.017297504266481134 1.7613997854708101087
14900 1.9810191199342401802 1.0198754995271999135
15000 2.0226877216420153793 1.1959956142294700943
15100 2.1330188865257331265 1.2234931288872799016
15200 2.0031055016144483361 1.0658512337468200037
15300 1.9714184452648544355 1.2879837835068399521
15400 1.9271319280669982899 1.2570372852287599041
15500 1.8652588626914796688 1.0002617749225699573
15600 1.866308569806143236 1.0777169333984399913
15700 1.9610974347772651694 1.1379151232032100882
15800 1.8931543472939484918 1.1844627127820799295
15900 1.9631048166768370056 1.1859721052641198913
16000 1.966297537822095709 1.2042651945087798904
16100 1.9559371945547694427 1.6261766032447400043
16200 1.9276482507129388821 1.8644981487957599242
16300 1.936275481579230906 2.343706180591039967
16400 1.9003375519628902257 2.159593017204839871
16500 1.9384788341098118103 1.9372384186659499239
16600 1.9789126987490535114 1.7668155969323100507
16700 1.9725443382000056314 2.2563128231082898445
16800 1.952696594169948785 2.3031008928677501046
16900 2.0342897466191836031 3.1912247196037299979
17000 1.9587976833634750395 2.8514634280614301609
17100 1.9854431237984502268 2.0441775805752397943
17200 2.0426757184692703184 1.9270145057175400716
17300 1.9433238109470878374 2.557382607570549915
17400 1.9111325741156459657 2.785909655801189988
17500 1.8908649323801967057 2.6155183659160901044
17600 1.9858231890717275014 3.1358924418256899358
17700 1.8956939211233319043 1.9409393475125800155
17800 1.9374953117259616775 1.2369987259257799739
17900 1.892048308140942936 1.1461878827025899774
18000 1.9307459926392092076 1.7530212197660999252
18100 1.9381017172998462605 3.5750482388259698929
18200 1.9113420976385409045 2.3657975751431798983
18300 1.8958189501656048659 2.7579974384539300836
18400 1.9426153574995894679 2.40867305990545022
18500 1.9536462856571321645 1.6861759035182100064
18600 2.0464112198008383992 1.6615329287432700767
18700 2.0207674176162000457 1.8172225759958300362
18800 1.9765108409220268904 1.9097208395402600623
18900 1.9598318246374044627 1.950047977466750071
19000 1.9020145727130162161 2.1420067158512101635
19100 1.9149424488875790296 1.4029390066910099044
19200 1.9622916009208006827 1.327971900044280007
19300 1.8985415768094859867 2.0449297041111900164
19400 1.8788103252208510074 2.786829607948329901
19500 1.8368170836597612627 3.4700641718139602077
19600 1.8924686375995956045 3.3182076348612401517
19700 1.9403700450609138173 4.4060597439746302939
19800 1.93737260454409288 4.4856644118384796371
19900 1.9427542443038035014 4.0908214392153503525
20000 2.0121315282154084159 5.5339353431520699189
20100 2.0472797674051959049 4.9291838162921202127
20200 1.9632144798640143168 3.6627469760709199242
20300 1.8999081080350535 3.1893827473073499412
20400 1.9884455652957822025 4.1642617124609602186
20500 1.9489770111858322199 4.091132847952939855
20600 1.9611849697242234036 3.907227778801269924
20700 1.8704450832786521097 3.8938962355095099177
20800 1.8736158706078593905 2.8957898429977699806
20900 1.8931302969414292026 3.4955826934145801665
21000 1.924649093795008481 3.528841349466580013
21100 2.0082545549777375271 4.3136833777755398955
21200 2.026815947280862229 3.4492272060814799239
21300 2.0021282435696141633 2.5734144487012597935
21400 1.8173286006501285783 1.6927302122901199954
21500 1.9903354813229541254 2.1267440273279198948
21600 1.8177429283023822659 1.8992689907380599923
21700 1.9123598024711017107 1.9935618693886298924
21800 1.874775681255401949 1.6884012238665200289
21900 1.9103305791277138681 1.3902216209561599758
22000 1.9484836971155732321 1.4000704727472998989
22100 1.9292148338853298828 2.8940344847490599989
22200 1.8728104491079637928 2.8604147022343200391
22300 1.8419287452696508911 2.5271118302717998638
22400 1.9092360644040040629 2.8770509134969000087
22500 1.8361413641147419362 2.3543550708240599256
22600 1.8750062997270644516 1.9068815032922699082
22700 1.9655518269297824752 2.2854708705570199179
22800 1.926354136652066007 1.1721909720053700354
22900 1.91122027785339621 1.0744713216961601088
23000 1.8629459915882013998 1.0862897160690099252
23100 1.8835678911796303048 1.2470972632667600699
23200 1.8851598229641202131 1.2341955660681100948
23300 1.8803972829988944149 2.0751044195495200739
23400 1.9042880001467870077 2.3472681540717998949
23500 1.9518947280493801344 1.1902322854344999925
23600 1.9278568229972408155 0.99945640339749897141
23700 1.9286012267104049034 1.9690566410955900878
23800 1.8925369065136556923 2.5623908370677299651
23900 1.843772354493109944 2.0570947350145400989
24000 1.9535226632568811755 1.3943970205203299884
24100 1.8504130493790891254 1.3019562346683499765
24200 1.9042054877209522168 2.3058097681921099209
24300 1.8507696803609678948 2.5672905098127700718
24400 1.9249348704064908055 2.1896346419633001545
24500 1.9227544003309031684 2.8672476971918499089
24600 1.9434183854973492434 2.6707529478531899514
24700 1.8891983962207412606 2.221276913215239901
24800 1.8863950497843748888 2.8081198415272599078
24900 1.9148323661310573396 1.7750664407235801079
25000 1.9316599290878770923 1.0507596698051600015
25100 1.9115921753795166449 1.098372891021669906
25200 1.8523745333314500794 1.2713345857902900171
25300 1.8948225221327563705 1.4798600849879799402
25400 1.9128976496966407783 2.5727795462736300358
25500 1.9000943158336045524 2.9046856150675299801
25600 1.866370917404812424 3.2202667081080300626
25700 1.9392955379030500929 2.4168291619508002199
25800 1.8580464139452046446 1.3124725724483699008
25900 1.9143901858391865201 1.2101614537005100924
26000 1.9074217125341477175 1.0734556484636899043
26100 1.8477642310967861139 1.1286062893426200837
26200 1.9222629166516806976 1.0516066741912699634
26300 1.9827841100245071626 1.117341691708340079
26400 1.8945823431183423935 1.1891876163901400343
26500 1.878071477223353325 1.0794547131455700661
26600 1.8825753105629046136 1.2633005134390400404
26700 1.9580070399704652129 1.6237891221588300894
26800 1.9143239115064012434 1.9484442821992700168
26900 1.85332768282338467 1.8958380382556399013
27000 1.9078499793672081264 3.3467008221302601001
27100 1.9336122664038932761 3.4908280918528800107
27200 1.8658007078534255552 3.949800460582789885
27300 1.8508554006325865782 4.1985421734712797814
27400 1.8117574099105040464 3.6597732324781300228
27500 1.9023718874655080047 3.4999359819559798801
27600 1.8734132148867463918 2.5525930858452299255
27700 1.8344833930473940509 1.9414976460922199752
27800 1.8101564764018021059 1.2808777261648500723
27900 1.8749133769379116021 1.5649784021295201075
28000 1.9052049852793822016 1.1124553502536600469
28100 1.8338263653063078262 1.5821487385784900326
28200 1.9164452103835702967 1.6053713885418698926
28300 1.8774993706089104784 1.804475709388309923
28400 1.8701892356769149739 2.2300593907016001971
28500 1.8971515849339493087 1.5819093898688501021
28600 1.9191121885930302327 1.2625967493269198982
28700 1.8605380543620941847 1.2400033751296999363
28800 1.8205113289543020105 1.6632516115901800902
28900 1.8769607189564705418 1.4168333622454400977
29000 1.8821850362901333398 2.1094103803182999712
29100 1.8337260233830858791 2.4463624998969701885
29200 1.879515303971412532 2.6211888334375701426
29300 1.8555866771368922929 2.7937653439688499013
29400 1.9194386073787861324 3.2647948273623699222
29500 1.8778830392563086171 2.8851417785625401713
29600 1.8518560834425912276 2.8839672234233701964
29700 1.8460943651624599493 3.5790595351990299733
29800 1.8931301507781090887 2.1793761536719400418
29900 1.8911206197553593888 2.3610201722721799733
30000 1.9053718277059501496 1.4346872486817801029
30100 1.9098145104398267513 3.1616441428059500751
30200 1.9253222934812592726 2.4059519244372098434
30300 1.937970806375374444 1.0341874918794600191
30400 1.8493504705074566008 1.1502950913419900392
30500 1.8970915501076128784 1.1963935490728299094
30600 1.9097554582300264592 1.680380660953300076
30700 1.839459439026428722 0.99832241702975099695
30800 1.8951193087305244767 1.7277092299163598899
30900 1.8982373028220098643 1.8923620257445799009
31000 1.8836067673868945871 1.1265672553929200195
31100 1.8979929804639792401 1.1019235509317899524
31200 1.8831954131820967113 1.1289971157190699103
31300 1.8694079982085980429 1.1152662866152900367
31400 1.9182340420986512264 1.4573814683300700956
31500 1.9475911257151599099 1.4027218617217001029
31600 1.9497116646644208071 1.843822384159770067
31700 1.9214513783234670186 2.5605419660053900799
31800 1.9441681658555942658 2.3844639061802501701
31900 1.9498352653654580369 2.0409927317024800786
32000 1.9077612294770760482 2.3798606737961200963
32100 1.946520105358617414 2.7959160148079100772
32200 1.9611652002595618693 4.2405543668918497247
32300 1.8807410244291729029 3.3818349984959001908
32400 1.8363025307817033571 2.8788228019289698878
32500 1.8434720542441311864 3.1104575825551501467
32600 1.8562677818411263964 3.2732511837436799595
32700 1.8152907632238264313 3.2390850615669899426
32800 1.8746931003408555672 3.3734492751928097931
32900 1.7993127969284126166 2.9042040930983201719
33000 1.8080747372472847356 3.7393624607340600896
33100 1.8776939520926623217 3.8423813901197299003
33200 1.8611604358332103359 3.5778056265372599754
33300 1.8582044754554154498 3.0735325134750701714
33400 1.8314453306874118876 3.7288261079556299649
33500 1.9029560246064010087 3.6500503380799500519
33600 1.8552338295461041628 3.7273175529794100314
33700 1.8770152266998860746 4.1516715865420801279
33800 1.9186343472538032184 3.4077238641212299619
33900 1.8948689230536301942 3.3244905700585101194
34000 1.9434537881295272932 4.0927530049063101103
34100 2.0069669861986447756 3.4676056089785998182
34200 2.0366371807981917819 4.0890810881964396728
34300 2.0006558323681593592 4.6147274498488801697
34400 1.9115500984652564753 4.5117058102662603858
34500 1.8962041325339189513 3.9764111695714801087
34600 1.8917616422330745252 3.2896787040312900352
34700 1.8625359324871177957 2.8965699854112498812
34800 1.8314937593971936103 3.0168093651769098962
34900 1.8852102742470093766 4.1982104266860602593
35000 1.8914650179004848241 4.276641284466469628
35100 1.8606333471905927013 3.9616470513738502035
35200 1.9187674182970571035 3.6782300445496298735
35300 1.8788711525004069269 4.0197715823069604113
35400 1.8392393563153401903 4.6276843730804397836
35500 1.8257522306160764991 4.2475187850965401282
35600 1.8478092880645422547 4.6707400986248304164
35700 1.8120069030429157841 4.377390009233620205
35800 1.8886513346142321801 5.0600135519036300025
35900 1.8872087022387566968 4.4221221947280300313
36000 1.8645188276716777587 5.2335950935898898351
36100 1.918406900328728959 4.9985038010114397622
36200 1.8914650090549487427 4.9760361880907897358
36300 1.9208128780292574866 4.5719812336198897285
36400 1.8868288116210014671 3.8177175054827299228
36500 1.9544699136339460654 3.7806442381035600953
36600 1.9494100787241728234 3.14725061141776008
36700 1.8934172066811041368 3.8465613923292898413
36800 1.8765786010285250285 3.3667088542378698079
36900 1.9253592198787425893 2.9559836640269199215
37000 1.8996561293575711105 3.0103015141169899849
37100 1.8070978686614638242 3.212571910263850139
37200 1.8490292755568704663 3.6099272695323398885
37300 1.8589019016497634329 3.4857106879004300382
37400 1.8153404081348121224 3.3010355800773600876
37500 1.8467906554721746915 3.1761015645044401445
37600 1.869292946873264416 2.7504045021597298692
37700 1.8540514130923309022 3.0645125544591800271
37800 1.8637881538376515067 2.3955091380712998372
37900 1.8363722975561085349 2.8728283368066098724
38000 1.829276446668460343 2.4493722755122702139
38100 1.8534387615609733135 3.1183930635358101391
38200 1.8223011036593503853 3.3126035004992298028
38300 1.8513534337713462019 2.9417030127747199053
38400 1.8516870162085494744 2.9496335272816498474
38500 1.9165777429707653301 2.706029732249790154
38600 1.8619096246990392007 2.7848048585645002184
38700 1.8342300062038694453 2.8838071964468099395
38800 1.837386305920744034 2.5878931637883799688
38900 1.8377578374246612558 3.9228093514986799306
39000 1.8443736262159817763 2.9886473595504399192
39100 1.8542076819377664165 3.1032220903373999299
39200 1.812405119017886701 2.6782902608362801899
39300 1.7864081291690656617 2.6724134310485601063
39400 1.8221834209010161487 3.5988280338023601601
39500 1.8484013393784168855 3.4624268508360400709
39600 1.8446930521117923529 3.7865876933713900065
39700 1.8755402342344393851 3.2026261978961101384
39800 1.8407227223941620142 2.2386211406399501023
39900 1.8176859451384226318 1.9860714323366099876
40000 1.8843202372472438455 2.8124332997617300656
40100 1.8347956993797231995 3.543958785433099834
40200 1.8281902864797745512 3.5543656997600701075
40300 1.8579977377166601027 3.3093328467066300824
40400 1.8199346241051332917 2.5204423487983800278
40500 1.8366070528003524132 2.8495425320621698972
40600 1.8126079588434416134 2.4070968426809700169
40700 1.8769425288820091868 2.4456627161655499769
40800 1.8232941761542225123 2.3987280480971899799
40900 1.8138287049163925868 3.1482822397310701312
41000 1.8178231721647877261 3.8646924501188499868
41100 1.8435265294829650262 2.8429240069597301321
41200 1.8499333624475158278 3.2041937492022500855
41300 1.8721203304330507056 3.8123010531625998176
41400 1.8243922613393201981 2.7779569963400501109
41500 1.8738747760860485769 3.2620045258143099964
41600 1.8546496106553054251 3.5058873912223997849
41700 1.8677873949887595639 3.0804641718813599027
41800 1.8366494926641045993 2.8603334638432600379
41900 1.8392909131933843359 2.8642035384659298991
42000 1.8442752981255885469 3.6697465308298902187
42100 1.7946301066233809607 3.0348756406977499545
42200 1.7831886685208377941 2.5029343259528600285
42300 1.8390451390781841212 2.3113539782237499942
42400 1.8027713090844899035 2.3104228339821899496
42500 1.8482548944268510915 2.6561029384667098618
42600 1.8195329748226702904 2.8290805524400299831
42700 1.8542091385861867447 3.1615979302331300715
42800 1.8416101111839628945 3.0305722963450301144
42900 1.827335666761938926 3.3529433878493701826
43000 1.8183761955045822933 3.9431136978503498192
43100 1.8272642718799858574 3.180947229586020164
43200 1.7691435624540787774 3.4605893800157501161
43300 1.7992599876558335037 3.359715907332560203
43400 1.8049649731665564634 3.1883996825393099428
43500 1.8132144854097320685 2.9314759087810497995
43600 1.8141446119119215563 2.2292271268207501933
43700 1.8128046966303348331 1.8562574255053900796
43800 1.8231180662161232675 2.136518539336030198
43900 1.801937364843833933 2.3116276292354700495
44000 1.8159673284413198058 2.0010467035211401132
44100 1.8709130560525883968 2.4570518987984000248
44200 1.9028787936505511258 2.7660761672804801137
44300 1.8342408403591659027 2.9547759871298899803
44400 1.8363760015186993968 2.8614631990499699299
44500 1.8413792564159698895 2.3010421118555801634
44600 1.8514024436082059388 2.0629430714087000354
44700 1.8124141224080778656 2.736234651520959904
44800 1.8113137402180534696 3.1391668411683801843
44900 1.7748180618877897885 2.8561075263326700657
45000 1.8292978918893065821 3.1269852237573001474
45100 1.821858111135896463 3.2350070446137899616
45200 1.8214705175329188869 3.1041780454399598987
45300 1.8538683737425347697 3.0161996697216699737
45400 1.8187299025183325529 3.1572778143369499837
45500 1.7937555392186879111 3.082057372200710077
45600 1.7787720388873942134 3.3636317884548301294
45700 1.7894772477678644318 3.6183990460893400432
45800 1.7731967719909369485 3.5494313294293200478
45900 1.7820066123249702628 3.4520247055255599555
46000 1.8114324801023478084 2.7926636486975597862
46100 1.7856338102571487347 2.9835787304388201591
46200 1.7653295538550277666 3.6331342071906300717
46300 1.8148414526164116101 3.5794850307016199409
46400 1.8480092122692768353 3.8474178668357699173
46500 1.8260198378030454425 3.9166743206768699359
46600 1.8295100326823781067 3.4994494955146699944
46700 1.8240776805893532675 3.0639220429205100693
46800 1.7859618811253294979 3.0385222257305199989
46900 1.7946741673102830639 2.9971187217246400003
47000 1.7951912213957759157 3.1670973572870297907
47100 1.7882556798167814627 3.5656643471140201385
47200 1.7727556381255396012 3.9780529266546000855
47300 1.769452456861035472 3.692164717249890149
47400 1.8115370556408252334 3.7236156433665699161
47500 1.799039794981187157 3.7978605453564999728
47600 1.7863351586402262949 3.9904829800507202187
47700 1.8264480793034201245 4.2380340164870595743
47800 1.8441684376844262871 4.4756818825922204397
47900 1.834078054993364626 3.9229023874172401776
48000 1.8262472778059095635 3.9097859988142000809
48100 1.821429108993281254 3.8531479002866801942
48200 1.8505492987931426718 4.0330731701638802278
48300 1.8226502085215501303 4.0341901189970901243
48400 1.8219908032581604296 3.5501615979166301074
48500 1.8051523741022201808 2.8558838719750498925
48600 1.7642693304612109273 3.32309174659018014
48700 1.785133351359882603 3.479441023352679796
48800 1.8075224509014151675 4.1519955512828703448
48900 1.8348048670997516574 4.0682949922637199336
49000 1.7648685237417387484 4.4963199805015801047
49100 1.8261583865598893794 4.5048949626089900278
49200 1.8333515755204501385 4.4589308920638401901
49300 1.8110727945213378476 4.2055666913560800779
49400 1.8164945050621426059 4.2412166390308598807
49500 1.7886683388494404312 4.165541069362210358
49600 1.7951253702042186955 3.6152217017945198485
49700 1.7987832002837889078 2.9838075036883200397
49800 1.805749202555514632 3.1221668070609900347
49900 1.823008350503282804 2.5400452440620799877
50000 1.7777405320920427467 2.5374789987008501413
50100 1.7894130980072842085 2.5969506120390501991
50200 1.7949106910544607718 2.8940516516787497814
50300 1.7737778012684268791 3.7560265900913898385
50400 1.7987719577023451034 3.9584373082587500647
50500 1.83265323862069196 4.1216486803675396189
50600 1.828172425264747103 4.0038211855055196864
50700 1.8429205219754878353 3.5078564968503700428
50800 1.8604316101362581293 3.687340581999739797
50900 1.8828338730927944855 4.2685352808944099223
51000 1.8574894623487618883 3.52889415204615009
51100 1.8361036291679475596 3.6164901691054400779
51200 1.8483857900374418559 2.5227271870449898827
51300 1.7881792804508285233 2.2012803091913801801
51400 1.7845517570522861917 2.0629695969183798887
51500 1.8219124734567702095 2.1835290997639700272
51600 1.8099630099828407648 2.2408505205760897994
51700 1.7863999265659793458 2.0942489486499398232
51800 1.7995720268049928414 2.1853835506096501717
51900 1.799382612297089068 2.6591664826933398835
52000 1.8395362225586990856 2.8339808054028199358
52100 1.8051659797176380362 2.6353857012709198671
52200 1.7906894588840724936 3.059796830506300136
52300 1.7905594662079389323 3.5360344208784999509
52400 1.785968028404961494 3.1263550416887699868
52500 1.7721983387208979366 3.0610567430888497853
52600 1.7921908378529733952 2.9927373140751698521
52700 1.7995167008634678218 2.8985832624791898482
52800 1.8069293627677820435 2.8121495513837699853
52900 1.7847726789075359921 2.1079188696053900998
53000 1.8055692830740577293 2.3049488335149099782
53100 1.7659333418935834192 2.0843968940182699967
53200 1.7851135801831023997 2.1808750728949402031
53300 1.7823930625516493098 1.9567769172530100619
53400 1.7803341220664357092 2.2663768063921398976
53500 1.7712490530850799608 2.6298935728198800099
53600 1.7951512054157676701 2.7981971725966299225
53700 1.8527334457997093331 2.3492555295403199089
53800 1.7988742091553118208 2.4035510599066500781
53900 1.7672415452288035009 2.71745958601241
54000 1.7858866417410206306 2.0965039832250100815
54100 1.8213729185757006057 2.3268748917245498653
54200 1.810864595627770024 2.5990713506695000135
54300 1.7573033360456526975 2.2531422677081098804
54400 1.7768168666266828115 2.1711917402085201267
54500 1.7771545708150595644 2.2555214619106500606
54600 1.7784674173126342467 2.2688131020501298707
54700 1.766756483047950077 2.0614780184408001418
54800 1.7792718417652615415 2.1974972448645599954
54900 1.7945956082449485702 1.8102238068995699649
55000 1.818417633214223228 1.8254034764203399543
55100 1.7834798669639577717 1.9009571489564900393
55200 1.7653746826902734224 1.6493900114909800791
55300 1.7765797795694036054 1.2131933198764799364
55400 1.799987092018203283 1.2919555145657199979
55500 1.7741383709975984129 1.0779958673762399801
55600 1.7584054274751412805 1.5177546890830999615
55700 1.7735091241227416425 1.9116072714241600927
55800 1.7663172926143158037 1.5380054037099699649
55900 1.7582609048694655129 1.5942088805471399393
56000 1.7766860440051022163 1.9554288186189598964
56100 1.7841081720808826816 1.7566992467862601046
56200 1.8005303236998566607 2.0441782730007500568
56300 1.7990896486866971848 2.375050328277640066
56400 1.7755222322673729352 2.3357270146334299099
56500 1.8117342866519681177 2.8190946280142399338
56600 1.8167230528093378794 2.7805000460138900031
56700 1.795570238022333287 2.6767710668574298261
56800 1.7876239873069359465 2.6993339942859599923
56900 1.7960593554149804074 2.2424166332421902048
57000 1.8060609830155165412 2.1345760834322300425
57100 1.8290592359118338361 2.1884139856846198668
57200 1.8122057049995052846 2.5841896391561798296
57300 1.7949953047021431907 2.8272348446085699969
57400 1.8035888383580092054 2.7300696365756498274
57500 1.7981508342896941333 2.5827163457546200576
57600 1.8040747883050323175 2.0847028524461799215
57700 1.7643448186630013019 2.1489395977029199791
57800 1.7689843686081840879 2.0169851145912400803
57900 1.7803292315144585434 2.2210791395431401796
58000 1.7907514745070540751 2.3468346278896001778
58100 1.7820748136745139245 2.5110907542575300333
58200 1.7682414181231926875 2.0692064357399497787
58300 1.7662074314303366496 2.4053422659248799853
58400 1.7954822408371415854 2.5837080113602701736
58500 1.7917599744841639087 2.4292662609478199442
58600 1.762566112029772869 2.0454165733349598533
58700 1.7658621108840790725 2.6212966677931301973
58800 1.7576671581721985405 2.7147830887288901813
58900 1.7891559530085430207 1.8016504659137599909
59000 1.8058270878320510366 1.8820459954182100493
59100 1.7602615281540781034 2.5028536763593001169
59200 1.7686256301579679207 2.1532694076101801528
59300 1.7743586057874998207 1.9058608851146399132
59400 1.767833262609572742 2.183647322421749859
59500 1.7552456445007800223 2.0465962003588900053
59600 1.7887980377378880359 2.0382090220831399208
59700 1.7476382268496717387 1.8028378060525001025
59800 1.7564119321385425199 2.2409334798749500628
59900 1.7728823289722450696 2.2529763905346897879
60000 1.7641979476134477256 1.871450229017380007
60100 1.7607153167162159502 1.741853787329419978
60200 1.7792553159132369345 2.003834059506659937
60300 1.7851236032320094704 2.3304860571255998636
60400 1.7969893130182685859 2.3219603461303099934
60500 1.7634402142041636363 1.8960021096444399369
60600 1.7906435599746424181 1.9903484448065000834
60700 1.7693111340073639504 2.0182084458222799839
60800 1.7887879950954899133 2.0051954743588598085
60900 1.7720415726329781236 2.174106264183429893
61000 1.7727819610921622395 2.1121530051920198723
61100 1.7827732974177283864 2.1907292300309499922
61200 1.7794362027118511005 2.5259489486174899753
61300 1.7633130259300628939 2.4132190619379900731
61400 1.7198123682342465468 2.1324626348719499802
61500 1.72147951303669422 2.1225618574325899601
61600 1.7413540812885086595 1.7852864205555198929
61700 1.7738863181184461038 2.2924190735679199626
61800 1.7555919367371684015 2.1790527622897402082
61900 1.7879720778097822897 1.9282131636724799684
62000 1.7806765330561764582 2.231602146532229991
62100 1.7505604570240334006 1.6481228169697799135
62200 1.7740900343712877607 1.7558342534047099992
62300 1.7576495008097539063 1.8699288539524701047
62400 1.7418464399268640541 1.7802778458479100454
62500 1.7556099382560517164 1.8866175575293899769
62600 1.770812478351545538 2.1305554919061497898
62700 1.7621629249420223129 1.9162284774828699518
62800 1.7954500755330728978 1.9693870354703799652
62900 1.812461971204982536 2.0653815599682401327
63000 1.8014612341678630791 1.883696523434420067
63100 1.7576106105155990811 1.5829946663799900897
63200 1.7722614763307991126 1.6557337176434299142
63300 1.791871760195683505 1.7039213551314900119
63400 1.7805760887886501465 1.244395140502740027
63500 1.7652987117420781971 1.4957816234343299655
63600 1.7823889363414087139 1.3635657190057699495
63700 1.7835573631633734326 1.9783145026699899827
63800 1.7787244898358740564 2.0909638667325101125
63900 1.7486979184031272716 1.9287134615415200134
64000 1.7566866096044904122 1.7768469956565600132
64100 1.8279317760130422421 2.0206436214543099794
64200 1.7716874166077904995 1.9411841487443599608
64300 1.7495506035774897047 1.9070270756484100083
64400 1.7762453227949508427 1.9963288163111199136
64500 1.8034143957893435939 2.0817107381960298085
64600 1.7900901167610387965 1.9678406660549601082
64700 1.769995359547937408 2.0148954780624599437
64800 1.7510577857285329895 2.2092155846522798512
64900 1.7532950574391406029 1.796279701019950048
65000 1.7391624138221883911 1.5983438337006499186
65100 1.7519057559512984934 1.9251881497764300466
65200 1.7565690066116457224 1.8885849414974000826
65300 1.7706036994276201924 1.975940560617380104
65400 1.7637807644093723702 1.7595627280151999727
65500 1.7383285579710552327 1.6955037522030100838
65600 1.7615724747108425507 1.9562485469145201034
65700 1.7526390341644388915 2.0750586641058901272
65800 1.7874432207588364374 1.8958618546044800901
65900 1.7665383574484820883 1.8612571972461400271
66000 1.7588408064238421069 1.8882584053732900387
66100 1.763258963065476026 1.9027772598409800064
66200 1.7549321515106870439 1.8539210041417499841
66300 1.7578464994895508511 1.8070107432322699559
66400 1.7634998205814171879 1.9029462573394999581
66500 1.7849745622269184153 1.6983868970115700847
66600 1.7945385412320176144 1.7579335945409400033
66700 1.7961566728766134027 1.764960534710529938
66800 1.7957891836271338004 1.5964291982560099292
66900 1.7822702284005784712 1.6576207084305301098
67000 1.768812951547423129 1.6550283561961300904
67100 1.7628911393780513084 1.7577955544491798978
67200 1.7730019335227624744 1.8330446137848099841
67300 1.7616623718877706395 2.2518288880284398346
67400 1.7494735165898311902 2.0599470236252299671
67500 1.7622686703187140367 1.6271811407452398957
67600 1.7652604485658476285 1.6698611598946999646
67700 1.7565433154423588658 1.4425129801148699471
67800 1.7412493474084449474 1.2660677245045099948
67900 1.7469605334850408784 1.2175752867678000246
68000 1.7412339199748356755 1.3017622844162199947
68100 1.7516747839397934783 1.1914584046783200932
68200 1.7693555332396075919 1.1801071134674701035
68300 1.7518806354707017192 1.0906887942898899624
68400 1.7525956004283549383 1.0396223120741900914
68500 1.733797519636280704 1.2121739728381299983
68600 1.7450497186420108608 1.4360110009462498937
68700 1.736262584970762024 1.1650263956638400309
68800 1.7557945319766803394 1.1751890041881301041
68900 1.753204442264066909 1.137867479768680079
69000 1.7595061014587360937 1.1194074160071600943
69100 1.750778846399378974 1.1554689694353998952
69200 1.750311066234560009 1.1976826325869600609
69300 1.7283425773889102839 1.2298844126358599027
69400 1.7496974386452448513 1.0461245585610099429
69500 1.7517597068954573469 1.1053663815308600871
69600 1.7631932060639390336 1.1044954024451298924
69700 1.7200486322165722264 1.0154354581326701101
69800 1.7542827190741490107 1.1226736667084600274
69900 1.7818253309601030931 1.3604328201492699169
70000 1.74565458855086586 1.1076889828525300352
70100 1.7807107093694216626 1.0685912046595000824
70200 1.742077695111723612 1.0643480249803900506
70300 1.7530007840180714673 1.0572471877525100314
70400 1.7430631243416094822 1.0896298388725000894
70500 1.7597277897156806681 1.2190549594835600189
70600 1.7462635275280977698 1.0608064324936099521
70700 1.7585218842968248776 1.0424594528339499178
70800 1.7700128487301727276 1.1614262792942100511
70900 1.7971382677877578704 1.1514454850791000506
71000 1.7785931679011548479 1.0568390394901199247
71100 1.7582330892070860973 1.221115146305659982
71200 1.7336056940925208547 1.0672227686319599727
71300 1.7495674455081324794 1.0884592644713899645
71400 1.7752115413746254458 1.1061472574827100335
71500 1.7654709026158581509 1.0517310040842100527
71600 1.7460004990777362455 1.0534330633221999918
71700 1.757450410804636487 1.0809404888807800926
71800 1.7640122162203653033 1.1263470325158000396
71900 1.7625945347857228107 1.0864179645150799924
72000 1.7452719092927513334 1.0302624609807999878
72100 1.7542300338616296784 1.1921254800145300035
72200 1.7382089234322599669 1.0767787544877800432
72300 1.7583729802076839555 1.0681372410483700452
72400 1.7732392142242483501 1.0600753016096200465
72500 1.7667571616409758484 1.0528713064256700616
72600 1.7451912085346819037 1.3529558994302899322
72700 1.7474204777163717672 1.2208434139763999493
72800 1.7309856079865990619 1.1160183729537700437
72900 1.7425510133407204894 1.0731105189072600581
73000 1.7794943300622119153 1.2222687951553199426
73100 1.7647817454157277428 1.0913523261683200083
73200 1.7415619056172453316 1.1902885418397499695
73300 1.7459184468249082656 1.1655154372346598901
73400 1.7458423995928642469 1.069975523394339989
73500 1.7510281522800956733 1.0796145297111099381
73600 1.7556338588800537437 1.3332576953549699628
73700 1.7373180101077125848 1.2506557897519299249
73800 1.7621042347303637055 1.1983170158903300173
73900 1.7677287515080390978 1.0874553350000399909
74000 1.7679203443202886614 1.1244312290401399235
74100 1.7310981716179338896 1.2031234625030000629
74200 1.7186585948065122853 1.2674656048628500926
74300 1.7709979383688241317 1.3711521734738600919
74400 1.7953770399071449226 1.9080735532483699135
74500 1.7828002576738866125 1.8688381991813700633
74600 1.7640396926341008754 1.9066460939291400845
74700 1.7576113964998560935 1.7922784254782300195
74800 1.7591667768069336741 2.1857053144311398007
74900 1.7916897327159511111 2.1651299924455398305
75000 1.7505428571523562464 2.020179822852029794
75100 1.7638282689444464424 1.8605135892166000389
75200 1.7371395242456619812 2.0414542071887300523
75300 1.7482157839391874177 1.9578212728998400927
75400 1.7417426532063267075 1.2255302487996500016
75500 1.7400777579229522729 1.0024176068602299594
75600 1.7336145131932023666 1.2567210322246300525
75700 1.7410350879436531368 1.119937878208759896
75800 1.7286929113037197148 1.1639611005751899775
75900 1.7326571574776705731 1.0488471795376899109
76000 1.7518770073324414493 1.0699340109679800204
76100 1.7263527283588622208 1.2212326306589600389
76200 1.7442397682514274582 1.2518889409712099514
76300 1.7494385402901611037 1.1227119545951100843
76400 1.7503944122810706219 1.2249705599220199748
76500 1.731741148839171851 1.2881174423882699731
76600 1.7614010564467510456 1.0129243000472900604
76700 1.7312212184859707698 1.1633468967147500006
76800 1.7115645081105737013 1.2409430899468900655
76900 1.7267231762889736491 1.2336650792031400581
77000 1.7253335683947073065 1.2177251540271600838
77100 1.7377944974445824755 1.1604665425332401085
77200 1.7405887706454916675 1.1865819590721300436
77300 1.7521298601704424769 1.0811866362508399941
77400 1.7637852594852392318 1.4948217437049600154
77500 1.7400741898732117185 1.928137544523879976
77600 1.7547750096187830771 1.8886300808444700383
77700 1.7626600666281790897 1.1053855031871699932
77800 1.7341806890005480035 1.1008862903091098939
77900 1.7520325887759795602 1.0983835634347600685
78000 1.7407317180890644615 1.0957500942690800994
78100 1.7385329423917119662 1.0637427051639400943
78200 1.7306719165017199202 1.0654671326514599805
78300 1.7278702057779768975 1.0727335805291400295
78400 1.7254464483372202732 1.1562739399546799746
78500 1.72968433309220182 1.3511124988066800512
78600 1.7291085008593620742 1.178577314793030073
78700 1.7372736315619423664 1.0607536544445699267
78800 1.7377913912589020295 1.0982222449904199824
78900 1.7593872749017682722 1.2756855867682099781
79000 1.7821577873877711973 1.1148500633704800933
79100 1.7666827624430281318 1.1525370954924099021
79200 1.7649630732777257247 1.248892603066179996
79300 1.7478868686887580886 1.2800287320307899286
79400 1.7620305254016856988 1.0810601495037199804
79500 1.7675501310900880725 1.1211822848913499673
79600 1.7682216286863357002 1.0988469827275400004
79700 1.7634357743319224454 1.2225981882173799775
79800 1.7537870530869343888 1.5984620113090499682
79900 1.7904823622304653075 1.9636385109390799286
80000 1.7647463223297137347 1.4226158970989200014
80100 1.7575621544093942283 1.1119787127102700452
80200 1.7552189259965560453 1.1287325659614100282
80300 1.7613396850800766558 1.1823344114390299531
80400 1.7740724495801012406 1.3085676159833299348
80500 1.7419482845489531186 1.21543310076809008
80600 1.7511220494136956471 1.0944282833753600226
80700 1.7886472748475166217 1.4766972963163000898
80800 1.7581452100209031819 1.2811259499679199525
80900 1.7734771645742062329 1.0650278853916599342
81000 1.7582267014601009603 1.1016749048029699232
81100 1.743808685051585261 1.1094209014405800318
81200 1.7588348151613824033 1.3510572986618401004
81300 1.7478004578207135822 1.5252320883231100801
81400 1.7549272798802397766 1.1447429906893300533
81500 1.7548751190729279248 1.322511654095789968
81600 1.723843001199903302 1.0583153136413399054
81700 1.7267154048713941883 1.3046229475669999243
81800 1.7338918990425624678 1.5161797913110599545
81900 1.7457513069207348799 1.0273742199456799007
82000 1.729931676445525035 1.2287257814877399209
82100 1.739388319806062233 1.1294607894927499725
82200 1.7708055012770611558 1.6714660414035800162
82300 1.7772199666657741979 1.070954874699969972
82400 1.7622328611012301192 1.1484459322558699945
82500 1.7609948048928509845 1.1431610427984399969
82600 1.791480299231828166 1.2992607029977401023
82700 1.7790524897082238276 1.1187129184209299027
82800 1.7859837789670831576 1.1653090277782900408
82900 1.7691872346435477681 1.1681179296566399639
83000 1.7482112453853393408 1.0505124325741999058
83100 1.7443434117729530453 1.1888624768814699539
83200 1.7543869816307466891 1.1151053158493899886
83300 1.7556152011417243131 1.3674297226879998934
83400 1.7519756178271082003 1.1410306324267001088
83500 1.7467497925244066526 1.4567684636859199454
83600 1.754855748855160158 1.0108997949137099592
83700 1.7790316071264078435 1.208002652337480054
83800 1.7685309731895175744 1.11144344069640999
83900 1.7847029548425685785 1.1544618798538799354
84000 1.7544107922403526789 1.2004052133095099997
84100 1.7603686433638732201 1.1370016053800799938
84200 1.7798431288929965621 1.179369553102060042
84300 1.7665070244733400706 1.1495391401851300373
84400 1.7830365512646941806 1.0792724021899999798
84500 1.76680904740727307 1.2464459724680700958
84600 1.7710213924224076365 1.0804436109291599699
84700 1.7843157251186814172 1.8112847187999399079
84800 1.8193329495300611942 2.1176367854270199409
84900 1.7916549063162479083 2.3039196498718599315
85000 1.8108790856419263449 2.314391997387899913
85100 1.7642211551080200227 1.812439503500330007
85200 1.7462861248696006644 1.2199185326602499657
85300 1.7559806950666363434 1.0778958790713699667
85400 1.7463803070705048448 1.2790233137520099493
85500 1.7685688553619913765 1.1594138338003399102
85600 1.7679761343472715218 1.1185024143691200127
85700 1.7410809990556725957 1.229099533793770016
85800 1.7647515631319354856 1.1331772184957400462
85900 1.7534319116785110904 1.0899383451753399399
86000 1.7509272334225844947 1.2620462146716100449
86100 1.725770904084942492 1.2681912797608501098
86200 1.7236851319576693697 1.0869404939019600143
86300 1.7367183419850629189 1.1568455649222399995
86400 1.739466790147800701 1.6127309320563099071
86500 1.7251073465148918373 2.0420460232353199181
86600 1.7424708047364749763 1.4380715198578499781
86700 1.7618552516517378415 2.0643207625146597906
86800 1.7582780435553473364 1.834160706383400008
86900 1.7688224986846623477 2.1664064721925497814
87000 1.7550155785693797306 1.9165810464536801039
87100 1.7479195145263408673 1.6273689217671900575
87200 1.7640395574065548256 1.434961240408139993
87300 1.7552629235421297604 1.0817466988721300414
87400 1.7581428927615943003 1.2265098443391599936
87500 1.7536614848503881969 1.4875825754722800109
87600 1.7521726719097487912 1.3562118489252399378
87700 1.772095464407538179 1.2981386158031200662
87800 1.7500935753080952839 1.2458266205289600936
87900 1.7618612066777248337 1.4303636832246600097
88000 1.7387582262478535888 1.3105418666118200388
88100 1.7549042448004599226 1.2079750321597200191
88200 1.7719265425263759361 1.1400462153723900371
88300 1.7614180424990524276 1.184480920941139992
88400 1.7707985518827173976 1.1478273942330399215
88500 1.7586206380441913311 1.122113858845029899
88600 1.7594191350960362019 1.1624944005930999413
88700 1.7539742778787059674 1.0622104394787399428
88800 1.7825423368496158272 1.1492823421976801068
88900 1.756207554736401999 1.2732295920828999858
89000 1.7550897300374834753 1.2239708125764499069
89100 1.7247157415898877186 1.0664984070704899288
89200 1.7239856282051224667 1.4679774807070800069
89300 1.755598216825360991 1.2669123978177601053
89400 1.7562085211041695842 1.0389216177257400986
89500 1.7745574295405321941 1.279759263737269892
89600 1.7592827224627545224 1.1165032049084300247
89700 1.7774438383470290148 1.2816856283710500453
89800 1.7956069606833875429 1.1554216535737900085
89900 1.7610099711401976386 1.1315352748191400689
90000 1.7540466599407855686 1.0417477770985499319
90100 1.7684225736938037343 1.2595058830703800279
90200 1.7699789900595626069 1.3930591519224400088
90300 1.7526261586621301181 2.0311488106407900034
90400 1.7485762399600837114 2.1237537257227501186
90500 1.7573360331343652607 2.0015251380146099613
90600 1.763884006219507361 1.7060066405904399378
90700 1.7360757086232752044 1.9310123286702900458
90800 1.7438357029128055409 2.0686052759899400399
90900 1.7380698463557360256 1.9102288219020699955
91000 1.7422822703041564996 2.1783734559052501112
91100 1.7510159164399612397 2.5244575945639398107
91200 1.75205008415887864 2.0150574850965101703
91300 1.7619599244779149405 2.3385156531963597892
91400 1.7484373072160150908 1.9409977570678000891
91500 1.7307459258817732284 1.8505188293451300119
91600 1.7086620490836057495 1.8894701714514399171
91700 1.7342287193116965316 2.0845323307690502013
91800 1.7336417881069567937 2.0618492034063700125
91900 1.7393258938463163066 2.3241567683820498758
92000 1.7367540790778810411 2.5656979727152298132
92100 1.7584608001258932308 2.4161845286803900201
92200 1.734236200864949895 2.2243829972981399301
92300 1.7498001318218077138 2.3093160382243400619
92400 1.7498123372393468156 2.2422610488779799454
92500 1.7108625672405457507 2.3941706031199698756
92600 1.711660306395127451 2.1050284456322101434
92700 1.7362376119368649885 2.1076316930715899289
92800 1.7612711176640454269 2.2147654410991899354
92900 1.7342618492943975284 1.9464765118416700318
93000 1.7442153668514821518 2.6546095223513499484
93100 1.7310136926334078744 2.3859561719937101287
93200 1.7321382733136863052 2.0688272833493699387
93300 1.743372936180815902 1.7649627152616200743
93400 1.7581056190522281746 1.8550586043466399389
93500 1.7930200040767019232 1.938068242302330102
93600 1.7677323741013986069 1.8741043052671999547
93700 1.759690087115443502 1.6215712019190000603
93800 1.7756322090860092722 1.6001338220496099662
93900 1.7447167734514905657 1.9864958770571099489
94000 1.7512034179910980214 1.8556434803259500566
94100 1.7396324573277452963 1.8183302964536101065
94200 1.7719747033759891686 2.0098236053298998982
94300 1.7467922742826684779 1.5074004697828700117
94400 1.7650756685504858101 1.9419591031034899586
94500 1.787688662940270401 1.92731461195404008
94600 1.7707235827423168928 1.8668231755682200834
94700 1.7724741984132237338 1.8316748925452999153
94800 1.7938352204311751592 1.9850379801720099415
94900 1.7606487640372261438 1.9109774480862400381
95000 1.7787328800673580798 1.991959065443889898
95100 1.7735522607771478931 1.9817443172462900769
95200 1.7876553915041257792 2.1201386173762197807
95300 1.7701369472737171762 2.151016857478790012
95400 1.7932518053553549997 2.317194885802610127
95500 1.749315948021692213 2.2877015360458399229
95600 1.7415313033288535305 2.2725609434116198493
95700 1.7585129326697730434 2.2579642668053798715
95800 1.7544756393677254369 2.7417717248286201936
95900 1.7691158143085581322 3.1330753863127900338
96000 1.7738108107482986053 2.8634528411656599012
96100 1.7586339838275770742 2.723016188351050193
96200 1.7801738543784408897 2.7423248177108798807
96300 1.7467147318051030602 2.900504217266040019
96400 1.7457888136427002213 3.5897128546374998947
96500 1.7527739468112204513 3.5416295748939701227
96600 1.7546566288923388655 3.5998331841082897853
96700 1.7407035744626302431 3.43218781998836997
96800 1.725962806129441196 3.2392395098447899215
96900 1.7215364871378173728 2.9253052225161098043
97000 1.7456632351473939657 2.9496655664673498976
97100 1.7401780970805826865 3.3306757372770401382
97200 1.7575822765364121913 2.9816776743761699286
97300 1.7432716798196459251 3.1429988518403502162
97400 1.7542172543889971159 3.1452436249302602178
97500 1.7316929238885265807 3.0215131081628099352
97600 1.7545439391158346165 3.3062290373891101147
97700 1.7456544700646303703 3.2304172074746801968
97800 1.7563213360142142516 3.5845586073975699293
97900 1.7293897724804909721 3.1967337708906300442
98000 1.7466804593259737111 3.2347527952580001909
98100 1.7427081655648490877 3.1618058362863799005
98200 1.7326902062555167294 2.6594647985219301844
98300 1.7481474711441284953 3.0829624052274700041
98400 1.7327579376743349471 3.0290962361548801063
98500 1.7139753767873648904 3.3479770652121900731
98600 1.7285530857226480972 2.9681502902669798516
98700 1.706890069849185565 3.3813073971169398391
98800 1.7165492049853245948 2.8590018236601300039
98900 1.7617312073370781089 3.2615379527577399443
99000 1.7511567303338999579 3.4644421594613499238
99100 1.7519273107134349932 2.8779538545606300204
99200 1.7617843675047923924 2.9932605264829099667
99300 1.7233848907692506103 2.9979916091143099521
99400 1.7458511967210288418 2.5013278138256298533
99500 1.7263673276799673673 2.4457404764848997836
99600 1.7410125377047618311 2.5046120481494300591
99700 1.7607686979392627169 2.2112697439554698242
99800 1.7610073341568348582 1.999266557378660103
99900 1.7406051851060564406 2.3076919987389801214
100000 1.7254457475812743361 2.3195483452899798849
