Step Rg Re
0 14.357791728158428413 48.756395700759199485
100 14.346479814004736042 48.464834287567597926
200 14.172175056437160023 46.914901755553401586
300 13.855334204055900216 44.896859604799402632
400 13.420120224519058283 42.486438844875600296
500 12.87333756890993719 39.965601833621697381
600 12.264563942383325923 37.325766059606202418
700 11.607423645892051667 34.5451491341802992
800 10.910859113268376319 32.183011307668699885
900 10.163072881167408923 29.184239113552301603
1000 9.3703555332013142021 26.255548559863498781
1100 8.5467966841553213442 23.893328618973299626
1200 7.7046935125107030018 20.903141197234599957
1300 6.8387422973707625573 16.747591907112099108
1400 5.9631517554460975461 13.388786373217099523
1500 5.0600215102159529224 10.854021590634300054
1600 4.1577254934453975466 8.9221625067687195809
1700 3.2777063876883230087 5.5429716373633697302
1800 2.4986451836365541901 3.8945436082206201789
1900 2.1701883616555717182 2.5616299198839400653
2000 1.9692233088213335623 1.6224408220001000913
2100 1.9521319376124726119 1.4227465622835000492
2200 2.0794617066871956546 1.6102777388012599058
2300 2.1114895457631752684 2.401148923363559895
2400 2.1091206770740016374 2.667905613689289801
2500 2.1395602666216584353 3.1639514787835198995
2600 2.2844627558780925547 3.3962569902523798149
2700 2.2986025074687477243 2.5911301691419699189
2800 2.2663568862250191849 3.3049513129632099862
2900 2.2145848422606899675 3.8277808331340299475
3000 2.2447076894055317808 2.7684712391264199027
3100 2.398236684070322422 2.6860369206353897908
3200 2.3292070849886452599 2.9133188849375701857
3300 2.1392622562337941794 2.4881099967203299528
3400 2.0995278796264571497 3.5652767858102998311
3500 2.1787426887880290138 4.0929967242559603946
3600 2.3384663665947678091 4.0305287083707801443
3700 2.3868333308899414291 3.9134514770547901286
3800 2.3782573733651579673 3.2101268531190298994
3900 2.1853191502535396218 3.7001137884293298086
4000 2.1337773116499390014 3.9275338199209599566
4100 2.0689858349169711893 3.2357314734966600156
4200 2.0119260099458577962 4.2624953782384595868
4300 2.0418799739706772201 1.9778281219080600106
4400 2.1047159362411336225 2.3874013873394801521
4500 2.0527501100071221529 2.0639362716826799016
4600 2.024142161735930312 1.7052177956564100736
4700 2.0354605776720946508 2.6592986855000502189
4800 1.9812171116288370687 3.1241759456354900593
4900 2.0504676666857180045 3.1894865773464800007
5000 2.0432469821502086127 4.0004377757922195968
5100 2.1060727626519937239 3.7518527038809299512
5200 2.0715631593488548212 3.9602798256933597898
5300 2.0609939960644161339 3.8784904031415599057
5400 2.1640452866169606061 5.5775219742426198621
5500 2.0476589765444357383 5.8380817871166499344
5600 2.0616531545372605017 6.075955450860440088
5700 2.0552981034907773505 6.4849674316461198842
5800 2.0988943931241861307 6.8257074195082898527
5900 2.1490667836315981987 7.6877885094012796685
6000 2.0901621449397147501 7.0090242192711702529
6100 2.0323826226862724553 4.0996414661848801231
6200 2.0837106081888183695 3.5113860431670000928
6300 1.9756115845363115824 3.5995952845010101839
6400 1.9258732973966683488 3.6134026192552202161
6500 1.9499956385588841368 4.0077622114383499863
6600 1.9882868966757831775 4.1802549256294598834
6700 2.1715429055825543614 4.7687845679623297457
6800 2.1244426664266944371 4.3650866617380197354
6900 2.0422069531959481381 3.806491171855709954
7000 2.076582929505895958 3.3166110153258401283
7100 1.9768044959314663434 2.6843296918049399657
7200 2.0616535549926124915 3.6452152111847500038
7300 2.1210157801384492693 4.7057713621485897093
7400 2.1526181876900412071 4.2940191359210002631
7500 2.2178152600309002374 4.5785379793989697816
7600 2.2417335452464306478 5.2894696192398900081
7700 2.1877106419142844373 5.3586312739190695709
7800 2.175701949960645365 5.474420212899119953
7900 2.1976889762925098104 6.2476429605315901838
8000 2.0571782643119798095 5.3139153534256200473
8100 2.0844791406339053808 5.7085296748733203032
8200 2.0671360635719722154 6.2818705594238899437
8300 1.9891592203702044284 4.5722097388135995999
8400 2.1028472097665358298 3.8644912426550002138
8500 2.1026855587206383369 5.1251793470497197802
8600 2.0519056316949222385 5.7729026872433797379
8700 2.0283385994372102878 4.6110217941533901964
8800 2.0353681311327340708 3.5026907418387800419
8900 2.1252023533905903818 3.1532611249504500783
9000 2.0855980229268653581 4.0886458638394298504
9100 2.0870306119905444042 2.8994547400174899288
9200 2.0771768028113606341 2.5423345937038099862
9300 2.062879166772205064 3.7112576407021902192
9400 2.03852796169605055 4.4856772835045903847
9500 2.087856228199677755 4.6508886929094703788
9600 2.1070299352946069149 4.6035524930642299779
9700 2.2173049107222273513 3.6054575229446301776
9800 2.1200467852201327901 2.9250443957808598405
9900 2.1238890504739114107 2.2199461715478698842
10000 2.1765559293000666941 3.2348950740286901429
10100 2.1418852867343121105 3.3657034802086598368
10200 2.2255758997148791245 2.1639105178460900092
10300 2.1891736228970946065 3.4595861633329598739
10400 2.0974553876998101032 3.4207098096286499
10500 2.1360869606085866046 2.5810735531498498752
10600 2.1589506919000900353 1.7548481409345000337
10700 2.1064373252449866136 1.0306378626379000263
10800 2.0482477105731771161 1.5156910063089099605
10900 2.0001396456470095231 1.9387610976213200953
11000 2.1395267686804806395 1.8786993240763600888
11100 2.1373939795790133367 2.502432275029640163
11200 1.930490716954395447 2.6738825049443097903
11300 1.9926426209578309567 2.5703478179832401906
11400 2.1009949580404048142 2.1853226499214799539
11500 2.0680354261066877797 2.52996762581202006
11600 2.090275948846288312 3.1412272897808000138
11700 1.9493774011550788483 2.2267445830326599854
11800 1.9973468756484793474 2.1592555437376099725
11900 2.0628747591665117511 2.4197330996629999866
12000 2.0215724799555805369 2.3043504959250000752
12100 1.8488493077727083946 3.0962247921316001786
12200 1.9433952605810804748 4.081125350299060095
12300 2.0310111637124266259 3.2122838399034900903
12400 1.9501973323663239768 3.3129130235401698101
12500 2.1320144676405812234 3.4160683962019398052
12600 2.0153496225374762929 2.9103827321438298092
12700 2.1120353382737100389 3.3305531572025302012
12800 2.1123844284173207697 2.6229547794176499842
12900 2.1456819285596302471 2.1604027449441898234
13000 2.0673294959194605802 2.4437974829121200671
13100 2.0174439583721763825 2.0719052949724501289
13200 1.9318431707571814826 2.1032595674061100866
13300 2.0005174053305432302 2.4067207965044601359
13400 1.9373880999765846767 2.2232499440044302119
13500 1.9346605132317473696 3.0632521907546799156
13600 2.0488880386990011573 3.9698544338921299968
13700 2.0019620571128000641 4.6884568717994996589
13800 1.9655951855617102009 4.4446997417101101746
13900 1.9634617562482508113 4.1060460918023897747
14000 1.9692651078974237056 3.8990308005754199527
14100 1.9729205567745984329 4.4855553014669098388
14200 2.0023100866342944393 3.3481354722957301639
14300 2.0345964576709509863 3.0953052257196898012
14400 1.9734278236684137386 3.6752940674630001361
14500 1.9239787414237607965 4.2636192841537097209
14600 1.9532594543886128147 4.4920305101968995842
14700 2.0172627066824131425 5.7572042909883798245
14800 2.0272368740321868863 5.1905827551507304207
14900 2.0538413305721974211 5.9973303836915103915
15000 2.0220389339739490708 6.1953271641430696093
15100 1.9505948641573560565 5.4833720283855695854
15200 1.9832416323715527096 4.9574130342863398369
15300 2.0004948598527794168 4.8060318740303502594
15400 1.8798274933217427041 4.2263887785381903939
15500 1.9041136814320198667 3.9828994057430699982
15600 1.9515358466476586674 3.5673318235843800572
15700 1.9593466847078897519 2.8311888039372199444
15800 1.9728265076108877363 3.1270376793059901921
15900 2.0220857333693671443 4.4488438868977198126
16000 2.0469079219769943379 4.5552405015324897164
16100 1.9970131682596445888 4.4874224379270000185
16200 2.0727288078423233841 5.4378406883982703945
16300 2.0716351099963650206 5.2543525247041698023
16400 1.9718656933666167674 5.3217966585774698629
16500 2.0220271318236884284 6.0047623745489397962
16600 2.1326645085835558291 6.0437505245583302838
16700 2.0908056013460418754 4.9848206324592796435
16800 2.0735161023857680007 5.024892041029530354
16900 2.0357556576695303718 5.4538559739569203444
17000 2.1025556675203378454 6.6530320473113597757
17100 2.082346540664023582 6.4077033631261599567
17200 2.0846611819345270966 5.039287267775810264
17300 1.9560085625820613497 2.9482121793856501668
17400 2.0681593610786292992 1.7082798892518500367
17500 2.1054838622914551216 1.288322447780819946
17600 2.0530054445316303635 1.5213228234483100465
17700 2.1059508632339056788 1.9807772255130799977
17800 2.0417354341630860048 1.6696511861284499822
17900 2.070205984444353664 1.1049382349935799041
18000 2.1848584000385580239 1.7167876428048800541
18100 2.113519448318744498 2.9066969757807799013
18200 2.0554834709143827709 3.0587805006364900962
18300 2.0970167218646511564 2.4047604047976998132
18400 2.1373983863410774831 1.7939162299875799356
18500 2.0580572855949901268 1.1108190416658900723
18600 2.0758750211234184846 1.344871241345449997
18700 2.0835581097578690368 1.1501353072447799697
18800 2.0468249927410995248 1.1222790335156900277
18900 2.001362414734727313 2.5439898254151200874
19000 1.996308912511281175 2.4474182614643398281
19100 1.9285116470806624722 1.8875031792647800621
19200 1.9022627337217201671 2.1251800452491700355
19300 1.9772869122022362909 2.4607344025027599876
19400 1.9627363643829676132 3.0606992129168100192
19500 2.0383243329544371569 2.0858829839307300169
19600 2.0269891172969516369 1.4183372769450799389
19700 1.9278475474898308928 1.9310735109379699725
19800 1.9013121503282819358 2.3522613939821699347
19900 1.96241111694884518 3.1153812125658801868
20000 1.9956481245422141857 3.3728524344352299735
20100 2.0397923928308037134 2.6327934677474997827
20200 2.0397233627923916366 1.5406774659648099224
20300 2.0492737142992947241 2.424857914506750145
20400 2.0032516837903395768 2.4206153916988197849
20500 1.9087498012629326993 2.2477765168656897998
20600 1.9313914171645765183 3.2450086386331999933
20700 1.919659395618215747 3.3927230292192298577
20800 1.9039186527093030499 2.9795533626266399452
20900 1.9479617563898132815 3.1762734937911800692
21000 1.9047933657491451509 1.9224786249698200269
21100 1.9830275190488473314 2.5675211169286598079
21200 2.016288044793303591 2.1431297203441199706
21300 2.0277699053492828085 2.4750121862721998767
21400 1.9235167382812454751 2.5180831564512398124
21500 1.9893912339875776674 2.2064351170259000057
21600 2.0001779986641019526 1.9230463803435100534
21700 2.0133683344035748775 1.9905213001044699261
21800 1.9905613154339687476 3.0295436936933999306
21900 1.9234436130494334538 4.460705709395149654
22000 1.9443219852112161306 3.8730634924859401735
22100 1.8944916356603318519 2.618135839122090136
22200 1.9066140003392622049 2.9989715081420400544
22300 1.8983452993082652327 3.5133904039062398006
22400 1.9332405889016741618 3.0274420838673301581
22500 1.8155345738225923125 2.9822121604534799211
22600 1.9020207067283936286 2.8742108425887598067
22700 1.9820030798660075444 2.6288901387990000202
22800 1.9847902745359722321 3.1950636174241000553
22900 1.9221177360230727871 2.8885179148574899877
23000 1.9044928441022535015 2.9695505637345398497
23100 1.8552967427352506924 2.739426599872019974
23200 1.9052913964855684448 2.6271959377185400974
23300 1.904485848104826351 2.3484078939947798936
23400 1.8886281328722043238 2.5171080688717499818
23500 1.8636122835764556971 2.5141333596543598006
23600 1.9474492830422869272 2.2585403180844800808
23700 1.8899552570899282866 2.5550258860712098397
23800 1.9353047172764172856 2.2466236652054001333
23900 1.8555916096738258592 1.6593995958856300188
24000 1.8992519103569880379 2.0820667344784200559
24100 1.9401359298657754326 2.2620631765290299953
24200 1.9633067133575001773 2.8733596470180899907
24300 1.9131395158091006881 3.0861103786744901178
24400 1.9113640696824441001 3.9366524537007001605
24500 1.8836765200812362053 3.3691688064917602041
24600 1.9292950679195328689 4.2898556958032498798
24700 1.9333630245306110407 3.8731906821840200728
24800 1.9510665720233786313 4.6069339986874000559
24900 1.8528699723808166322 4.7273100803064300734
25000 1.9186171379629084477 5.004722721920130013
25100 1.8686109860104642699 4.796107265122450336
25200 1.9190240137570284684 4.9762420610759701134
25300 1.8852593268155366513 4.3183795192737299828
25400 1.8693929315479353992 4.5065655060736702353
25500 1.9107386985603456164 3.4674180382672901146
25600 1.8701444895008600966 3.5220019881830300079
25700 1.8578118155879810303 3.2456192080655998922
25800 1.8924640770409715262 2.7746203897703201058
25900 1.8780700856435104118 1.8744543189112499171
26000 1.8495129965100394198 2.3159443574439699809
26100 1.9193766322301948346 2.7518084547981001009
26200 1.9038445295215733477 3.2320383804300099051
26300 1.8510626719915741489 3.9059746046936099084
26400 1.8887284396635966033 3.9518452849706497965
26500 1.8678104189554465275 3.5542463900027900792
26600 1.8573246690396567615 3.24026590461504993
26700 1.9318972153118334489 4.0363369507145998583
26800 1.9706643469230580301 3.8384747986688299015
26900 1.9295278001463576079 3.5380536811240199668
27000 1.8979789335290333518 3.6195919271789298577
27100 1.9185376568121781382 2.7921457205723001493
27200 1.8839192515610820866 2.6651014123271599132
27300 1.9092242526579499273 2.5270840472995299564
27400 1.9088594090906056966 2.5862442081800898208
27500 1.8949720284511510915 2.8081024681061501624
27600 1.9146635552382325063 2.7858032365156502053
27700 1.8938533614096815239 2.765649885834230215
27800 1.9378551608229415137 3.2580996717678201158
27900 1.8704482801935444769 3.2784507688812301041
28000 1.9203032281160077321 3.281770390426820061
28100 1.8827668678030529126 3.7148774121974499351
28200 1.9483768732193964546 3.2135762347670802086
28300 1.9383965068869715154 3.4282161750102200237
28400 1.9501838315917705557 4.0108709954495296302
28500 2.0388011019604155294 4.0777924877865103781
28600 2.0174967142026112299 3.8551692708561198231
28700 1.942509362596167799 3.1342247529568298958
28800 1.8869316754485450094 2.9800883751229898522
28900 1.9058757587957202428 3.1470516343165702011
29000 1.9354966438925451655 3.6270365727387501309
29100 1.8688508329462900637 3.5116686506040899474
29200 1.9173983253857944664 3.2645685021334398535
29300 1.965878844911814749 3.6289308160854600871
29400 1.9085906666322589587 3.4670738307227297881
29500 1.8614135424379909534 3.7388304628206001645
29600 1.9396296936060022365 3.5790354085687900998
29700 1.924802825376423776 3.8993319996898598845
29800 1.9692060482772584251 4.5764050588026803368
29900 2.005151981392952365 4.0148883673380302284
30000 1.9127694569296149751 2.7793627140860599489
30100 1.8851017150810138734 2.2617064304507898953
30200 1.8944621976024986765 3.1504878305474299793
30300 1.9106716214618768568 3.9012294959289701701
30400 1.9145889704942047338 4.1036433285982099051
30500 1.8846063177153919987 3.3751573370697300902
30600 1.9776963442226984657 4.0844462447048002218
30700 1.9814828557384824848 3.945071763763920103
30800 2.0085041114036163989 3.0755456234630300649
30900 1.9843952739163446264 3.6984797257289501182
31000 1.8854035092428300668 3.3077810965819600675
31100 1.8979436806283338512 3.3750889267292398799
31200 1.8547319042264009958 3.9313455261514600458
31300 1.8226026364298566484 3.3580216031839800195
31400 1.8253696126572271918 3.717555453810319932
31500 1.8188292179854974595 3.5984086246992901259
31600 1.8416880759588170058 3.591743354972889879
31700 1.8929318796580840711 3.4072591633015001378
31800 1.8926165518774646923 2.9556614247656098904
31900 1.8648999641095653779 3.1297738017271199418
32000 1.8962008922547533007 2.7300281707097298067
32100 1.8184552344683342362 2.2954787020732698721
32200 1.8794990053781415185 2.1455529389597298717
32300 1.8651912274767550315 2.2647471387860900194
32400 1.8558778451635375983 1.778755013845809918
32500 1.8402619853180148812 2.4919589134323198998
32600 1.8713642119405169417 2.3360051711740501545
32700 1.8782517292945770659 1.972507424770109985
32800 1.86064602765289 2.201102587508839914
32900 1.8914698143350805459 2.4496449632522199202
33000 1.883410809819567433 2.9332189082540298664
33100 1.8461414812317193945 2.6334207709246100215
33200 1.8593104929583206264 2.0611169097254200544
33300 1.8874898477717401146 1.0037000561447999569
33400 1.8471391501701965865 1.1294488327442000486
33500 1.8709980645308235125 1.1994349399230399555
33600 1.8890431832325362826 1.9165127402913899601
33700 1.9204432786492517948 1.9838942125639800196
33800 1.891456404927842172 2.494758695805360027
33900 1.8560073050491687763 2.0695253406246201244
34000 1.8571707536649957326 1.3705135882585899321
34100 1.8669666337032650993 2.0183805498588900385
34200 1.9128761904514031134 2.8444586106247200519
34300 1.8659893586329614479 2.8698956914238200611
34400 1.8537801392028629976 3.1939853412750300876
34500 1.9031009140277312941 3.5879744858855899814
34600 1.8827747082163084347 4.1815963160930698095
34700 1.8229332952342245378 4.0177488103322795965
34800 1.8664781416879692166 3.8787534550091598007
34900 1.870303630392250227 2.7858890998268601713
35000 1.8562633626068214543 2.6950966145636399141
35100 1.8459721098129300287 2.2442659627453398485
35200 1.8596663986832902005 2.7884979998076300234
35300 1.8606994631290403319 3.245737706540130052
35400 1.8488508101058085398 3.0323001241867100219
35500 1.823949514813895334 1.8670205700869300092
35600 1.8301828716904067207 2.3859068581347901983
35700 1.8263872089494301854 2.7765463797129301682
35800 1.8725954155312491967 2.717577529744000131
35900 1.8696994871760255208 4.2982754425221996186
36000 1.8728807085609779914 3.6039102157327298492
36100 1.84879975658023743 3.5961868127284901675
36200 1.8518530985264547439 2.2725469187706899277
36300 1.8439789177085117444 1.9754820547830100885
36400 1.8357699607192197178 2.2576234671814199295
36500 1.8923803932403260308 1.0798684243222900214
36600 1.9251036402930725711 1.6339735511649799982
36700 1.873204278222311947 1.4415705450611699945
36800 1.8460929016011322634 3.0075154525628597924
36900 1.911826581854668472 2.5349332005546898472
37000 1.919595328693943781 2.3993431427951801282
37100 1.921952125160137026 2.1543940553365201751
37200 1.9554874196943947684 2.0559224765355801345
37300 1.8395092299823809778 2.2239828694563001932
37400 1.8152429197475570266 1.7564430234426300359
37500 1.8487576317815372917 1.8382406858338400379
37600 1.828405820240103008 2.1179523896004899264
37700 1.8415052385893313502 2.0981466194233999722
37800 1.8137576260077166168 2.6560363787255498735
37900 1.8106681256884520348 2.8051560308425300683
38000 1.8512579726622910847 3.7843805215434000999
38100 1.840089232824428267 3.5779887619408898836
38200 1.8190232002261068622 3.4585477034902698534
38300 1.8439296402175695544 4.0229684950039104052
38400 1.8656298604892340709 4.4918424509970398262
38500 1.8682175927370610058 4.2046022373031997077
38600 1.8874346295010344665 4.4734768252598602345
38700 1.860257951502438889 4.3596270883678300834
38800 1.8557168779547215109 4.0561880005822699147
38900 1.8491534727374925318 3.5340962389436301194
39000 1.7962500574401010223 2.8187148701010098506
39100 1.8368650404592987702 3.0164108114185999021
39200 1.8437376217038783377 3.1296533002796298462
39300 1.863603418566549319 3.1644918728738700153
39400 1.8639525080928396328 3.1639313698949398379
39500 1.8484572290660401528 2.6187933968710299659
39600 1.8048240991542736644 2.3867737699992401801
39700 1.8105317704688339564 2.1728592081767699185
39800 1.8464394110860378184 2.8619384956519398067
39900 1.8524872930328977194 2.1963653282644299836
40000 1.8417371308003116503 2.2692118137125101285
40100 1.8908713271353241314 2.5137554647250301976
40200 1.9098686003629816721 2.7628836618578400675
40300 1.8999380679309734177 2.4132209814798502023
40400 1.9184291531436752365 3.2231665649756497949
40500 1.9482439128638708858 3.1125301383515497911
40600 1.9056351067706005509 3.0700571619101100218
40700 1.8957238048274331899 2.7090507250722399846
40800 1.8516134109910389327 2.1762938573752599325
40900 1.8353658664774115117 2.2493292579838799483
41000 1.8273780824800749389 2.3605462404304300428
41100 1.8301518964783185517 2.8427718289901799942
41200 1.8220561274058582057 2.1860781994648701421
41300 1.8784472956777038544 1.5921329506146599808
41400 1.8594340470057455494 1.2575599183072601051
41500 1.862382365392651673 1.2536003034108500476
41600 1.8151521456792150122 1.5874172649709099581
41700 1.8600329179808479108 2.2364018111615902029
41800 1.8611701125138571111 2.1751831343909597827
41900 1.8441080455770471058 2.340743635081889984
42000 1.8158117853169108979 1.7251181482038100423
42100 1.9042989074440634933 1.1401965296033700348
42200 1.8558832851373334716 1.1495653125483100698
42300 1.8729769818490298317 1.2292428458500899158
42400 1.8867934840499835936 1.1882615817936399427
42500 1.8270558724161614084 1.5387170794846400934
42600 1.8403536957478565661 1.1472024279994799123
42700 1.8570583154575968088 1.0562346058906999513
42800 1.8857724321590818573 1.7040678634100099309
42900 1.8943014452705813078 1.126321236043700047
43000 1.8351406657553557267 1.1584212332808700996
43100 1.7871508843604575478 1.3408489450698000134
43200 1.8118169756752897648 1.4102234778393700765
43300 1.8781258796975173198 1.1327921252057300272
43400 1.8763156483436604915 1.2269165819898499858
43500 1.8594727946947700037 1.2177003194925599683
43600 1.8424488409445172188 1.0792147156517499784
43700 1.8643423042337443629 1.2087100934200800673
43800 1.8593955023135739779 1.1500076404693400089
43900 1.8779437162006913375 1.3765414072781700927
44000 1.8254557959094139807 1.1376216480561500699
44100 1.8831836084000885823 1.4235615963066499123
44200 1.852691559635150309 1.3822272632274898996
44300 1.820795775909534564 1.0192470811567999611
44400 1.7931159895930472992 1.1986367378693199015
44500 1.7953526617795274589 1.5886770109064800582
44600 1.7903446003696108502 1.0737739265523800203
44700 1.7907117671871988218 1.7346351820540799604
44800 1.8026138205922233038 2.5977503072081900015
44900 1.8076487929261104703 2.3860290932827998844
45000 1.7941650149908345835 2.23854965843923992
45100 1.8409716015689079338 2.1293878811263597939
45200 1.8638284311363426671 2.1307235674411701964
45300 1.838427980371666326 2.1084099269625600215
45400 1.890462682099036229 2.6774381426732798417
45500 1.8489966777739581527 2.8232115047468901992
45600 1.823627923920034144 2.8983277724446900869
45700 1.8116795683728663668 2.0448406607828499837
45800 1.8228767699784254042 2.7169498888572500839
45900 1.7840489357690991756 2.56542014476816993
46000 1.8053498260146012555 2.7275177573396001129
46100 1.8287807756194871533 2.9408003193499299144
46200 1.8289947165937405771 3.3823603382172500176
46300 1.8216817391483939303 3.373646939016779811
46400 1.7737545572682356099 3.4736317124805800027
46500 1.7820959466851888919 3.0507759016680298103
46600 1.8010031548641172172 3.0062594726824301006
46700 1.8073137813473509894 3.3436556094218299329
46800 1.852481238758405313 2.9981891402722600226
46900 1.8581333742944667886 2.1629838845010000981
47000 1.8395661977495936235 2.1956529120171599523
47100 1.8227523937334551007 2.3512017654939700861
47200 1.7929740254446548953 2.3207416958078002089
47300 1.8048975852080084703 2.3492654686268101827
47400 1.8039201113383169783 2.0058322488426099106
47500 1.81398175150885832 2.3407770350813099647
47600 1.8034417630642454178 2.501629140633439885
47700 1.7903010676310817662 2.1858380614447399104
47800 1.7738383898643230729 1.7829070488643399273
47900 1.7977621932820635475 1.5703607579598899413
48000 1.8101304398375150928 1.0711033533563099063
48100 1.8176345486152389874 1.129779179688489954
48200 1.8163853419530413547 1.1006408302080799011
48300 1.7969477687343275996 1.2872148742905700214
48400 1.787094329178231078 1.2673570327288599113
48500 1.7928856895166871421 1.7078800922722698896
48600 1.7865483738206644482 2.5559350361602901636
48700 1.7742729945471789055 2.0149713325275602216
48800 1.8051365751757275646 2.117278749923869885
48900 1.7923954993786479495 2.4247333240214001826
49000 1.8074069427656240805 2.6051000556889900572
49100 1.7967333875924647035 3.1681693050731900563
49200 1.7724838985424771209 3.1475947795919498873
49300 1.7593575462387156527 2.7469487277373501044
49400 1.7706715379890880513 2.7743186919564499782
49500 1.7917501905126420603 2.2456857056565802111
49600 1.7835280275759104462 2.3237806458522398678
49700 1.7999776259893922603 2.7108140610154300987
49800 1.7803906641042683834 2.1483173308686600578
49900 1.8033006942109850446 1.9260126291686299194
50000 1.825094214548310223 2.4828908214687999134
50100 1.8383031031422456536 2.3730318003222499179
50200 1.7972921218594959392 2.5384666264575299621
50300 1.8162491675763963173 2.7793354850759901531
50400 1.7688686114804383909 3.2255874473805299374
50500 1.8045393183539446547 2.8969660300891502125
50600 1.8013107426915577758 2.6820946341185898376
50700 1.8100804194104818112 3.3952817800511700952
50800 1.8089592418987523459 2.9685308170829798335
50900 1.7808169776495605952 2.7702408825552500282
51000 1.8008295320857683475 2.438748418916079963
51100 1.8206574467490028724 2.2781132660222498387
51200 1.7778609348018652447 2.5065070209067901175
51300 1.8194703909163640887 2.5698603705477798265
51400 1.7847886017107157386 2.3451177191801000355
51500 1.7849677699985564416 2.1382031138593999842
51600 1.769906464922826661 2.1909077036406201522
51700 1.7682938367198373086 2.1212306710101698215
51800 1.7890477521708640918 2.3015105615648101534
51900 1.8092280179606354817 2.1606472457161598477
52000 1.7653910837303272707 2.2524105604182400597
52100 1.7784409052946350549 2.2738948235391398534
52200 1.7774224022505906717 2.3991382616516201409
52300 1.8253760357416799476 2.4112896183173901932
52400 1.8368175699823967584 2.2427159446637099371
52500 1.8135304411525150492 2.4845428700381999576
52600 1.7626263621344249177 2.899656760406370104
52700 1.757185391702828392 2.5875917375719201807
52800 1.7746683563267182659 2.7262889623417598806
52900 1.7702370985269444414 2.4073568328287500151
53000 1.7948662624172748714 2.6269449017402202173
53100 1.7730348717098676214 2.3845690828565802022
53200 1.7852127064768970044 2.5667249403064298363
53300 1.8076821454500744402 2.7133511211218102055
53400 1.8034893320061684552 3.0795822219375201811
53500 1.8202980163129593993 2.8118389955224998289
53600 1.8115829097121507463 3.5993707744272600557
53700 1.8254512551069146387 3.8078743383769300124
53800 1.804222168138518656 3.7522930991023999425
53900 1.8000694711128244485 4.1207535391826501936
54000 1.8174868013379681386 3.9870532900955399924
54100 1.8247404301090330847 4.009154568782090422
54200 1.8236768807148444616 4.0890390865923400554
54300 1.8363533822862621037 4.3791955075757895699
54400 1.8228152525503609205 4.2454172239193201932
54500 1.8539243363500619299 4.6108236617804498891
54600 1.8143366360559660677 4.5343510756566196562
54700 1.8226832877181720072 5.2598970434467000601
54800 1.8189764778581594129 4.9584796436598397307
54900 1.8175933055351947143 4.7623998497204498292
55000 1.8218698889790325701 4.4010249492227799806
55100 1.7972029755374105964 4.3410997406702902524
55200 1.8392218259687636017 4.1447130964570000344
55300 1.8221414619734714879 4.0558007522716703619
55400 1.8206394491876827235 3.7863071552833700295
55500 1.7943878044384466985 3.1727045260004698157
55600 1.7704142802189999362 3.4648300150601398784
55700 1.7492332108214638797 3.6017827748153701251
55800 1.7942227935094381408 3.4775002976870399429
55900 1.7918370055683996434 3.6831152235025101938
56000 1.7701547134834105801 3.828957269111429973
56100 1.8034652829935737817 3.867231326913000089
56200 1.7901925125481172874 3.5616144535755598355
56300 1.8121780787387768985 3.6537305469788901036
56400 1.8245472575483143718 3.558749908041570098
56500 1.7701191206217379293 3.741385919453310116
56600 1.7709070828720476776 3.8638315309658799457
56700 1.7821268041655089487 3.7477804464348101199
56800 1.7544212071368789907 3.9735517594836000654
56900 1.7646240904725620791 3.7076103195003300428
57000 1.7807770002038938451 4.1317208829850402552
57100 1.776262352032096814 4.2208846800814301403
57200 1.7862070738575395179 3.9845560739336201017
57300 1.7947261113759716 3.673279496998299809
57400 1.7928165269084972433 3.4319977054272099437
57500 1.8040528466938454688 3.306536612461480118
57600 1.8086290010779755288 3.0664964856470802168
57700 1.7562699006327746609 4.0458049158935498468
57800 1.743932373571290162 3.9378237582985398113
57900 1.757118023907159321 3.8011696987507099799
58000 1.7840856760433849715 3.4669190280803201532
58100 1.7790846717156605372 4.1090360990504199989
58200 1.7860127897082072046 3.9077221693450301387
58300 1.7933088132437495776 3.7538027359959400542
58400 1.7659859842578957689 3.737044967623840197
58500 1.8074297483324812674 3.9213076148263801279
58600 1.8008165175414740933 4.4050904851455996436
58700 1.7820670302091867754 4.7054413591153796403
58800 1.8032484973634315129 4.6003987715361098765
58900 1.8165618208399563205 4.8295354592106498615
59000 1.7634871677602830253 4.6978543626700997038
59100 1.783601449283763074 4.517612591265319999
59200 1.7981515101013221258 4.7732013788938703058
59300 1.7898812654931772759 4.3186441486230400244
59400 1.7835812951097944623 4.9850102737812997944
59500 1.7992131353667708549 4.8306814916893596745
59600 1.793210127655314956 4.3486627926700398561
59700 1.7950815052453537035 4.2556069742769899733
59800 1.7856824872790526548 4.3212606962985695702
59900 1.7895417014374748188 4.5071299330919103454
60000 1.7899610505314849096 4.1404973272359297809
60100 1.82253890154415088 4.1086463587351902405
60200 1.791131149184169935 3.321299934559419853
60300 1.7871478546221972739 3.2906979852068598547
60400 1.7805569698113177246 3.3258822631639701761
60500 1.7807943798810861313 3.5141870511336898986
60600 1.7780578315118371613 3.8237353164958700624
60700 1.7628530084401987654 3.4129068292837398957
60800 1.7402630712328557294 2.7861639635180801555
60900 1.7703312016325978284 2.8848311581481200783
61000 1.7497662574104064781 2.9819593200428498037
61100 1.7699746475470070628 3.0036570872514500863
61200 1.7762654938842632468 3.0480709586966598934
61300 1.7740838376574807889 3.5683156686368100452
61400 1.7472602942812054394 2.8707139661587501855
61500 1.7671595086853264522 3.3028733582022300475
61600 1.759262991095574824 3.1702615595938099524
61700 1.751618040993399239 3.8494264182105801808
61800 1.7585312305597033955 3.798173108957810129
61900 1.7283384560229355653 3.2994663007493199025
62000 1.7434507062320629966 3.4038865923412298109
62100 1.7501247609126655558 3.1498729648186598595
62200 1.7553363427945813946 2.9047956926963101054
62300 1.7531442263828189709 2.7784100985888899871
62400 1.7572003863478888874 2.8109864539387299232
62500 1.7636859942854492544 2.8066555511507100817
62600 1.7897414836534748517 2.8865973991151001599
62700 1.7676096587936989124 2.8811910567426100016
62800 1.7745671114604719687 2.8149339818900300791
62900 1.7779549314747704614 2.9772914010146100949
63000 1.7694927844195693645 3.1038690991059398883
63100 1.750542752344764974 3.2265157520130900437
63200 1.7954546860651960927 3.5905529889170200164
63300 1.7811092830796289022 3.103217677343060199
63400 1.744059820963480778 3.1707021332341400743
63500 1.7730864784613489249 2.8875140418777101026
63600 1.7586303684394806179 3.0270707265509400052
63700 1.7632750348761703219 3.1248866031025999135
63800 1.7643748144639563868 3.5740085492622402086
63900 1.7578659351287619916 3.1829062793989901792
64000 1.7611581886965970156 3.1796535567659298671
64100 1.7722643480701381069 3.5414044067871799371
64200 1.7738337286062704212 3.2044702459065201872
64300 1.7347320664939143153 3.3404710884203598908
64400 1.7624261269289451803 3.5053756883039199899
64500 1.7867814954806826577 3.5426822924859902031
64600 1.7520214843642556435 3.4840187737374601618
64700 1.7668576541117497758 3.8802633021833901061
64800 1.798962940038488556 3.8577588704743801529
64900 1.7871941289021395782 3.3010918231582397908
65000 1.7498993743028918857 2.9670117897432599641
65100 1.7529075243980838383 3.2220779305553599592
65200 1.7624118001629094366 3.0374373479779199769
65300 1.7652081117379332387 2.6368948806828300668
65400 1.7471268515325399928 2.7607890474152498861
65500 1.7687115996617872593 3.0335900229541699069
65600 1.7628764061890342951 3.149663458924460091
65700 1.778840043645919522 3.0818110875970701201
65800 1.7662938765161531052 2.9116163457044699214
65900 1.7895428425948303186 3.2682032533745197789
66000 1.7788469270630662411 3.4225703837041598909
66100 1.7600878951020710872 3.2349432881770598947
66200 1.7598552857116951387 3.6455240626615501576
66300 1.7688701585244288594 2.9667299478607200847
66400 1.7495626431258104461 2.8917643325462001336
66500 1.7666099104440520229 2.7699499200640298469
66600 1.7836146809087845 2.9400209455669101821
66700 1.7655834116767905595 3.148790646197889842
66800 1.7698415681031742785 3.5095243913027500682
66900 1.7561431730722179001 3.3152937530639898789
67000 1.7812404646527231211 2.8069329225393802041
67100 1.7652401163671200823 3.0649339575371401523
67200 1.7606080829453538694 2.9262295101217499216
67300 1.7820558051998049987 3.3755024358604401868
67400 1.7664061774913564218 2.8071805503307998286
67500 1.7572937275406250723 2.8268149117604699505
67600 1.7563888354611190135 2.6383045876880300007
67700 1.7660997652523322543 2.7646404719613699719
67800 1.7693818744582452407 2.7008202761851198836
67900 1.7604949369792459724 2.7785949229144502048
68000 1.7518918680062021132 2.8348419007430298855
68100 1.7741626423571630333 3.4207856943871499666
68200 1.7859854154084631173 3.1245441997789398236
68300 1.7633845837757513575 2.7555171968056799692
68400 1.7621791981832111151 2.760782561368940069
68500 1.7876385348815129195 2.96496243598534992
68600 1.7446555408846253776 2.8016247440104500299
68700 1.7428553696596100764 1.9879516643876800064
68800 1.77096348410746951 1.8896987995527601001
68900 1.7631731432061323872 1.9793010354453299815
69000 1.7834215381717790638 1.8883014357859499999
69100 1.746527730985784288 1.5673846067190100317
69200 1.7525669275370183708 1.9371881932830599116
69300 1.7406368619145911047 1.9450690468786100418
69400 1.7727122839120159625 2.3118884390066600787
69500 1.7783841861416269658 2.238497029888149914
69600 1.7432836752151419368 2.7101193820494700049
69700 1.7446802310104430056 2.5971663067542398728
69800 1.7671946809128469269 2.8618989591851700105
69900 1.7929412256923362712 2.7282096872893299988
70000 1.7704832841455138137 1.9540915328501500259
70100 1.774062377992730255 1.7008032908067400868
70200 1.7543891047857247401 2.01793366140875996
70300 1.7391270579325401879 1.9874064931202599649
70400 1.7385418672686405728 2.1982477903852100098
70500 1.7734018119440388972 2.6191864884772999567
70600 1.7615937026784533881 2.7370073667566998665
70700 1.724787458304543053 2.7238623061739901665
70800 1.7475899692634022653 3.0014916232773098947
70900 1.7538733436591873449 3.3663123626715001357
71000 1.7650745745771005968 3.6139736360740402077
71100 1.7372868444402340682 3.7167606329462699044
71200 1.746434869882819374 3.8196153288520000579
71300 1.787608346230740386 3.6810265286420800201
71400 1.7873199739882006387 3.6254930676082399721
71500 1.7980621812190353825 3.2913132702507099658
71600 1.7837118396333540016 2.9331939681572598566
71700 1.754950790209546696 3.2516826040510298235
71800 1.7710325211980295634 3.4768654263701099794
71900 1.7512689875877225365 3.4907470636624200466
72000 1.7680205036095526516 2.9167717437451998741
72100 1.7537051620606802782 2.9649938764834700144
72200 1.7121238453891778342 3.1686364246035600978
72300 1.7564376959622558516 3.0440378761708402067
72400 1.7516378215219370329 3.1832733125208099167
72500 1.7575892841010309908 3.2053865203918001647
72600 1.7434993437258825555 2.8267892800789899965
72700 1.740952946033941906 2.7471793161037401099
72800 1.7915647606412317128 2.0736783965316401002
72900 1.7586835514261840441 2.4019190348574799287
73000 1.7666913670374193579 2.2396717724483399259
73100 1.7796288348450464145 2.5410331231350000714
73200 1.7603200554953646328 2.7125084679835200774
73300 1.7378181879291945133 3.1344000731573098406
73400 1.7624121653356374928 3.0960502030381298333
73500 1.7722762346129954381 2.6190602863588101634
73600 1.7776966558387545803 2.4244485085081999287
73700 1.7747976340777351645 2.3589794945957498484
73800 1.7639350669368674129 2.7938601963305100817
73900 1.7716471185132307564 2.3046893753542301297
74000 1.7498942632009395481 2.3862646115150600856
74100 1.7190237831214234543 2.8786498054381501888
74200 1.7375520391369880802 3.4565219032126002219
74300 1.7733960712274488003 3.34378992879998993
74400 1.7339214833597795806 2.2701782673750900976
74500 1.7385164903816532345 2.1784241870362102134
74600 1.750723552558421714 2.1007708081820699597
74700 1.7682721516344497292 2.5699406848352999155
74800 1.7775172112298025517 1.914869900049070095
74900 1.7763801659346369899 2.2798916688114601037
75000 1.7528411601411075793 2.1219085517730200685
75100 1.7653997992130139316 2.3028192266705800328
75200 1.7524912432800472395 2.7292975586886698558
75300 1.7599020601718207146 2.9120564378445998877
75400 1.7679417337783966957 2.4240069716864400817
75500 1.7489456842176651641 2.0064699268982999492
75600 1.7432407929221866993 2.3771894376265900739
75700 1.7727592672822674036 2.3050476412178602104
75800 1.7441570270229056483 2.5043091723241701629
75900 1.7528663429080473257 2.3773052901679099236
76000 1.7589868040371927638 2.042671987693529978
76100 1.7603422086391873336 1.7576069560374298906
76200 1.7603209986380599084 1.94716922728783004
76300 1.7604672719504383949 2.0695456220798797986
76400 1.7601317587787586039 2.1675763904264000459
76500 1.7586695839613992742 1.8501836816368499861
76600 1.7827881452896767733 2.0039336179292002171
76700 1.7663312561661141942 1.9240272498739499074
76800 1.7511036592830224734 2.0577773268817698415
76900 1.7728660679915926313 2.1346817791644401296
77000 1.7228531953592953752 1.8591271064679499858
77100 1.7263025110194456513 2.1838659218350500169
77200 1.7291548238562375328 1.9355551232920500393
77300 1.7624441318570767123 2.5607419749165298839
77400 1.7357583119142618866 2.3503637022896000097
77500 1.7461215863209473831 2.9349790260277299758
77600 1.7559594222967747079 2.8899110040248401354
77700 1.7142432850452580251 2.7819821029724600692
77800 1.7410657576378050226 2.8210468538419202211
77900 1.7437493844041873636 2.5929116025428498027
78000 1.7500942576695390773 2.5916840636153799515
78100 1.7663014333546809276 3.7733141353028298859
78200 1.7686233777029181091 4.1798210738241197149
78300 1.780249643906624657 4.0563632573855104013
78400 1.7566094695467897591 3.7860898528144901753
78500 1.7709219760163361634 3.2463615082722601102
78600 1.7740530777077094804 3.6960766265843201239
78700 1.7636313177887987802 3.6264648935063701352
78800 1.7711585656140980127 3.6359635026341501352
78900 1.7674995373292714529 3.1960683223539998465
79000 1.7682981697487170081 3.5522433791144698567
79100 1.7577829485600353632 3.73109789886113008
79200 1.7526677095332574563 3.5288773655736900281
79300 1.7588307582154478759 3.0354416163591699807
79400 1.7763406617882011584 3.1716735519076699745
79500 1.7459623959853087793 2.8165767350292498783
79600 1.757930378677623251 2.8894039546624599168
79700 1.7500329338110076627 2.7076326396902499205
79800 1.7602242768735802958 2.8109900525394602155
79900 1.7520587473841819914 2.836458980284319864
80000 1.7593822872749047548 2.7245433914198500247
80100 1.7682427576649097922 2.9591091000144298384
80200 1.7587796823904300325 2.8630126785758398533
80300 1.755720943704108139 2.598829904170009808
80400 1.7727347554612560288 2.3551122616848698677
80500 1.7664708685140246835 2.0937783824323998871
80600 1.7356292991403408088 2.4940007585345398411
80700 1.7595997924485904385 2.1308641658390401474
80800 1.7652019970810635119 2.6075079700966901086
80900 1.7813206535775389927 3.3165291094373499092
81000 1.7647589984141889285 2.9080636268505197783
81100 1.7539437616693118738 3.1850208495515301976
81200 1.7358328573677654916 3.0687062965828499905
81300 1.752328839830748386 3.1913796787718000658
81400 1.7408010085587632965 3.1022103240280300973
81500 1.7327043324014836934 2.8252670830529700297
81600 1.7364873575058064059 2.8574316669406600866
81700 1.7305813340841524894 3.2175891661791000686
81800 1.7347327743563307756 2.8774466018134501333
81900 1.7381256871852368562 2.8110427923685898932
82000 1.7501428285716147393 3.0063159357286100004
82100 1.7612696742680937767 2.6481500161413000782
82200 1.7476521801576938575 2.8845980769720100945
82300 1.7350255646430952083 2.9279908426385699016
82400 1.7263982325030329257 2.9561006111578298494
82500 1.7438235232136134467 2.6162693523753701719
82600 1.7575019379991623225 2.7476327382481700035
82700 1.7244482357340051859 2.6254306489509899869
82800 1.7511044556807220385 2.8557771289019999728
82900 1.7635653737424488163 2.8398556199205300388
83000 1.7541640446897222017 2.7821155286325698341
83100 1.7790995678028553861 2.7777618755193000943
83200 1.7466279277887672983 2.5299782634319600838
83300 1.7579608888963387248 3.4183353615533600411
83400 1.763252827106285725 3.1465387466285101858
83500 1.7637668846334133566 3.2828140574013398023
83600 1.7449993064892674877 3.2462050450507300425
83700 1.7480654744095691644 3.2688607073850701745
83800 1.7499303192159441078 3.0451694180751700536
83900 1.7307301553432126173 3.0861271475105898077
84000 1.7197057159465445331 3.0533058029484498874
84100 1.6960842904922939223 3.3890340352859498196
84200 1.7443076590518598046 3.3395298491377998218
84300 1.7583963946425573699 2.8254554647549801061
84400 1.745114914814885676 3.025448237608769908
84500 1.748121218487121098 2.5440458154332001861
84600 1.7457150301175747842 2.9226351827988299448
84700 1.7440888269352272655 2.8787596449064700721
84800 1.7455828592754349948 3.2545668672717100733
84900 1.7606709672024083435 3.9886894944047202038
85000 1.7623601905251446986 4.25233526978547971
85100 1.7364956921819492131 3.3260253065793699001
85200 1.7174723242629066355 3.3981247356153798655
85300 1.7537382266406678077 3.5345894790233098881
85400 1.7414193298750979544 3.3270559344321899431
85500 1.7574330596411265049 3.3567026555377301733
85600 1.780207419767113608 3.5181411050243798222
85700 1.7498985640371289563 3.5906674315846101031
85800 1.7527717860795068994 3.5352114258278199976
85900 1.7416654330894314473 3.8011084860596699997
86000 1.7250793034526032965 3.0331026874917799141
86100 1.7213806116428873594 2.8117818927922502148
86200 1.7280238191858430241 2.4938781436040398098
86300 1.7327632141925766174 2.5695601549327902191
86400 1.7417613514747747328 2.2456812889345600937
86500 1.7415644240913439322 2.4008129389450898472
86600 1.7505840974991941916 2.9798971518295198635
86700 1.7151859591629587953 2.9479047344210500547
86800 1.732512660905709323 3.612329779492879922
86900 1.7311168846283557787 3.7095484121517601217
87000 1.7387164062630011685 3.4276102118291800203
87100 1.7346807889468287556 3.0038344628738902209
87200 1.7453053982940829325 3.1141073673746899608
87300 1.7434137637293420919 3.2653428062685398992
87400 1.7557168868371682002 3.2679954306120699847
87500 1.745141880579819782 3.6845024104232599882
87600 1.7521966048527606308 3.8873553262821198828
87700 1.7357605731521954517 4.0005659915466598164
87800 1.7427022850894375861 3.7411747488686599716
87900 1.7270046260359925849 4.0446015000118800131
88000 1.7436452995360878226 4.1622238892801002308
88100 1.7516735342091938055 4.0598992533241196057
88200 1.7384258749118626231 3.7982590261132997966
88300 1.7601787195586395818 3.9515687992692498653
88400 1.7404800363673327279 3.7901983976786399744
88500 1.7426875600177522685 3.8665804544219097849
88600 1.7381291080633554103 4.0722418137242000213
88700 1.7483388938787951528 3.8257667821492100657
88800 1.7369777680377838092 4.4356078618091103749
88900 1.74092571820104558 3.8466632237313200804
89000 1.740174092821727303 3.421826568461889817
89100 1.7637430766482475875 3.9719088486012998906
89200 1.7625868849019064033 3.7397792338916699961
89300 1.7434017079115744497 3.7745868125742800814
89400 1.7310188306273259773 3.8886874546467899982
89500 1.7572592969070948143 3.6897974117122700477
89600 1.7322365340871714867 3.7994330545375198938
89700 1.7413292808151845659 3.9146035475128901915
89800 1.7719675605096882887 3.6951445595650000975
89900 1.7613637076079760035 3.2714548818696798094
90000 1.7536382423934959718 3.0886213917937399565
90100 1.7324959056535931268 2.820411057731090132
90200 1.7430045631563761965 3.2061085555029698035
90300 1.7543998481174551962 2.9459065475277599333
90400 1.7650889079958016481 3.2005200326094298546
90500 1.7521542246460275472 3.4035782878864901946
90600 1.7709712114227085245 3.9361355708529601749
90700 1.7695761313218081323 3.4036972187369700649
90800 1.7722297698180995429 3.6114780058322399903
90900 1.7464068241524570713 3.3590840467127600633
91000 1.7202353000615759893 3.1029682727379301888
91100 1.7325950442661024464 3.0180124649861501673
91200 1.7319647567393219312 2.7527308117694802014
91300 1.7277787657733860716 2.7000986252348000427
91400 1.7485280721048928054 2.8335809797778499508
91500 1.7673336983504153164 2.6735913207697801219
91600 1.7446188642564730564 2.8829331904208599369
91700 1.7657602939788898944 2.9492990556753397868
91800 1.7481842758344328104 2.9288022676938498812
91900 1.7195026112235258786 2.7091793671882600236
92000 1.7262934956047886192 3.0139412042128999047
92100 1.7196405709578521659 2.8401732432016602026
92200 1.7757507116079713771 2.8594278979140899111
92300 1.7384492223208358741 2.4053755067591398031
92400 1.7490657507200779719 2.1676628730627398589
92500 1.7373018536709865511 2.2258343530437301183
92600 1.7696251165278589212 2.8304154708075199842
92700 1.7324657464619361846 2.3994928806811999245
92800 1.7481016834538152249 2.223482073324769992
92900 1.737501409462886226 2.3833978880400601419
93000 1.7673842703221644967 2.7878021719327299444
93100 1.7302681428247013162 2.360739440903679931
93200 1.7438957399842147655 2.5136413829049799595
93300 1.7517871542213883096 2.2899913354675200949
93400 1.7381681837629543441 2.1579063231188500005
93500 1.7589550165001464066 2.3546447281936901952
93600 1.7616913742366784312 2.3922643642977599043
93700 1.7669985725400663146 2.2795129012266301949
93800 1.7463407424566452786 2.6628015224896599555
93900 1.7655091852494579907 3.0355731466042299438
94000 1.7689320670196320151 2.6881864143470899364
94100 1.7680491734808487791 2.8879286871900999856
94200 1.7657833418636676992 2.6769417383772400321
94300 1.7643441582970160741 2.9355725471340199384
94400 1.7824392010570695444 3.0200833135281701658
94500 1.78275828552388238 3.2785714530326699467
94600 1.7805042249407767585 3.0511579940365600727
94700 1.7851482445771527097 3.3993953972930501806
94800 1.7379728936506260162 3.5389597365673299834
94900 1.7675154039397587002 3.5818350696914897924
95000 1.7371707665454700908 3.1977761619879800925
95100 1.7502633525206006126 3.3555549349502400425
95200 1.7468431949523057778 2.9560009505765201254
95300 1.7456845775663938358 3.1082873253943699154
95400 1.7301209948007598705 2.8434620694546901554
95500 1.7344605900840002199 3.3712391976319899811
95600 1.7381986128140776149 3.0424531043720199897
95700 1.7286159123926747583 3.2988010842715298487
95800 1.740380121473755759 3.4877160165105700607
95900 1.7433720439143469694 3.62679632920059003
96000 1.7238838715683495462 3.2132592133705801807
96100 1.7403309009532805796 3.657439113636229866
96200 1.7454683617838941956 3.4987080901427098922
96300 1.7164264360247112329 3.4189870554785097845
96400 1.7223956734328191853 3.3301880211691101685
96500 1.7131924128859588041 2.9600450395561899164
96600 1.715367107626960097 3.0294335229869702175
96700 1.7205409163608764711 3.3377000849126399196
96800 1.7185717027060301021 3.5576467372641000786
96900 1.7199494214940389547 3.5048475904804998748
97000 1.7064729926984671948 3.4892191259014802007
97100 1.7127813827069888752 3.5347305267475901402
97200 1.7415656591772177286 3.702775722928770108
97300 1.7407999793026924795 3.9088855935618798121
97400 1.7449961756895631115 3.5440934082290000973
97500 1.7224158346456013291 3.6508891708609101379
97600 1.7375810815057006753 3.7699828840938698349
97700 1.7333644435919315363 3.6805589076123799153
97800 1.7552560871375306739 3.90590748473180982
97900 1.7553957246720768293 3.6862888419501498305
98000 1.7509432472635320099 3.6558224406454598032
98100 1.768389214138734955 3.8844169082126200898
98200 1.7400987627781479006 3.8485174079262400859
98300 1.7508764175020938847 3.8270501157038898654
98400 1.7437589924422063348 3.467988821236970054
98500 1.7357698596228590127 3.3426980357367699348
98600 1.7574787658929365008 3.7875869269177000476
98700 1.7327866744709321534 3.7119395386219697919
98800 1.723476160543935487 3.7939726789680099373
98900 1.7303057696383044028 3.1648728004443400508
99000 1.7411979866275140161 3.2427012747742098853
99100 1.7746182184279002403 3.4122329142587601858
99200 1.777623570887146176 3.4384109331797900744
99300 1.7372502942666239178 3.3368973522350802163
99400 1.7485953386731403203 3.4857841493825101331
99500 1.7553006699596187534 3.2071904222630398529
99600 1.7226242049447499927 2.8923094148810899462
99700 1.7362407567696176436 2.8168372433664101706
99800 1.7257035076186209022 3.1755362533950499682
99900 1.7414905654077321717 2.9725205967411798547
100000 1.7403807306887992823 3.2117717312945699426
