Step Rg Re
0 14.404585915219541903 48.917462160700402762
100 14.395544477148222384 48.660801684797597488
200 14.228332852157546284 47.301277428291697902
300 13.926973292082388767 46.047187820061196817
400 13.517752907584835498 44.168721729884296678
500 13.023387100017471241 42.22905138804870262
600 12.476867270290107115 40.034828683600899524
700 11.900792534190674843 37.478192868036799723
800 11.306227234123081615 34.923477903219300345
900 10.684555998858487058 32.154349249216600981
1000 10.046841810946782303 29.619829435446600741
1100 9.3971461885094864641 27.33774499516789902
1200 8.7360546490249131324 25.178461651697098489
1300 8.0679533162173591165 23.582338666705901176
1400 7.4093432623715926866 21.738613942116600697
1500 6.7666825241816441761 19.852536073815699069
1600 6.1250749605093899319 17.680167114645399806
1700 5.507648890793008789 15.613787090626599863
1800 4.9257216429850174677 13.615423608042000581
1900 4.3906720877042468842 11.308117324496100409
2000 3.8813590970068259089 9.3324321391907592016
2100 3.4066152251586894195 7.6969609006466397361
2200 3.0681203755037773639 5.9042386345612598575
2300 2.8198711128457127906 3.7660396021462498872
2400 2.6868534339275780276 2.8234005785204301375
2500 2.633339827883153017 3.6575482054020698186
2600 2.6671001159774689881 5.1485776306217001519
2700 2.681898454182695346 6.2319656668044300929
2800 2.7117344438880763846 6.5466614808666898639
2900 2.8372734285673431032 6.6151374498874497831
3000 2.9928708474654728278 6.9546240175721001364
3100 3.0800870672369708991 7.617918479842959556
3200 3.1615091576521567873 7.9764245102172797175
3300 3.2428515267524642418 8.6989638983666495164
3400 3.358493488433691887 9.5548082785933203809
3500 3.4297913750178659065 9.6670934847488307895
3600 3.4841462778697538383 9.1027418293561801477
3700 3.5247457199100153957 8.7154306987375491644
3800 3.4818334399412753655 8.4802738586702108847
3900 3.3981200002720957087 8.0879953885133595293
4000 3.3455433862366543707 7.5831000732845001977
4100 3.3078493362523269106 7.3532538455630902519
4200 3.2901590107201377222 7.8606525454121998209
4300 3.2369175908706564471 8.0887718564150095091
4400 3.1285649670435691228 8.4879461209286102275
4500 3.0126737033401691512 8.9622739406270195417
4600 2.9027519440069138312 8.7154430927342101398
4700 2.8367456386671570101 8.2423793568347392124
4800 2.7835704411502213418 7.4670568048310599352
4900 2.7355332459109655829 6.3371317884071496351
5000 2.721752036816336151 5.1634177164729901932
5100 2.7293781705303059582 4.6119127015850800433
5200 2.7145880552843020261 4.3207593478918298047
5300 2.7566029442630450852 3.8909245849791300742
5400 2.7473919803672921525 3.4302528433879699854
5500 2.7643574506795185464 2.6328001300618097957
5600 2.815305113016560945 2.9385740440936500839
5700 2.8529330594651391984 3.9363420264239201707
5800 2.8549785648959016271 4.7574284447950097032
5900 2.8361450576241677979 4.968145568010969626
6000 2.8857350126849952154 5.1875821540162103673
6100 2.937790848963083068 4.9584323713474303119
6200 2.9242915056360407888 4.5291223092117602889
6300 2.8448607628261455282 3.7268073787904398841
6400 2.7241048107711169912 3.7847642526664602158
6500 2.6986552392204243844 4.7561575978523702446
6600 2.6888058464809683201 4.8541396721263998515
6700 2.7004736554304269447 4.600106913802970432
6800 2.7664016494498917531 4.7476619341867198898
6900 2.837624450633858153 5.3705055102392096344
7000 2.9237571141821403486 5.5836566427641303179
7100 3.0011218619079857994 5.2755024644226802266
7200 3.0990849387585068797 5.055347801088640125
7300 3.1247205488659690609 5.5577828100247002041
7400 3.127313674040186342 6.7895538852153798359
7500 3.2018714113852455583 7.1066381089769103951
7600 3.2199014346308958423 6.9121908364426598581
7700 3.2183240390645280193 7.0354582540111900713
7800 3.2074363523431568268 6.1399761721868797437
7900 3.1354928590608230898 6.0235814963080702711
8000 3.0890451971106775986 6.9222689740796399249
8100 3.0512115414183953455 7.1737397106185598616
8200 3.0074393215222783304 6.6300035807135202504
8300 2.986148833065304764 6.2383349085183601446
8400 2.9212086217158015344 5.6530172822983502101
8500 2.9046185704488887147 4.4245213870475996742
8600 2.9215091490993052581 3.0944926097518501429
8700 2.8584281085338232309 2.0812323808001900183
8800 2.822088859438974584 1.5287451255213000412
8900 2.793480129838073811 1.7880328067898099142
9000 2.7366532457819889856 2.2415161314229901102
9100 2.7287781087980804706 1.6759047026203099939
9200 2.6250592884082322165 2.2206670170143500975
9300 2.5093130905986096302 2.8479937836725901512
9400 2.5211261317341242538 3.3280925199103399414
9500 2.4878001450150999396 4.0796859362495796475
9600 2.4414415483888802783 5.5492795181017902095
9700 2.4121356206823514334 5.3804371938662995944
9800 2.4006855205876815873 4.9012682543848198335
9900 2.3828414918892568686 5.2406959777700796721
10000 2.3480870924291323831 5.7375251632397903379
10100 2.4066699242199582898 5.6912954606774404098
10200 2.4416093104366636268 5.256924800319329627
10300 2.527846715668967903 4.1089057081036397534
10400 2.6342271007670396976 4.2099228716370200587
10500 2.6651900086947470925 4.414215930558530232
10600 2.6581556277135596211 4.1833912820147700629
10700 2.6853574444444308078 3.5594843066513099927
10800 2.70047398652498849 4.3441109746060000418
10900 2.702454075661300692 4.354237503326110037
11000 2.6427901635396620073 2.924957890692999829
11100 2.5671203825355619621 2.3952616324817701532
11200 2.5277423910438301391 3.0893830976964400392
11300 2.488695823860381573 3.3616327528654901258
11400 2.5514370783220137184 4.3677932923823403755
11500 2.5827565025936785048 5.1822835688720498837
11600 2.587745097938781047 5.3348291229083901754
11700 2.6462972845593308868 5.9781752023838103938
11800 2.7139124727711094742 6.2348917567375403692
11900 2.8543148071148647382 6.3563286772363696286
12000 2.9994510553557360844 6.7417334002914399704
12100 3.0930339978119443245 6.4135804493064103582
12200 3.1590065776605626979 5.6144318568610502851
12300 3.1682949417957670946 5.2524556841769998172
12400 3.1670915358301114928 5.0390998806348097361
12500 3.1467252565288847954 4.4647754026550199313
12600 3.0635126734878235233 3.8421178358357401805
12700 2.9552394112349777977 3.7324731181618298059
12800 2.8437236822949745196 3.9367764414050898658
12900 2.7334379357063194327 3.5043126287857098156
13000 2.570450443428841325 3.0844021970198101101
13100 2.4518745116088238589 2.9404221037653401893
13200 2.4078319496491102925 2.9838431079597698137
13300 2.4051152238708342068 3.3335304072418701082
13400 2.4637876392470832165 3.7552540695414600158
13500 2.5618823522171840779 4.4746814577777103139
13600 2.667475001582856553 5.9843007162309795888
13700 2.7215001688124411672 5.5116507140676898047
13800 2.7721209751737232452 4.9045902480101100096
13900 2.7861866960707888374 4.3188797478050497958
14000 2.8337152200057502682 4.7225813273967203187
14100 2.8866322091029523733 5.1583925058006903086
14200 2.9273846460221544241 5.6205163508373896519
14300 2.9270549469554718591 5.6245895826177196852
14400 2.9232712607530686455 4.7498668731190596404
14500 2.8806162262444274802 4.061860286729499947
14600 2.8636514155726118247 4.2527454791145498092
14700 2.8862121151784601025 4.5163717772214297952
14800 2.920724298113794859 5.1820227753755698785
14900 2.8775952350056033247 5.2782488909623399564
15000 2.8695852116873967752 4.9196329545372803338
15100 2.8748511406832162329 4.8743125681270003113
15200 2.8568927125437357795 4.8504304188160798361
15300 2.8949309827954947671 4.7282463625728103906
15400 2.8896474843885062711 4.4365566680298096358
15500 2.8440744718178736505 3.8607679484838799411
15600 2.867271983568179472 3.1293443088704901989
15700 2.942348886534318364 2.5898762035052298458
15800 2.9654460005524829747 2.5143850951120398918
15900 3.0519997847053490503 3.3129698198943100529
16000 3.188546171875943358 3.8566021192278001628
16100 3.2564374424753239623 3.3698162770368398355
16200 3.3306450261246229871 3.4449424176890102167
16300 3.3605131746899106204 3.3239791369553399747
16400 3.3644476664967122304 3.3520645731062499451
16500 3.3692402741445390824 3.6756112782942600425
16600 3.3418078725211497471 3.8593791070081500116
16700 3.2563083462592237183 3.9207106388975900835
16800 3.2018519244189165285 3.7989856329699200899
16900 3.219537184354180237 3.8007106936438899147
17000 3.1695214359077472643 3.8478788559497600907
17100 3.1055902049132884102 4.5803739884689695927
17200 3.0356090560482238416 4.8389205271340998138
17300 3.0159932311219641576 4.9304639836305499401
17400 3.0012462472459819907 5.4075742370672799098
17500 2.9698868744839672651 5.845053146560980295
17600 2.8487049712839591642 5.2118242664563396715
17700 2.7494455282567558108 4.4425145081882604359
17800 2.6954697918138110779 3.7327797661860602219
17900 2.6736406790602305072 3.1785918013860299247
18000 2.6287020718921274565 3.2944527157407001994
18100 2.5599555753859708496 3.2712261835749898431
18200 2.5172843106176103767 3.5272934677639598
18300 2.5868020631136174892 3.4863745890745900802
18400 2.6531299094770344205 4.7417316882348599094
18500 2.6672356169043380802 5.2303246857574796636
18600 2.6576400190731352957 5.3293916474176796783
18700 2.541498375629983375 5.4780394738544400113
18800 2.4166555229332402632 5.5969670494234202707
18900 2.3630954075324663854 5.1490592081768298272
19000 2.4202638074577658145 5.6096576820876000724
19100 2.4299054904883918837 5.2409262140144399211
19200 2.3844401630010487736 4.1123711635210096205
19300 2.338084767818705334 2.7362754435985801038
19400 2.2942753670362598939 1.288179322203879984
19500 2.2216323012495804434 1.4667886856348000268
19600 2.2402141929261052411 1.8607348456909400536
19700 2.2372664420873382696 2.353364622025340136
19800 2.2782622360204567435 2.775518288044120041
19900 2.2939071027465107733 2.3560454531381100907
20000 2.2784474787201580703 2.8779305515677600091
20100 2.2599357288798720411 4.0182403614092203625
20200 2.2904399192338766866 4.4484730298915202695
20300 2.3540269713672130614 4.5342733660705700771
20400 2.4533545826710114746 4.561613766388389557
20500 2.5428879445138230508 4.7512434677293695628
20600 2.6018018177094028864 5.6510962847501495787
20700 2.6291545912627780623 6.3756826642732198351
20800 2.6657182801091932056 6.2053642533295096939
20900 2.6881050166813387214 5.6845753407165400262
21000 2.6681879530338608042 5.4574466483685899476
21100 2.5978919687656927273 6.0943947020559896544
21200 2.5318927079409534464 6.9603262272646899689
21300 2.5058114768071759748 6.6354170333973696572
21400 2.4000761181757446217 6.2485697942801801119
21500 2.2779333950585383128 5.9808651086639601502
21600 2.2308237602010518863 5.2109083967093399181
21700 2.2477357484418196698 4.358416750783200122
21800 2.2828665848717109021 3.3702449721142100358
21900 2.3211427095302719081 3.3647770630169899775
22000 2.3843107375151504357 3.8422980960600199296
22100 2.4096005009174965572 3.8986801910982498143
22200 2.389960755762187361 2.8954316664682799853
22300 2.4294999176061091717 2.0243207073851001709
22400 2.4126330482654880782 1.5001702652130399773
22500 2.3384804102554506144 1.0596049313062501085
22600 2.2772301630209224044 1.6080153155506400342
22700 2.2922283964587566452 2.0477713781063098253
22800 2.3189380349313237772 2.621164519347690014
22900 2.3057095907083073882 2.8413801870493000656
23000 2.2508648152142614052 2.4060142578299301697
23100 2.2881045083696545106 3.6391411505081299183
23200 2.3569947032902893724 3.226111137625289782
23300 2.4169314834614166188 3.3222735733894399601
23400 2.4499136301424750961 3.5365454761951200524
23500 2.4883221291533401676 3.5283398182050897951
23600 2.6177437439108617312 3.743172205940109798
23700 2.6579636315489292286 3.7283475651195301381
23800 2.5924628329629602064 2.9607995653085299459
23900 2.5303535129163066131 2.3205597925132401826
24000 2.5301225131743381169 1.6834704510045599424
24100 2.5757490272666587749 2.2433382589525598938
24200 2.5797682722382484499 1.6945709300578799539
24300 2.5445618625617876241 1.443979500783509895
24400 2.5481289206828470206 1.6178489406404299444
24500 2.567084960800246396 1.6602488370778800686
24600 2.5932727669044042251 1.8889681843661099148
24700 2.6185010813987861233 1.960834829401199908
24800 2.6368136726085316113 1.9123810806889900427
24900 2.6369206632453101591 1.656963185600899946
25000 2.6375297480595163435 1.705550908664229981
25100 2.6308779580949450683 1.8893239604598899284
25200 2.6246266218411320459 1.766427812873349934
25300 2.6684595471852872173 2.2327907814178398205
25400 2.73017176787839011 2.7577316998352801036
25500 2.7273531088864113592 2.8193487264480299181
25600 2.70828530119427624 2.6526595409374800205
25700 2.6076518164385831255 2.4724447453563600519
25800 2.5244479252923119894 1.8827052530267500696
25900 2.5268577455184004776 1.7864605712908099289
26000 2.5425805224005304517 2.3867777137868801951
26100 2.5373536042241799926 2.9515866697571500055
26200 2.5396735000010468575 3.1489346235074799907
26300 2.4929019780819348107 3.4663132050031899567
26400 2.4843073124075858438 3.9550878273505398752
26500 2.4810029716691475166 4.189156556783779628
26600 2.4515521648318499004 4.3086303841253004165
26700 2.47216261255385783 4.6694225630580099562
26800 2.4827472901272900074 4.4793358636802897976
26900 2.4324707626952473127 3.5670688396124599073
27000 2.3125373175835290951 3.0778890645344998411
27100 2.2408218145269738208 3.393842529751890158
27200 2.1941742121179070857 3.6576006593981800208
27300 2.2640740089037421079 3.0078619371287200757
27400 2.2447630121870973952 2.4843555212892098893
27500 2.2791410311494204599 2.5363607007143800232
27600 2.3534083044430853526 3.0386552849466101911
27700 2.4291573222077516014 3.0502309327304200082
27800 2.5107474292408706873 2.4640484698022699916
27900 2.5874796176004415393 2.2340355850837698704
28000 2.7083689798565879769 2.1200291240725102071
28100 2.7099826233963377753 2.0141643488287499508
28200 2.6308284477905727883 2.359359545274740011
28300 2.6034741516602757372 2.7529266660599600591
28400 2.5390370560793464882 2.9441990045553199096
28500 2.4585639851347882434 2.5233541385776900867
28600 2.3997721158294558208 2.5422774807779799922
28700 2.3886953928582967954 2.9046247680720997941
28800 2.458413014121904272 2.5847493891331900784
28900 2.5366033228197157889 2.0428467033790798091
29000 2.5707412932788189508 1.8654827350432399147
29100 2.7322880234829121093 2.0297077186459899778
29200 2.8757831095699564194 2.109089054505739913
29300 2.9152723479280182595 2.0303017952229001075
29400 2.8958221239537138558 2.7646034691821799179
29500 2.8818294207395571682 3.1236406007466501755
29600 2.843354332833589293 3.1158344627904499546
29700 2.7670045032913588301 2.3685584928028098339
29800 2.6695727794793069343 2.726442441278340123
29900 2.5637100798608840613 3.0749792460270000127
30000 2.5018238680688025255 3.3545401538583301537
30100 2.4626977518098445152 3.5663459027532500301
30200 2.5234070916799185014 3.191499514533859827
30300 2.5300326603199190245 3.9094741101055601185
30400 2.594820917181224651 3.7843135882782399371
30500 2.6471378244478320774 4.2754059684375302908
30600 2.6633061242398756718 4.4246747432024395863
30700 2.6812002105120456008 4.3833140962883403446
30800 2.694903595499524851 3.9918490886297499642
30900 2.6806023425295379958 3.642782813592570168
31000 2.6870688611175759242 3.788710202606830002
31100 2.757807391586743595 3.7648208510381397929
31200 2.8428768705620641732 3.5348242162930199051
31300 2.8954428369649765074 3.6208341244886401711
31400 2.9079888184223396941 3.5939837590695100644
31500 2.9100092213018533549 3.7366192025689599632
31600 2.8401540830788927217 3.5894748705357502061
31700 2.7503789961449913726 4.0876711359962500936
31800 2.6790012353908667642 3.6577779076263001734
31900 2.6784068646994332319 3.2076068940866098167
32000 2.6596493177121658391 2.6556873374034699609
32100 2.6051682942585552283 2.3042011799417898565
32200 2.5465829051930457538 2.7514453768493098984
32300 2.494601875113331424 2.978497912361159905
32400 2.4788715715208042845 3.0148338939230798772
32500 2.5619805992904089997 3.3009248503897499205
32600 2.5854004030429420524 2.8884885572211498328
32700 2.5353319403904244211 2.7395590756377399266
32800 2.5096684003449865052 3.0860336213196699617
32900 2.4269718696340025765 3.5646078954917101989
33000 2.3399528595957033161 3.9870280084933300557
33100 2.3315154523747336768 4.3149966843114997417
33200 2.443918515828839233 3.840254607778629925
33300 2.4857143678345696713 3.715892602895579877
33400 2.4922989363702723331 3.4822529154798500528
33500 2.4839341202140410303 2.5245708461720899329
33600 2.5091540441564958996 2.3220841325524901322
33700 2.4917862898471714317 2.5470633381528000605
33800 2.4253176561350939799 3.0147584152797097801
33900 2.3487396916087828203 2.6007508806484400665
34000 2.3239637082716306793 1.9626228927358400078
34100 2.3819998866141784966 1.6638577026145400239
34200 2.4316012994466955632 2.4700464539276199005
34300 2.4051802841101035391 2.3734928702038899928
34400 2.4280595370895556862 1.9117517628984199707
34500 2.4491940020271716349 1.6375915448691900078
34600 2.4921410090030895468 1.5045153678169700395
34700 2.5275867168030412557 1.152531288974719903
34800 2.5291489844395886877 1.3261399120873000879
34900 2.5521964409793462814 1.6564747932625500937
35000 2.6103832435341263185 2.1654496053961298507
35100 2.6577597912978503381 2.0114751510100701282
35200 2.6364682373273611304 2.0055154007573401387
35300 2.5151678113219042565 2.0652953081420699633
35400 2.4570575984856550811 1.893453748207249987
35500 2.3821173317871302544 1.6137281047129699019
35600 2.3487104184603411206 1.610772577783740056
35700 2.3584091759500260821 2.1089302795822502112
35800 2.4299307837503971719 2.5049824389160599836
35900 2.4924092401075363945 2.922989708536139819
36000 2.5413428186494821936 3.2713717527225401049
36100 2.5238851490901881292 3.1256815540167601775
36200 2.5848727525616248535 3.0229586433413500046
36300 2.5985093404952586127 3.5413418392242101973
36400 2.5598256468724200907 4.1606792637404597102
36500 2.5621683148131424446 3.5873862485795902089
36600 2.6162180979101385958 3.2239071020184200123
36700 2.6644625308144016529 3.8566674764755699556
36800 2.6396217019568357642 4.9278052863403596362
36900 2.6180541097675087414 4.9048394594887598785
37000 2.6648018806959656857 4.8631173405307901447
37100 2.7537408792838924398 4.8455457503344998571
37200 2.8024062378993814804 4.0851461262396000507
37300 2.8771898703540434994 3.2939386078048698003
37400 2.9195512436248880483 2.9494369753101401521
37500 2.8842031624336641471 3.241442783269409933
37600 2.8593029703398520347 4.1333022309593303589
37700 2.8588029233975729149 4.4846356978747801136
37800 2.8297523027935111983 4.2668692746807996841
37900 2.745522056921096965 5.106914014995060036
38000 2.6653191518135463944 5.6089880312981303945
38100 2.569148635021262006 5.5944017233631395669
38200 2.551158278544646496 5.755904225244470318
38300 2.5125365196516682431 5.8769365274729397086
38400 2.4801252204177437477 6.0219190773289197338
38500 2.4631407515450196577 6.0162023703790303841
38600 2.4082047018798005134 5.3833320795750703169
38700 2.3989413141084039438 5.0980381204122702243
38800 2.3406906426620341932 4.7654777049779797338
38900 2.3458799418362676903 4.9026870774321897883
39000 2.3715698024767348784 3.9764104094135399592
39100 2.5141560341551669744 5.0839950165996299347
39200 2.6834430655818750644 5.8719981257193802904
39300 2.78759143771928386 6.7528687713101698264
39400 2.8889989474651889267 7.3284079781404303233
39500 2.9538819897083858912 8.1609538937410892601
39600 3.1094532004171391293 9.4161429154384403972
39700 3.2655565354011644175 9.8040338036294194524
39800 3.3985765103421297084 9.9111625367877493886
39900 3.4841057396535348722 10.39165723671949948
40000 3.540985248405073893 10.631632948958300133
40100 3.5694790118927066658 10.32590147446950013
40200 3.5878195935827013052 9.6933927815886899992
40300 3.6219778833034212973 9.637931076415059195
40400 3.6470533041459485268 9.7582237897686692207
40500 3.6353065474601433671 9.2747741462736499329
40600 3.5900685592379719679 8.1842361212728995667
40700 3.5086918273370115706 7.0272520225180103992
40800 3.4552355649198620569 6.2303731316223895931
40900 3.3367326630612326177 6.0057095532812700966
41000 3.196878594312817512 5.2413050448815203808
41100 3.1025971267281455823 5.3518457481769496908
41200 3.0173416449415086937 6.2050076358253098974
41300 2.9677570819271799074 6.6563475324814502798
41400 2.9645552695120285236 7.2872684361522397367
41500 2.9671963881873342217 7.5559371685726599566
41600 2.9156805159903411706 7.6753788687683499603
41700 2.775952008622796896 7.6842168737822698077
41800 2.667965370787346302 7.5242632036966696774
41900 2.5746924504798167632 6.7748939132250001194
42000 2.5072425937845905786 6.1544877325119502487
42100 2.4717313310994004638 5.4646543450682800724
42200 2.4033862569252604224 5.1067757440814300907
42300 2.3622054942468015959 5.2778640855448699654
42400 2.3339708907568126328 5.9720866816017901257
42500 2.3089540303078974759 6.3432787537001500411
42600 2.3302862963138442076 6.3738563220241699625
42700 2.4117540106864896465 6.3116471342976403491
42800 2.3758546930933994723 5.8126111916567095861
42900 2.3962372800082940572 6.1328402279450395795
43000 2.4413091231792227731 6.4922135693216800334
43100 2.4360661210097163121 6.6928731865755297648
43200 2.4384997183695928946 7.0219889133046402563
43300 2.475382290418621789 7.0785711845202801129
43400 2.4834390009880316086 7.5470795240385095681
43500 2.50540365361039985 8.2504220990708603267
43600 2.5310082457516953625 8.6390833351474203283
43700 2.4989365641707821375 8.9487064538006695358
43800 2.5027527211372899707 9.3646450562845497956
43900 2.4802948128481729917 9.0954414601161204246
44000 2.3800789933523600617 8.0388967518334908391
44100 2.3307699672370150168 6.7178250610407799215
44200 2.3539701290169370296 6.2894985145591597586
44300 2.3622817858162821203 5.5394107039707201068
44400 2.4158862182297404786 6.8370131594877996406
44500 2.5013513387013341926 6.955684855595129612
44600 2.6844009760071085857 7.5799477707303397622
44700 2.8039033104907304939 7.3315370135229001036
44800 2.8820255912372463314 6.9161210700411803742
44900 2.9228172214910870252 6.7898912607981500855
45000 2.9829440558443911513 7.0838397117847202722
45100 3.1116700323831603114 7.676840072902609613
45200 3.2280026090770888025 8.1129029414597901848
45300 3.2876852951266628544 7.9790435093585401205
45400 3.3698301391845633113 7.8664686147504898628
45500 3.4139926038005037334 8.465675742434770612
45600 3.4887871933609284625 9.1952341624260593989
45700 3.5560143502155567852 10.097017991150499583
45800 3.6112876479688655884 11.116667514014800133
45900 3.6303458954039737883 11.638115542653700629
46000 3.5991006160411824766 11.139139904412399318
46100 3.6012863783080342195 11.061879011363700442
46200 3.6111755172478692266 10.337708412155700799
46300 3.6288370905925928511 9.4012201983814804862
46400 3.6183990483871046884 8.1967625303420295069
46500 3.6408406711476533069 7.9918175131610498241
46600 3.7172501315900676744 8.9709296612787898795
46700 3.7675646677257264017 9.8163358906223905365
46800 3.7928288740764783959 10.502547728865099685
46900 3.7821012567923864012 10.992417469390700191
47000 3.7707214543355376257 11.189537762796600617
47100 3.7247702095498844699 10.801822468662500398
47200 3.6793968795021347873 9.920772642822930365
47300 3.6586464015610471456 10.464539353019199908
47400 3.6156618929027013465 10.907369627988300564
47500 3.6014860850240326684 10.896422203583199462
47600 3.5552086031997269799 10.959553036867900389
47700 3.5191478710214836312 10.461020150749000379
47800 3.454441687596292887 9.4120550231480706316
47900 3.3338932777724736845 7.8237356695662203521
48000 3.2313020895487949424 7.9088980128489998478
48100 3.1450290842002917024 8.44527988273764052
48200 3.0756656054463697991 8.8023527568637494056
48300 3.0361307410990852063 8.588561379822349906
48400 2.9458531245304753199 8.7008693533433305589
48500 2.8140176610129250534 8.3007302402753104786
48600 2.7034024662691260588 7.1386519616718198122
48700 2.6766923801399040705 6.3617096915912103583
48800 2.6299706263127760053 6.4893736985230603409
48900 2.5455897215164502434 7.1490805094245901685
49000 2.4884233396638890667 7.3145779615441997024
49100 2.4294984626925013593 6.6961618744175401829
49200 2.3390022367329197372 6.6024289834846996428
49300 2.3106672222797275396 6.7020910486338998169
49400 2.2806345376529906233 6.7218993689819903636
49500 2.2232365904982929194 5.9389843159953299434
49600 2.1595717760581072397 5.3622723254419701888
49700 2.1563116374027657685 5.3317569549529499895
49800 2.1484099105230978211 5.0069046085418200676
49900 2.1794197390445058105 4.9244354737043698478
50000 2.2278770919887573854 4.5404202616860596109
50100 2.2402879405035878158 4.0903083762977798798
50200 2.2738251054663520812 3.4418504209719098519
50300 2.2546263506528485543 3.4328934898102700934
50400 2.2454066632146347793 3.8020197505847401764
50500 2.2118199888357112926 3.0962445545972498984
50600 2.1692227542013187147 3.5074590779325198753
50700 2.1465166233532442241 3.0292906978314699806
50800 2.2101284943583974218 3.666726843608389963
50900 2.245473472371182222 3.6721608463618697904
51000 2.3090811944574567427 3.8936609047138501793
51100 2.3281374455692733783 4.7882197500218302011
51200 2.4556812976591260167 4.7080729008860897622
51300 2.5170462368025692257 4.7267787296013503706
51400 2.5543174125907777139 5.6697495174603398382
51500 2.5900157523184095254 6.2446654974755899659
51600 2.5855287307091536775 6.7208148327996202198
51700 2.5894760960139486805 7.1722705047525900923
51800 2.5326146416887636015 7.6591671996619501428
51900 2.4851119271916792819 7.6157478309952999496
52000 2.396153894359406511 7.4422081950475300616
52100 2.3657116134165900867 6.9678101606727702588
52200 2.3948533956444957305 6.5851574398174097524
52300 2.4058511502343082888 6.1333856841727802944
52400 2.418639936276326452 5.6689012188176803875
52500 2.4985350653793387821 5.7147452244553296197
52600 2.5023541165119005392 5.4467107923053301732
52700 2.4408666918032801973 5.5068886776552599116
52800 2.3984920160609286555 5.774346913924979674
52900 2.3632121724696695253 6.3620780756945496393
53000 2.3789233912333052068 6.431270777356259849
53100 2.3013055012065772864 6.1172050851008803463
53200 2.1877602938034574898 6.176172248319610425
53300 2.2032951286641524469 6.3900210924925602285
53400 2.2717150456275621018 6.5194457836134400708
53500 2.3295211486915485821 6.3699539619609701901
53600 2.3917172910576121048 5.9967003242802503493
53700 2.4315757277462766162 5.883937001138780154
53800 2.4388254581450272696 5.8886956977113600331
53900 2.4446696108342629294 5.9966917085410198496
54000 2.5146668999039651915 5.4899993983390302787
54100 2.5425676061961870467 4.7964690273324803726
54200 2.5213036451497621293 5.3449021866528996227
54300 2.5194575348980370322 5.8542860951380095713
54400 2.5833260729187816906 5.978319679078030191
54500 2.6291206738095707074 5.9411777020818998807
54600 2.6452195752080736035 6.9434530410211898754
54700 2.6535822173297693993 8.0717930671882101024
54800 2.7018174737171745114 8.2221923336986293407
54900 2.7253665695518765055 8.5653814052683898694
55000 2.6810691139484754686 8.5327594782900693104
55100 2.5884954601514769124 8.1307100409929908835
55200 2.4735736463716073708 7.8412746306263203522
55300 2.4752838514788431112 7.0843602178280100645
55400 2.4771261435160889519 5.8867379664708696652
55500 2.4176637155447888716 5.3807197252459602055
55600 2.4117181214205341 4.3246248636037298851
55700 2.3811797918905299731 3.9611588827394599299
55800 2.346452242690067802 5.0771622745318003567
55900 2.374080719411884921 6.3004045023824097882
56000 2.3628016165428795681 6.1656954015409599634
56100 2.3633364373074736697 5.478828845796569702
56200 2.3614052105574461216 4.5504480202651800269
56300 2.3599653955810899753 4.2226665424435703144
56400 2.3517237103957686628 4.8417981421947198228
56500 2.2919099806377296602 5.0501207144656596881
56600 2.2433350335083175331 4.9758199447585198527
56700 2.2252376553072816812 4.8487810591693998319
56800 2.2348374444298824137 4.4965161460537297344
56900 2.2651124533221809187 3.7407880188989199866
57000 2.3618950138136969308 3.5976246348896498972
57100 2.4129680464566960474 4.0523995935279897296
57200 2.5360399552647243659 4.746856376970270297
57300 2.620754389585214561 5.5096634844713099355
57400 2.6796806773026231596 6.2099590727419400338
57500 2.7909588196342580702 6.8498069693407703795
57600 2.8656458736287380162 7.6900998195821399506
57700 2.8755779088004023158 7.554741189313250338
57800 2.8307836566206563411 7.2909841759782203496
57900 2.8110503093278311759 7.4187110350911895651
58000 2.8046844759810829473 7.7191265644910798116
58100 2.8201802690497728143 7.9226584606064998084
58200 2.9317264200881183456 7.7487777542165803268
58300 3.0269032782177029972 8.4124285354824301919
58400 3.0846148714010643843 7.9580413257052500242
58500 3.1263924088707715221 7.781723523876610038
58600 3.0976850019819228699 7.3654543555753395623
58700 3.0727689003976430548 6.8688450444927697802
58800 2.998988255329576802 6.2324149754633300091
58900 2.9407730458966119258 6.0999259628325601668
59000 2.9011374895246402339 5.9015109214698000528
59100 2.8620218496838325528 5.8172246034876202714
59200 2.7730390683954908582 5.631355883884020308
59300 2.7043167805047771957 4.9675047751348300196
59400 2.6484356020002808307 4.313693956536369889
59500 2.5703563906719941734 4.1209675679111299473
59600 2.3978172912058930422 4.0844719691923296878
59700 2.232615038696796006 4.0181014853040100121
59800 2.1207955530509123854 3.4402492653383300869
59900 2.1006584542574220364 2.3985720570694799569
60000 2.1276638705798918139 2.3598569754846501212
60100 2.11751015584763147 2.9379050506661399389
60200 2.0749065859007331802 3.2979496763420201866
60300 2.1479440448736561997 3.4060791450894698507
60400 2.2641610101385447607 3.3949954935216100083
60500 2.341684208477824658 3.8393405438978001065
60600 2.3744273682490830701 5.1978896134480896407
60700 2.3610545491072829627 6.2275914826239597843
60800 2.3401155828940525261 6.7640679833096299944
60900 2.2604999177007867317 7.0808045643628396704
61000 2.2097304358808491642 6.6937694256028299478
61100 2.2664870949993356497 5.8687948367200402089
61200 2.2705918500795760906 5.3079660898183300688
61300 2.2568317212853017395 4.4146627114476402198
61400 2.2445720506761159818 4.0071323964498102299
61500 2.2692014383755192419 3.5033439062411502185
61600 2.233148781672495975 3.5850173863523098206
61700 2.2377724216098839882 3.5833010131607099247
61800 2.3492159020926255408 3.4192049044724801554
61900 2.3531841928871348735 3.6853240313061799149
62000 2.3498134912985553235 4.4948144980613102817
62100 2.3818619937046352497 4.4628211411716796064
62200 2.4197339617148649893 5.0127431793657599712
62300 2.4384429862836816127 4.6485540209508897647
62400 2.4682583252156127251 4.4742871209225203444
62500 2.5184726411180577976 3.9822581869460500492
62600 2.5401571266011919725 3.696841838229750099
62700 2.590360407110310792 3.117665977725399884
62800 2.6395173449000988164 2.7965939111662798666
62900 2.6658054719255477316 2.6761351032213700485
63000 2.6973485814617714773 2.3414680906858600373
63100 2.687850734257823504 2.7465503416875400866
63200 2.6936121047385492844 3.2748823209619000174
63300 2.6690836432273701284 3.7575412945848798429
63400 2.7045232707165807184 3.4833213291349198748
63500 2.7091177049490955397 2.7743463808116000102
63600 2.7241429010253965792 1.6140266017541700094
63700 2.6772747195119586117 1.4373459649968700624
63800 2.6081875890675880747 1.734407657409489989
63900 2.6020585660688646534 1.7956995294026900645
64000 2.6254391267378331953 1.8321611371173400773
64100 2.7114612939012237014 1.477144213703760034
64200 2.7966332830728246606 1.1452915514290999965
64300 2.8556407463722259799 2.3949903651519499626
64400 2.9114346413292495619 2.7575493283594298966
64500 2.9375877369473140099 1.8429231299718700221
64600 2.9737229075895843522 3.187665144202899814
64700 2.9947372018036912955 4.2132391161782800637
64800 3.0171423625816635727 4.0659137718672395678
64900 3.0135503726303842775 3.283517987593250087
65000 3.0303499844209369485 2.5035660313351399964
65100 3.0757643166499546439 2.2233201594814500091
65200 3.0655356279488490401 2.0065499433209801339
65300 3.0295355001805077677 1.5275279973733999483
65400 2.9461455740137512116 1.0117243836725999806
65500 2.8565120628858360341 1.7880598467340000912
65600 2.805883114932511635 1.623107195531789948
65700 2.7563773850211892302 1.0866140301109099564
65800 2.6903551381377539542 1.6774274950325900324
65900 2.6204774478422661055 2.1049204911328898149
66000 2.5625793031667272182 2.0568196798937901093
66100 2.5896205047405334021 3.0884175875532902111
66200 2.6904578223551065541 3.8754545480843201055
66300 2.7424892324841723124 3.9183263062223900874
66400 2.7971100428058059961 3.8021290530944900077
66500 2.8722798411464429691 4.8542741193780898357
66600 2.9122770491162075501 5.8222651255337503073
66700 2.9033646923047164989 6.1394944733967200534
66800 2.9017145880878691955 6.6981450615086401967
66900 2.9034978695045774444 6.6527819607319900186
67000 2.9270480922595329965 5.8756297719517895928
67100 2.8985953393172372294 4.9664498077972396572
67200 2.84955471229256041 4.3117915153768100467
67300 2.8031620010985576208 3.6179295039467400663
67400 2.7375482613264292553 3.7771759448885600108
67500 2.7424018374409251386 3.9003134378333301768
67600 2.7768146969722815598 3.077702307865509912
67700 2.7988244000408726286 2.866930719439869879
67800 2.7783212896794196034 3.6898914572664698319
67900 2.7036890219114022571 4.2380973714519596385
68000 2.6067392476406316959 4.0212054290593997052
68100 2.5829383227545057444 3.0104656396928000106
68200 2.5685218852169988679 3.2618836287341901325
68300 2.594399831946267998 3.0807741273856299458
68400 2.550403733129562589 2.8476440923787098569
68500 2.5203578974595819417 2.8772366324523699355
68600 2.5666860014145398416 3.6705970299428600789
68700 2.5473422190375090146 3.35408127097930997
68800 2.5649261078823499815 2.9451196339938898738
68900 2.5895910912578030683 2.6334574066022597982
69000 2.6870450864954600334 2.6743034243106298398
69100 2.8139744541236941799 2.724171882189819982
69200 2.935757438506624073 2.6180512429744799974
69300 2.943523823553351626 3.3829230789577700023
69400 2.9707378471273742093 3.6935660079184899907
69500 3.0190228655630106935 4.0685812587622498526
69600 3.0053992049207431947 4.2660468443258601212
69700 3.0196188188628911853 4.3083888396022302913
69800 3.0506834826242843484 4.1584141069863296281
69900 3.0521238734365851997 4.0062752609611296251
70000 3.0910594540781217709 3.6322338043882398395
70100 3.1593221684059016319 3.0581798954595798001
70200 3.186389497102046775 1.8688852799055599707
70300 3.1979659743848700693 1.3940203461092399717
70400 3.1732099567455245293 1.2605689367805998913
70500 3.067114715283750126 1.0821425727821301077
70600 3.0445630971943633547 1.4686730548389099749
70700 3.0158033571120195226 1.3756463556654801028
70800 2.9275431486592586872 1.6247985441609100743
70900 2.826233244657996746 1.1302980676516500846
71000 2.7454613973383903414 1.395351950412869968
71100 2.6817301762793079867 1.555835877187200067
71200 2.6507410026779192336 2.4467848289680698137
71300 2.5922468127512607872 3.023370520203680023
71400 2.5968492011196673275 3.5206300028934500723
71500 2.5825624136815621412 3.4063652361026899307
71600 2.5429581125714095791 3.3024115798756801254
71700 2.4445729831668039367 3.3585786887167099479
71800 2.3950129316907116106 3.8825522335105300265
71900 2.4189935695239319635 4.133865195631000411
72000 2.5066830350066222621 4.0210431418806900083
72100 2.5843494026414073339 3.7905774117387900368
72200 2.589221817081524879 3.9141181929535702189
72300 2.6553680694562769027 3.466460297793419798
72400 2.7047510332865529747 3.5931851486923900296
72500 2.7391108766042870926 3.7664186808727602163
72600 2.7177952135653162813 4.1057029797573401098
72700 2.7157918480146294726 4.5390750978547496075
72800 2.7083142684722814053 4.8661381164278498801
72900 2.7005564706556888233 4.6973324662514501782
73000 2.7419958525487873047 4.7650836489721397626
73100 2.7857358674290155776 5.0472080470834796984
73200 2.8406474438469837551 5.3124524488371598352
73300 2.8510103256449781384 5.3315978121242295629
73400 2.8875762089612155847 5.8262590678029395619
73500 2.8702479754178975568 6.4628208945538601071
73600 2.9121927745079814187 6.7214108854575895791
73700 2.9580508582980291621 6.8272880651348195613
73800 3.0536240854728871064 6.6758821539647499321
73900 3.0836295221245957343 7.376750311761890444
74000 3.0660452956103880773 8.4338787334960905184
74100 3.0562590841940506792 8.651210154302260591
74200 3.1328738368525614888 8.838783112807240272
74300 3.1561667871869123481 9.1883953047979094464
74400 3.14600158307869604 8.9699730236349495271
74500 3.1480013888275251155 8.8968764390997794322
74600 3.1624983994145963173 8.8538240349118293437
74700 3.1406805124603329737 8.4093833174090999449
74800 3.1291576667472891238 8.2097952393352997547
74900 3.0982544106486131774 8.0649380728041606403
75000 3.0481154065386748542 7.9890383487343497038
75100 2.9692745875182966486 7.8867585553517498553
75200 2.9071106338921790524 7.5130007895254600214
75300 2.8847201242739131111 7.8024904063939297671
75400 2.8430211219836731829 7.8388964051430400914
75500 2.7775287601790310532 7.8720667032270004171
75600 2.639279419336311161 7.8526032469190703011
75700 2.4959910597811267863 7.3038381587878298262
75800 2.3868619352704727454 6.5719647419145399425
75900 2.4268570237876776474 5.8486792123001798416
76000 2.5820892403066562082 5.9502421721981297864
76100 2.705967612026816127 5.8812457940127895739
76200 2.8395285152116205296 5.8878832837816101886
76300 2.8925177488137561177 5.4450851699434803521
76400 2.9054327302226883312 4.652049576844380141
76500 2.9402642468957895794 4.2728671175109402824
76600 2.9757429007804092613 4.5205888926904096436
76700 3.0338571357752717184 5.2002785166291296548
76800 3.0849287336152451111 5.3160095466675700848
76900 3.1115808447417903082 5.6588688118429102403
77000 3.1458972815632360032 6.0240363428762897513
77100 3.1522585945506951255 6.0411823255517900222
77200 3.1607170027853164207 6.4211077401932996622
77300 3.1757424943552177155 6.3692981659024798802
77400 3.1555893736769631275 7.1764070728105897601
77500 3.1333839065603146246 7.7645208451932301585
77600 3.0778738715125477654 7.6396720335901600052
77700 3.079435459706200362 7.6696502123692900099
77800 3.0441989578704911068 7.3573689138283100419
77900 3.0682697789136827993 8.1668564289565299674
78000 3.1052507573482865944 9.1064636057059100693
78100 3.1568933386918023309 9.1912220546298701862
78200 3.2090478169485736615 9.3424711150627199885
78300 3.206590982333393125 9.4760327584226793363
78400 3.2555218416976905438 8.9978440599708591208
78500 3.2939574166315490622 8.4764398465170902597
78600 3.3237284424257418358 7.4518161810211998031
78700 3.316171461593069747 7.279374927643419646
78800 3.2844670443689691908 7.5758338604107198222
78900 3.3365088071976454209 7.9180119967037496664
79000 3.374763122501702739 8.153040545005350026
79100 3.352568557138107419 8.0503570943549895844
79200 3.3215460400348413295 7.8873034039050100574
79300 3.2941484138276866389 7.4895509555296300164
79400 3.2846677168720854745 6.796080761708529927
79500 3.2485766627539982565 6.1034995674728600434
79600 3.1122133130847946525 5.4765168592614204002
79700 3.0168485783988328031 5.4277264154296602783
79800 2.9330140112216422921 6.0548957966411700582
79900 2.902632706982116062 6.6687548912944203394
80000 2.8171234837051675193 6.9417366671996498795
80100 2.7314960630434188538 6.8772516949437800804
80200 2.619595092846815465 6.7821144258057204368
80300 2.5531858828374747183 6.9776292500341199343
80400 2.5238360531781722784 7.1812301681721901758
80500 2.4756456816141403365 7.1761447006423200179
80600 2.4637433783958337941 6.9495495685436097233
80700 2.4765211263103030781 6.4731835908089001563
80800 2.4512707153999757637 6.2522553794021602513
80900 2.4329598044254971967 6.8191130695964696784
81000 2.4575388444668555543 7.1992270463356904386
81100 2.4940706526323852543 7.9858000367052701662
81200 2.4865118608288461211 8.5818967238803800512
81300 2.5369338100633833655 8.9816407030098694975
81400 2.5846527766915041724 9.0558796209747001171
81500 2.5673178315694658025 8.6872651728216006006
81600 2.5464420761070272192 7.6559987013287296165
81700 2.4586434347207783979 7.070923426530629996
81800 2.4424778065278456296 6.9916103303412997505
81900 2.4156625811779162127 6.7081527471550304043
82000 2.3830515847333355595 6.6935620780990596757
82100 2.461717425590639774 7.1515338377382802193
82200 2.5633193713250830292 7.4594475041440295726
82300 2.6824297391450153683 7.323451735300180232
82400 2.7915668000348050626 7.2099726298520003809
82500 2.897527750036267058 7.4843851706339199481
82600 2.9909553612306565284 7.4980783139776496782
82700 3.1152520899363067564 7.3472000699746100594
82800 3.2550493659633934485 7.4154295481238303722
82900 3.3830177909513365897 7.6909746679209600728
83000 3.5010069571137556466 8.0247544428181196707
83100 3.5961744656413006105 8.5483395933684303003
83200 3.6606002820522616226 8.6283447365465306689
83300 3.7086520357415442284 8.6276311580185591765
83400 3.7383246260427385188 8.7838151612250694455
83500 3.7279018303640776288 9.0319547397737593997
83600 3.7198962852042307681 8.8525021728681405619
83700 3.6748526967780712482 8.9480448958345402133
83800 3.6217052108106155828 9.1502155910364795233
83900 3.5472787444960691694 9.5367489579746091977
84000 3.4908059157588162691 10.273051330476400622
84100 3.4555637230114806258 10.444751807919100628
84200 3.3928125305656831046 10.693811471774600008
84300 3.2771331905195926204 10.326674036730199902
84400 3.1687784407783228247 9.4609515228340406168
84500 3.0434647455687975359 9.4517182120198395268
84600 2.9034896535005492169 9.9207050329600701133
84700 2.7874893362539725494 9.6434437417404801351
84800 2.6638130710326066719 9.4614278940837994725
84900 2.595610597805933395 9.0524318943371095969
85000 2.5475407227868926974 8.8334006549203003544
85100 2.4511563821377957417 8.5133566425975093495
85200 2.467174666678902728 8.1522388294050305291
85300 2.5086569347997289547 7.4987268989569102473
85400 2.4390779423762323219 7.5523678574586501355
85500 2.4057227131990330804 7.4009852408372900356
85600 2.4462313307950078745 7.6618642763728699308
85700 2.4275601457935715999 7.4411880297852404098
85800 2.4111774879978478126 7.0008267145729004
85900 2.3816096335819763041 7.0037894285937500882
86000 2.3958015723813961273 8.065053331462090469
86100 2.4196329584873401686 8.7306280447258703958
86200 2.4379477896476666743 9.1466779464275393963
86300 2.3928910995432262077 8.6474451380157404401
86400 2.4186436905666441888 7.7451102113757501755
86500 2.4170653755558304532 6.7369613341319798394
86600 2.3744939629564973949 5.5845081248052599321
86700 2.3438279351635418202 4.9997859445562902181
86800 2.4321929732249603084 4.619795623020779729
86900 2.4851730806210596825 4.8607143879612095816
87000 2.4723585277635993229 3.6938802109278898733
87100 2.3679567880454484019 2.957804740511690067
87200 2.2539798606382834834 2.7886597379321398371
87300 2.1250939427389572423 3.1822113520613202198
87400 2.1356100916203799578 2.7730438640262899952
87500 2.1893141945323413289 2.4154061844076197829
87600 2.2093046369884703495 2.6712325665936798025
87700 2.1893083449014332231 2.9961297508088802211
87800 2.200702368272759113 3.1724110741615700881
87900 2.2305919976862593757 3.6852074832813599414
88000 2.2669529790232574307 4.4291017197257600557
88100 2.2355583623357069278 5.0966488338661504187
88200 2.2267641482447135814 5.6742741118869899353
88300 2.1936025569151373915 5.9540804642766396171
88400 2.2428488493416773863 5.574544869471849573
88500 2.2138935641686177114 5.4415015883647503969
88600 2.1793077296028342538 4.8489011592725299593
88700 2.1520642117248049985 4.3948824235011203498
88800 2.230514926137523446 4.6210787816682703522
88900 2.3345661236274999339 4.8841276452660098428
89000 2.4495237433060617072 4.4302507351511195566
89100 2.5361576945419139761 4.0323240372854103342
89200 2.558064926974052522 3.8507199387185000461
89300 2.6015242911600209297 3.2243954826824299253
89400 2.5924536166471021659 2.392957208545670067
89500 2.5817358087686139712 2.2515659969396000228
89600 2.5587380458010908768 2.769034498828370161
89700 2.4712159887058744445 3.4088461728883099333
89800 2.4120281745010410113 3.6756248816236598564
89900 2.3231373643351944658 3.9558220368085299512
90000 2.3217442922455684418 4.2463172790136596291
90100 2.4191807751174931873 4.9899905539876696636
90200 2.5371418675745629479 5.531980547469710352
90300 2.5896154489132450216 5.615127585327710058
90400 2.6276792586561716902 5.2768412778366897697
90500 2.6321728396372088277 4.9826387166579300114
90600 2.6247047076614959948 5.3439870538897498164
90700 2.6050517550687257717 6.243620949002700371
90800 2.5786724028451732948 6.1409782394801197825
90900 2.5838946213331377422 5.1927451496690597565
91000 2.55156745679366459 4.9811844342106699202
91100 2.4872724499280294275 5.39727965104427998
91200 2.4743107064710656573 6.1596144097472800283
91300 2.5271077914050446012 6.1416908155934200053
91400 2.5001516130104954883 5.6141243169458299178
91500 2.4526289626811466071 6.1922121334638697832
91600 2.4198503520971037517 6.4954237462377397705
91700 2.4141538260351511624 5.8042957929095697622
91800 2.5162104476986484336 5.6036855076994900315
91900 2.6056987185259390394 5.675237688156220095
92000 2.6598075748079819114 5.6591343732722396709
92100 2.6715451802229917 5.1671018057418702796
92200 2.7280990652016487985 4.9272366729558303433
92300 2.7835513309238546498 5.2718861443699296387
92400 2.7829769285695249437 6.0700069288397395795
92500 2.8557762835623368147 7.2054413199671198953
92600 2.8940817697900973471 7.429034717946660038
92700 2.9282042968733357213 7.2617379934828196753
92800 2.9711288645607809578 6.9596432612891003799
92900 2.9249276363830638559 6.8007472390417298413
93000 2.9070079975639631087 7.2525827284625998814
93100 2.9496829995032527449 7.3358291741949503972
93200 2.9900163503206309557 7.9298544250697400315
93300 3.0081235791666696144 8.1250332273086804946
93400 2.9724566652699193625 8.2705496513809801939
93500 2.9432720172445239193 8.1008831815291006961
93600 2.8866349875953933868 8.0205652677105501169
93700 2.8388903299714733919 8.0997888822080099658
93800 2.8510841114880642877 8.1855570658720893107
93900 2.8493007904602429825 8.3741618853015804547
94000 2.828320334979646411 8.0913839070144195631
94100 2.8403672214287354336 7.6246418324713403081
94200 2.9201532099537979015 6.8250039514865799006
94300 3.0615223833311873136 7.0351291897927401564
94400 3.1533410409130384622 7.524814296017010129
94500 3.2386895796597880981 7.8528726855015902331
94600 3.3077354663473239604 8.4528948654276696573
94700 3.389865942153766909 8.8914705026054594583
94800 3.4368241736347311388 8.6043584435902005225
94900 3.516832794763929293 8.239583892777130103
95000 3.6072864076887389828 8.4775161580140903084
95100 3.7136928868543219728 7.87921213059293013
95200 3.8125624180425705667 7.5494593190875995958
95300 3.9111480050965869992 8.0895031370974201934
95400 4.0280311386759457548 9.2115493804442003523
95500 4.1667383364038217408 10.511685734443300788
95600 4.3008747989991649163 11.393200076800100717
95700 4.3957932247075808263 12.067111540035600825
95800 4.4555194997552876046 12.678239693051200021
95900 4.5056821187854412258 13.016323877733999126
96000 4.5439678048633451724 12.587134064487500495
96100 4.5551158836318412781 12.074824592242199728
96200 4.5509888565324230214 12.085709477101099552
96300 4.5623987961672645142 12.019973610399999231
96400 4.6071661071173908297 10.505758445687499503
96500 4.6365332484315873174 10.209007330707699168
96600 4.6404038984832078896 10.739684477501599602
96700 4.619537328672762122 11.609888230514700425
96800 4.6060764259036197643 10.902560109402900324
96900 4.5375214317132801511 10.299034958740000079
97000 4.5001890712883234613 9.6042308277655301652
97100 4.4855416956198537193 9.2748396583461207854
97200 4.4847484629952862889 9.3682185295455404628
97300 4.4167738801527667292 9.9388106522380503804
97400 4.3204658128348834012 10.456483382760399792
97500 4.241691584313691088 10.542204045198699802
97600 4.1883225852699261793 10.979003537455300332
97700 4.2027816319932913558 11.466359695317100531
97800 4.2076538685890518821 11.891470065717999915
97900 4.1971985768968433916 12.059101799895699969
98000 4.1535297429912061418 12.251555346310199823
98100 4.1130280661443885393 12.518839730839099289
98200 4.0644808570665720282 12.791844912405000656
98300 4.0080257091416040538 13.130260999294499413
98400 3.9432557278282125424 13.094588773883099719
98500 3.8463555484261604533 12.743042899068500518
98600 3.7226354209633623071 12.19436123517199988
98700 3.5772801538444731762 11.891913057704400103
98800 3.3916781444713359761 11.207706983442799142
98900 3.2232315186498441406 11.411260430657199194
99000 3.0814043002477866651 11.201162130936500816
99100 2.961064540829533076 10.373168044988899439
99200 2.8544328244394745475 9.2106195031450699418
99300 2.7101637664302988817 8.1381369468190403182
99400 2.6233947798601726653 7.3613910342331800862
99500 2.5664200149481959379 6.6537599602832395718
99600 2.4841059978306292422 6.0768703126963101724
99700 2.4622242046691344974 6.0124954470939897533
99800 2.4085038227649011588 6.3318194736181503401
99900 2.4649078535739379348 6.4042051784971603112
100000 2.5191920566483578803 6.4052995853421696992
